{"LoopMode": "Wrap", "FrameDuration": 0.005, "EnableCycleOffsetPosition": true, "EnableCycleOffsetRotation": false, "Debug_info": [{"left_foot_pose": [0.9547435384602395, -0.29719894778147365, -0.011728648942099015, -0.022195476470165485, 0.2974302872412666, 0.9540009446407145, 0.03764866340527113, -0.0016789498238425973, -9.793039766886193e-10, -0.03943327354164774, 0.9992222059871321, 3.4258841596912504e-09, 0.0, 0.0, 0.0, 1.0], "right_foot_pose": [0.9886211454099951, -0.15016352629804997, -0.008896416017928227, 2.0949025621858075e-09, 0.15042682888444198, 0.9868906923620142, 0.058468200596522524, -0.14754999976060781, -1.0144019384035028e-09, -0.059141159093809306, 0.9982496297525185, 3.512193903765226e-09, 0.0, 0.0, 0.0, 1.0]}, {"left_foot_pose": [0.9547435384177035, -0.2970526456077437, -0.014983377025352573, -0.022195478817997574, 0.29743028737780525, 0.9535313178593787, 0.04809625777244686, -0.0016789499162676424, -1.3741692821255406e-09, -0.05037610146485675, 0.9987303181546074, 2.892349325323007e-09, 0.0, 0.0, 0.0, 1.0], "right_foot_pose": [0.9886189702254147, -0.15007107853616583, -0.010545287925517842, 1.0381686732900425e-06, 0.1504411237342578, 0.9861872849913025, 0.06929723811998137, -0.14754976057939273, 1.1760447483842802e-07, -0.07009500915525774, 0.9975403198324918, 1.1922894470751955e-05, 0.0, 0.0, 0.0, 1.0]}, {"left_foot_pose": [0.954743538411434, -0.29688170121963325, -0.01805633801610335, -0.02219547908813458, 0.29743028739793054, 0.9529825907114221, 0.05796038249814742, -0.00167894971188004, -1.1780436585897807e-09, -0.060707802479445426, 0.9981555804172604, 2.582177228982463e-09, 0.0, 0.0, 0.0, 1.0], "right_foot_pose": [0.9884666463980198, -0.1509442118727916, -0.012228403851419583, 7.351695148931988e-05, 0.15143873004361985, 0.9852394781602591, 0.07980903280503795, -0.14753305316446189, 1.1946722191124422e-06, -0.08074042095878509, 0.9967351626294573, 0.000817878113236005, 0.0, 0.0, 0.0, 1.0]}, {"left_foot_pose": [0.9547435384068852, -0.2966921877268201, -0.02094090762537771, -0.022195479300676814, 0.2974302874125322, 0.9523742572567191, 0.06721977569444919, -0.0016789495650947443, -9.632919280632815e-10, -0.07040610667113116, 0.9975184109295502, 2.3053085065893875e-09, 0.0, 0.0, 0.0, 1.0], "right_foot_pose": [0.988080483684314, -0.15329435582667636, -0.014064076004344997, 0.00025515924651424286, 0.15393816211728087, 0.9839495628960364, 0.09025685525572463, -0.1474911883562219, 2.474951643980742e-06, -0.09134603520888832, 0.9958192114261961, 0.0027443407205132095, 0.0, 0.0, 0.0, 1.0]}, {"left_foot_pose": [0.9547435384039594, -0.2964899033046882, -0.0236328820558261, -0.022195479460457735, 0.29743028742192373, 0.9517249294864581, 0.07586094329830913, -0.001678949477006409, -7.34975652685236e-10, -0.07945688033376273, 0.996838303922771, 2.04633857081582e-09, 0.0, 0.0, 0.0, 1.0], "right_foot_pose": [0.9874645380502215, -0.157017710692339, -0.01610045409915376, 0.000538937250746347, 0.1578410151949961, 0.9823164285551884, 0.10070078506542202, -0.1474257863295897, 3.93383290367029e-06, -0.10197976622603266, 0.9947864732016658, 0.005588802154750418, 0.0, 0.0, 0.0, 1.0]}, {"left_foot_pose": [0.9547435384024691, -0.29628051042157494, -0.02612728503050656, -0.022195479570453966, 0.2974302874267087, 0.9510527837734991, 0.08386791161072611, -0.0016789494455804318, -4.993106934475892e-10, -0.08784339258595346, 0.9961342973610493, 1.797541955561588e-09, 0.0, 0.0, 0.0, 1.0], "right_foot_pose": [0.986618129113746, -0.16200933546837804, -0.018375051705668777, 0.0009178232239300573, 0.16304805203778586, 0.9803365968823987, 0.1111552497173242, -0.14733846714896437, 5.5475161479236175e-06, -0.11266380090398068, 0.9936331656779042, 0.0091487585625162, 0.0, 0.0, 0.0, 1.0]}, {"left_foot_pose": [0.954743538402125, -0.29606914480382357, -0.028422480090998202, -0.022195479634011472, 0.29743028742781197, 0.9503743056600852, 0.09123542766777044, -0.0016789494646785395, -2.6378816913172143e-10, -0.09556014146203552, 0.9954236582298799, 1.5583427673271366e-09, 0.0, 0.0, 0.0, 1.0], "right_foot_pose": [0.9855371828252466, -0.1681635091446197, -0.020916392161257687, 0.0013847894503257626, 0.1694593202385671, 0.9780063465790718, 0.12160232249155077, -0.14723085062774569, 7.291010931916202e-06, -0.12338808793082029, 0.9923584935413298, 0.013221709698651309, 0.0, 0.0, 0.0, 1.0]}, {"left_foot_pose": [0.9547435384027015, -0.29586056442168646, -0.03051724591719715, -0.02219547965182356, 0.297430287425961, 0.949704768102363, 0.09795957107576617, -0.001678949526825328, -3.206837398648977e-11, -0.10260302073388881, 0.9947223834499163, 1.323609673253845e-09, 0.0, 0.0, 0.0, 1.0], "right_foot_pose": [0.9842154810113974, -0.17537470944749511, -0.023740223750211356, 0.0019328082169960854, 0.1769742547774896, 0.9753267741840446, 0.13197650058134355, -0.1471045564377243, 9.135405350667408e-06, -0.13409472340831274, 0.9909685187081335, 0.017605156805358395, 0.0, 0.0, 0.0, 1.0]}, {"left_foot_pose": [0.9547435384039523, -0.29565935033750135, -0.032408709229278056, -0.022195479624678185, 0.2974302874219461, 0.9490588761859842, 0.104031118693862, -0.0016789496230977547, 1.9186615556184776e-10, -0.10896237006693811, 0.9940458751533536, 1.0920510121192883e-09, 0.0, 0.0, 0.0, 1.0], "right_foot_pose": [0.9826458160543932, -0.1835390638053455, -0.026844221878326257, 0.002554851798862499, 0.18549177897904345, 0.9723098881398492, 0.14214880005354813, -0.146961204170408, 1.1044688835207295e-05, -0.14466130610129066, 0.9894812309463397, 0.022096601373247267, 0.0, 0.0, 0.0, 1.0]}, {"left_foot_pose": [0.9547435384055964, -0.2954698018794817, -0.03409357784189702, -0.022195479554808068, 0.29743028741666816, 0.9484504306364054, 0.10943950270746196, -0.001678949743234427, 4.033201199192967e-10, -0.11462712071284929, 0.9934085882440736, 8.667870657341759e-10, 0.0, 0.0, 0.0, 1.0], "right_foot_pose": [0.9808210491249256, -0.19255605718312907, -0.030203218960359383, 0.0032438924514851556, 0.19491041384485638, 0.9689838515887816, 0.1519217757103854, -0.14680241334839825, 1.2973307536844612e-05, -0.15489499734419257, 0.9879309386943179, 0.02649354468836511, 0.0, 0.0, 0.0, 1.0]}, {"left_foot_pose": [0.9547435384073705, -0.2952958717020452, -0.03556858199455619, -0.022195479444604174, 0.2974302874109737, 0.9478921193653904, 0.11417422728275833, -0.001678949876487929, 5.982716252666956e-10, -0.11958627931630991, 0.9928238120629876, 6.525487789010853e-10, 0.0, 0.0, 0.0, 1.0], "right_foot_pose": [0.9787350704953948, -0.20233066644416073, -0.03376334104670042, 0.003992902410735574, 0.2051284026199908, 0.9653980731532409, 0.16102452853705448, -0.1466298034101152, 1.4864216941303187e-05, -0.16452617350522558, 0.9863727175924848, 0.030593487745300803, 0.0, 0.0, 0.0, 1.0]}, {"left_foot_pose": [0.9547435384090195, -0.2951412158338172, -0.03682985992861819, -0.02219547929721134, 0.2974302874056805, 0.9473956781236765, 0.11822289628644052, -0.0016789500114701575, 7.728977297707838e-10, -0.12382686214515883, 0.9923038386559255, 4.57012309940108e-10, 0.0, 0.0, 0.0, 1.0], "right_foot_pose": [0.9763836605305923, -0.212775736607937, -0.037435723044046625, 0.004794853904423177, 0.2160438547418821, 0.9616271488014122, 0.169110258459785, -0.14644499365220687, 1.6647802426408653e-05, -0.17320425109972493, 0.9848859259446416, 0.034193931282141495, 0.0, 0.0, 0.0, 1.0]}, {"left_foot_pose": [0.9547435384103042, -0.2950091525281977, -0.037873153926849305, -0.022195479116720273, 0.2974302874015563, 0.9469717584125497, 0.1215718425675616, -0.0016789501360707582, 9.23589487099599e-10, -0.12733455420128056, 0.9918598244239766, 2.9133918194590436e-10, 0.0, 0.0, 0.0, 1.0], "right_foot_pose": [0.9737652500303284, -0.22381378201020946, -0.041092929022618616, 0.005642719181086792, 0.22755491095680777, 0.9577704805709442, 0.17576822536039236, -0.1462496031639289, 1.8243102928811858e-05, -0.18050788772014617, 0.9835735367210732, 0.03709237585694641, 0.0, 0.0, 0.0, 1.0]}, {"left_foot_pose": [0.9547435384110095, -0.2949026152008746, -0.038693971237270745, -0.02219547890835864, 0.297430287399293, 0.9466297764147079, 0.12420664451878036, -0.0016789502374998481, 1.0470206692222958e-09, -0.13009425026774035, 0.9915016318934002, 1.7092170040422516e-10, 0.0, 0.0, 0.0, 1.0], "right_foot_pose": [0.9708815787656825, -0.23537729918149738, -0.04457002404620863, 0.006529470552922771, 0.23955992910080032, 0.953945522888729, 0.18055187545347898, -0.1460452507734395, 1.9562087529907303e-05, -0.1859716816899095, 0.9825551044225213, 0.03908632195655263, 0.0, 0.0, 0.0, 1.0]}, {"left_foot_pose": [0.9547435384109557, -0.2948240795917816, -0.03928788560596807, -0.02219547867840668, 0.2974302873994662, 0.9463776791863375, 0.12611309398850495, -0.0016789503023796832, 1.1402813262288778e-09, -0.1320910687016392, 0.9912375848247785, 1.1635786778541046e-10, 0.0, 0.0, 0.0, 1.0], "right_foot_pose": [0.9677382513056906, -0.24740646338007805, -0.04767304099347936, 0.007448080438000234, 0.25195768799310486, 0.9502729633037157, 0.18302627864638527, -0.14583355503496606, 2.0517629054225366e-05, -0.18913312002855867, 0.9819514562784097, 0.03997327016996781, 0.0, 0.0, 0.0, 1.0]}, {"left_foot_pose": [0.9547435384242874, -0.29485832928623146, -0.03903000752759761, -0.022195478551329455, 0.29743028735667154, 0.9464876196989171, 0.12528531406196927, -0.0016789501109655642, 5.332134389396907e-10, -0.1312240504145893, 0.9913527367152374, 3.780538382347487e-11, 0.0, 0.0, 0.0, 1.0], "right_foot_pose": [0.9643451946589134, -0.2599130797964697, -0.04983509294640286, 0.008391522187569297, 0.2646475866167421, 0.9471080542769144, 0.18151580763595201, -0.14561613465211395, 2.088532077291793e-05, -0.1882326339254487, 0.9821244702629557, 0.040000000044000526, 0.0, 0.0, 0.0, 1.0]}, {"left_foot_pose": [0.9547435384216908, -0.29484680785780776, -0.039116949498794684, -0.02219547843550199, 0.2974302873650066, 0.9464506361868296, 0.12556439550890314, -0.0016789500922113221, 5.424266772999263e-10, -0.13151636079821993, 0.9913140001242765, 3.205835596986617e-11, 0.0, 0.0, 0.0, 1.0], "right_foot_pose": [0.9607169780504188, -0.2725672415438907, -0.052249276768448, 0.009352767506928112, 0.27752997610438696, 0.9435520039542857, 0.18079471285784357, -0.145394611314229, 2.119363064904751e-05, -0.18819329071729968, 0.9821320099048925, 0.0400000000429535, 0.0, 0.0, 0.0, 1.0]}, {"left_foot_pose": [0.9547435384186008, -0.29486396978027096, -0.03898737197285279, -0.02219547832147415, 0.2974302873749248, 0.946505725473602, 0.12514845503545444, -0.0016789500723072438, 5.298522401649561e-10, -0.1310807040380498, 0.9913717007403885, 5.211323733655959e-11, 0.0, 0.0, 0.0, 1.0], "right_foot_pose": [0.956873109258051, -0.2853594594209455, -0.05444108464951667, 0.010324788594743214, 0.2905062001525873, 0.9399344131510589, 0.17924688741308664, -0.14517060468019014, 2.1254056264956033e-05, -0.18733199911750467, 0.98229665664447, 0.04000000007001422, 0.0, 0.0, 0.0, 1.0]}, {"left_foot_pose": [0.9547435384150903, -0.29490955139075903, -0.03864107080730439, -0.02219547821157074, 0.2974302873861942, 0.9466520412093119, 0.12403683734927366, -0.0016789500515952526, 4.956451701870269e-10, -0.12991639377978959, 0.9915249520951329, 9.777914589115255e-11, 0.0, 0.0, 0.0, 1.0], "right_foot_pose": [0.9528381523290271, -0.29819930560871777, -0.056361596860665886, 0.011300557779151335, 0.3034789202273849, 0.936274540459334, 0.17689129392167313, -0.14494573430882904, 2.106718460366121e-05, -0.18565333022098413, 0.9826153064826704, 0.04000000012474712, 0.0, 0.0, 0.0, 1.0]}, {"left_foot_pose": [0.9547435384112454, -0.29498286468124485, -0.03807736081218943, -0.02219547810777942, 0.29743028739853555, 0.946887374907525, 0.12222734300786371, -0.0016789500303393563, 4.4002357070234497e-10, -0.12802112632368026, 0.9917714410159316, 1.6911591571577844e-10, 0.0, 0.0, 0.0, 1.0], "right_foot_pose": [0.9486417807246562, -0.31099716547373035, -0.05796149524346369, 0.012273047387298824, 0.31635229007810384, 0.9325953816505893, 0.1737443026010658, -0.14472161975897144, 2.0637151475246336e-05, -0.18315735636685956, 0.983083609050019, 0.04000000020753045, 0.0, 0.0, 0.0, 1.0]}, {"left_foot_pose": [0.9547435384071863, -0.29508279437357104, -0.037295044368008616, -0.02219547801237022, 0.2974302874115667, 0.947208146556495, 0.11971612768246143, -0.0016789500088239054, 3.634394135444686e-10, -0.12539087511336378, 0.9921074177921999, 2.662059947478035e-10, 0.0, 0.0, 0.0, 1.0], "right_foot_pose": [0.9443187271535403, -0.3236641873395731, -0.059191514433494775, 0.013235229747258333, 0.32903212783594704, 0.9289237106126063, 0.1698193119567266, -0.14449988058887345, 1.9971625302108533e-05, -0.17983946645695123, 0.9836959722930723, 0.04000000031922983, 0.0, 0.0, 0.0, 1.0]}, {"left_foot_pose": [0.9547435384030118, -0.29520775176672137, -0.03629268761796522, -0.02219547792556607, 0.29743028742496547, 0.9476092564691363, 0.11649858873099904, -0.0016789499743714853, 2.6565239098788723e-10, -0.12202081933362727, 0.9925275410028439, 3.9252563699410103e-10, 0.0, 0.0, 0.0, 1.0], "right_foot_pose": [0.9399086388270027, -0.336113055489286, -0.05999803820148313, 0.014180077035506972, 0.34142605391845743, 0.9252923516687808, 0.16511303294691132, -0.1442821361586226, 1.9079858074144465e-05, -0.175676059475711, 0.9844480289802224, 0.03998808044800755, 0.0, 0.0, 0.0, 1.0]}, {"left_foot_pose": [0.9547435383986531, -0.29535699733014, -0.035057381735432984, -0.022195477846105253, 0.29743028743895666, 0.9480883307700123, 0.11253328917130521, -0.001678949830225561, 1.4139238579067255e-10, -0.11786755781747804, 0.9930293242468443, 6.012421463474915e-10, 0.0, 0.0, 0.0, 1.0], "right_foot_pose": [0.9354558453919039, -0.3483182298845808, -0.059973094402324144, 0.015100561106194002, 0.3534435754160571, 0.9218992160428767, 0.15868041610937042, -0.14407000350249347, 1.78670566034543e-05, -0.1696356277130527, 0.9855068510625214, 0.03918213207644926, 0.0, 0.0, 0.0, 1.0]}, {"left_foot_pose": [0.9547435383946559, -0.2955282346263777, -0.033583305856775034, -0.022195477796519696, 0.29743028745178807, 0.948637997965398, 0.10780154415660831, -0.0016789496637310821, -1.5694292573090116e-12, -0.11291152002705004, 0.9936050466081493, 8.767254491837129e-10, 0.0, 0.0, 0.0, 1.0], "right_foot_pose": [0.9310090258661557, -0.36020589997711555, -0.05893982844755888, 0.015989655497097903, 0.36499615544371494, 0.9187975743920254, 0.1502957877075662, -0.14386510341859887, 1.6341938725660906e-05, -0.16143954569127908, 0.9868826033626971, 0.037255685874439996, 0.0, 0.0, 0.0, 1.0]}, {"left_foot_pose": [0.9547435383912687, -0.2957175996091817, -0.031872828263347516, -0.022195477776129086, 0.2974302874626615, 0.9492458545722917, 0.10231095580239284, -0.0016789494901530786, -1.6112773831402184e-10, -0.10716066843158495, 0.9942417166571201, 1.1984723422009402e-09, 0.0, 0.0, 0.0, 1.0], "right_foot_pose": [0.926620800352728, -0.3716503065483463, -0.05700826252561558, 0.01684033225187498, 0.3759971969849325, 0.9159140554657674, 0.1404548000593957, -0.14366905657834153, 1.4599426632421682e-05, -0.15158328615903252, 0.9884444886507717, 0.03441124123402459, 0.0, 0.0, 0.0, 1.0]}, {"left_foot_pose": [0.9547435383887629, -0.295920677565966, -0.029928723557893586, -0.022195477784159392, 0.2974302874707038, 0.9498977294835298, 0.09607043050351345, -0.0016789493232236743, -3.3467063078494395e-10, -0.10062433160491194, 0.9949244915515275, 1.5491327734484805e-09, 0.0, 0.0, 0.0, 1.0], "right_foot_pose": [0.9223472440142555, -0.3825253377121829, -0.05431323473599436, 0.017645563477529373, 0.3863619563274911, 0.9131928613569398, 0.12962729909058063, -0.14348348338339997, 1.2731876771277004e-05, -0.14054594969228185, 0.990074156749379, 0.030851297668593118, 0.0, 0.0, 0.0, 1.0]}, {"left_foot_pose": [0.9547435383874264, -0.29613244660921334, -0.02775517920494866, -0.02219547781995257, 0.2974302874749941, 0.9505775025764718, 0.08909340990231326, -0.0016789491753714924, -5.189272787579027e-10, -0.09331658834698398, 0.995636487046995, 1.913376457274296e-09, 0.0, 0.0, 0.0, 1.0], "right_foot_pose": [0.9182473201232203, -0.39271021599049344, -0.05099554238581657, 0.018398321379679814, 0.39600739761954623, 0.9106054556741541, 0.1182194786279365, -0.14331000394247692, 1.0822125326689968e-05, -0.12874933146687176, 0.9916771700153811, 0.02677835462860806, 0.0, 0.0, 0.0, 1.0]}, {"left_foot_pose": [0.9547435383875119, -0.29634742190619245, -0.025357078633934237, -0.02219547788268828, 0.29743028747472, 0.9512675676855783, 0.08139556967224992, -0.0016789490571707654, -7.112427505670168e-10, -0.08525385738556158, 0.9963592624153615, 2.2793698317702393e-09, 0.0, 0.0, 0.0, 1.0], "right_foot_pose": [0.914382238151961, -0.4020928066434939, -0.04718577537530296, 0.019091578244126054, 0.40485197600146827, 0.9081530633936743, 0.10654994592392532, -0.14315023810296407, 8.939651423499495e-06, -0.11653063242874226, 0.9931870979960628, 0.022394911392368717, 0.0, 0.0, 0.0, 1.0]}, {"left_foot_pose": [0.9547435383892733, -0.29655975628106895, -0.02273954393658524, -0.022195477971862283, 0.2974302874690659, 0.9519491555332935, 0.07299335158436879, -0.0016789489782251775, -9.08354489493045e-10, -0.07645335986052677, 0.9970731586829715, 2.636126240906922e-09, 0.0, 0.0, 0.0, 1.0], "right_foot_pose": [0.9108147391725748, -0.4105703285987825, -0.04299437382126052, 0.019718306412221498, 0.41281534716506574, 0.9058632457472711, 0.09484339275461146, -0.14300580552510958, 7.140089914372362e-06, -0.10413349738920195, 0.9945633286375042, 0.017903466994692058, 0.0, 0.0, 0.0, 1.0]}, {"left_foot_pose": [0.9547435383930108, -0.29676304497584294, -0.019911580385787282, -0.022195478087169776, 0.29743028745706784, 0.9526017070188754, 0.06391566230535342, -0.001678948949033962, -1.102440197473913e-09, -0.06694537266601536, 0.9977566422122225, 2.9653827171571834e-09, 0.0, 0.0, 0.0, 1.0], "right_foot_pose": [0.9076083100157529, -0.4180477527817909, -0.038512750933205976, 0.02027147826232075, 0.419818002901795, 0.9037823850331679, 0.08324809273074524, -0.14287832576255574, 5.4678031431608436e-06, -0.09172500693841945, 0.995784375792395, 0.013506520197635305, 0.0, 0.0, 0.0, 1.0]}, {"left_foot_pose": [0.9547435383988597, -0.29695054407979843, -0.016886392638369555, -0.02219547822688577, 0.29743028743829314, 0.9532035743664728, 0.05420488842674044, -0.0016789489770693, -1.2890559297414055e-09, -0.056774291591288, 0.998387039085699, 3.2562342822117785e-09, 0.0, 0.0, 0.0, 1.0], "right_foot_pose": [0.904826326615351, -0.4244361267125466, -0.03381261606295653, 0.020744066164478766, 0.4257808340544503, 0.9019694288519621, 0.07184588205569971, -0.14276941825937217, 3.958098327957571e-06, -0.07940480941174728, 0.9968424530619758, 0.00940656957017072, 0.0, 0.0, 0.0, 1.0]}, {"left_foot_pose": [0.9547435384068758, -0.2971156414197281, -0.013677408163194293, -0.022195478388326133, 0.29743028741256217, 0.953733532672391, 0.043904131763680666, -0.0016789490684768552, -1.4646568001401343e-09, -0.04598526155177626, 0.9989421183031657, 3.501794833271621e-09, 0.0, 0.0, 0.0, 1.0], "right_foot_pose": [0.9025311254961201, -0.4296510115497564, -0.028940901592343526, 0.02112904249250252, 0.4306246248227572, 0.9004909752942053, 0.060650110551839616, -0.14268070237044353, 2.6393515805003735e-06, -0.06720127742805136, 0.99773943908471, 0.005806113884151323, 0.0, 0.0, 0.0, 1.0]}, {"left_foot_pose": [0.9547435384171036, -0.2972517317086559, -0.010304554672277916, -0.022195478565373045, 0.29743028737973026, 0.9541703791383244, 0.03307735969267002, -0.0016789492326711852, -1.6104975262360312e-09, -0.03464528209197112, 0.9993996720175411, 3.6680505507979966e-09, 0.0, 0.0, 0.0, 1.0], "right_foot_pose": [0.900783000831042, -0.43360962558370275, -0.023930691903588156, 0.021419379664322377, 0.4342694847804303, 0.8994144836655664, 0.04963467700249423, -0.1426137973687424, 1.5371912060451362e-06, -0.0551024425389969, 0.9984807062852411, 0.0029076531747665377, 0.0, 0.0, 0.0, 1.0]}, {"left_foot_pose": [0.9547435384292181, -0.297352428250969, -0.006805089338789475, -0.022195478746293157, 0.29743028734084365, 0.9544936126304269, 0.021844166728454562, -0.0016789494734052376, -1.7125712025351522e-09, -0.022879616713779024, 0.9997382273070446, 3.736768436346516e-09, 0.0, 0.0, 0.0, 1.0], "right_foot_pose": [0.8996391229766124, -0.4362285049661854, -0.01881860422130241, 0.021608050135827984, 0.43663422725367357, 0.8988032415226778, 0.0387722145216607, -0.14257032234847145, 6.773000266277103e-07, -0.04309784778028916, 0.9990708561039344, 0.0009136905952888616, 0.0, 0.0, 0.0, 1.0]}, {"left_foot_pose": [0.9547435384426741, -0.2974128769179507, -0.003218143152570287, -0.02219547891544238, 0.29743028729765014, 0.9546876515093036, 0.010330162326365256, -0.0016789497883769062, -1.7679658818919431e-09, -0.010819828974595389, 0.9999414639372455, 3.725713543234477e-09, 0.0, 0.0, 0.0, 1.0], "right_foot_pose": [0.8991523725525523, -0.43742358019847105, -0.013624331890697115, 0.02168802648842519, 0.437635705733786, 0.8987165522566375, 0.027991923242843157, -0.14255189638407312, 8.530208213858847e-08, -0.031131498298248104, 0.999515297438563, 2.673364120728272e-05, 0.0, 0.0, 0.0, 1.0]}, {"left_foot_pose": [0.9547435385359859, -0.297430024058407, 0.0003954900762953127, -0.022195480851328823, 0.29743028699812196, 0.9547426945106005, -0.0012695096905058693, -0.0016789505335434492, -9.633049225330681e-10, 0.0013296869010164067, 0.9999991159659825, 3.7310253567235385e-09, 0.0, 0.0, 0.0, 1.0], "right_foot_pose": [0.8991381556871353, -0.4375849803777297, -0.00836432515858407, 0.021690358028372745, 0.43766491404673585, 0.8989739400331348, 0.017183659498636622, -0.1425513601186241, -9.609979744536913e-10, -0.019111255561150696, 0.999817363277352, 3.967337174060059e-09, 0.0, 0.0, 0.0, 1.0]}, {"left_foot_pose": [0.9547435386017651, -0.2974038153569298, 0.003968136756937479, -0.022195482268629874, 0.2974302867869726, 0.9546585659616093, -0.012737619006073337, -0.0016789513013391426, 7.450513762304119e-10, 0.013341403496845127, 0.9999109995158246, 3.809067380955433e-09, 0.0, 0.0, 0.0, 1.0], "right_foot_pose": [0.8991381556707606, -0.4376539924263973, -0.003091913682128853, 0.02169035627054395, 0.43766491408037583, 0.8991157182529481, 0.006352021213935426, -0.14255136018623774, 7.468273618526609e-10, -0.0070645667751125405, 0.9999750456367797, 4.138142058185412e-09, 0.0, 0.0, 0.0, 1.0]}, {"left_foot_pose": [0.9547435386214181, -0.2973358138081637, 0.0074959514199397625, -0.022195482885678967, 0.2974302867238864, 0.9544402828331285, -0.024061817154267192, -0.0016789517463877222, 1.991916439371674e-09, 0.025202387435627305, 0.9996823693891702, 3.8600460744442344e-09, 0.0, 0.0, 0.0, 1.0], "right_foot_pose": [0.8991381556455931, -0.4376596584912063, 0.002144852349694952, 0.02169035545592266, 0.43766491413208053, 0.8991273584422015, -0.004406386105134248, -0.1425513600421079, 2.0105236304634516e-09, 0.00490067649508783, 0.9999879916128446, 4.158119952524242e-09, 0.0, 0.0, 0.0, 1.0]}, {"left_foot_pose": [0.9547435386047005, -0.29722776251475913, 0.010974182568423429, -0.02219548287329677, 0.29743028677754957, 0.9540934406930887, -0.03522684961573188, -0.0016789517286691438, 2.0862264494491716e-09, 0.03689666132449456, 0.9993190863698673, 3.821296799821905e-09, 0.0, 0.0, 0.0, 1.0], "right_foot_pose": [0.8991381556241086, -0.4376039884463619, 0.0073024925000259745, 0.02169035554118461, 0.4376649141762183, 0.8990129898134755, -0.015002234692181805, -0.14255135993652318, 2.121368138730794e-09, 0.016685126384664545, 0.9998607935895514, 4.000970381390356e-09, 0.0, 0.0, 0.0, 1.0]}, {"left_foot_pose": [0.9547435385620529, -0.297081915271833, 0.014391358255208994, -0.02219548224878774, 0.2974302869144475, 0.9536252744241918, -0.04619589165039985, -0.001678951240582878, 1.0037301939279588e-09, 0.04838565487626706, 0.9988287282623562, 3.677282395253556e-09, 0.0, 0.0, 0.0, 1.0], "right_foot_pose": [0.8991381556197089, -0.4374907005062523, 0.012347634564447534, 0.021690356448745868, 0.4376649141852571, 0.8987802512263774, -0.02536696467182153, -0.14255135990561166, 1.0481068309855937e-09, 0.028212532250731594, 0.9996019472890203, 3.686559259252764e-09, 0.0, 0.0, 0.0, 1.0]}, {"left_foot_pose": [0.954743538505152, -0.2969014174190356, 0.017729185464349265, -0.022195480894788067, 0.29743028709709757, 0.9530458806211902, -0.0569102253406119, -0.0016789504326279719, -6.04302956041192e-10, 0.059607866641480156, 0.9982218702445125, 3.4658546171906224e-09, 0.0, 0.0, 0.0, 1.0], "right_foot_pose": [0.8991381556460735, -0.4373245480316353, 0.01725736800045637, 0.021690358099050764, 0.43766491413109326, 0.8984389080828983, -0.035453510142609, -0.14255135977571912, -5.634633773563324e-10, 0.03943054820485305, 0.9992223135360141, 3.275704908711763e-09, 0.0, 0.0, 0.0, 1.0]}, {"left_foot_pose": [0.9547392376276966, -0.2967040994997386, 0.02096820149975781, -0.022196469372123013, 0.29744409245112047, 0.9523640290149634, -0.06730355194427702, -0.0016793429789394194, -1.210887465469847e-07, 0.07049420953834253, 0.9975121886080144, 1.1922908496893314e-05, 0.0, 0.0, 0.0, 1.0], "right_foot_pose": [0.8991381557068217, -0.4371109574077962, 0.02201335654040579, 0.021690360153959913, 0.43766491400629237, 0.8980001082441046, -0.04522420415486583, -0.14255135930234356, -1.3799615255175712e-09, 0.05029728131436128, 0.998734290736222, 2.8649741329322964e-09, 0.0, 0.0, 0.0, 1.0]}, {"left_foot_pose": [0.9544385802321967, -0.297422720587505, 0.024222341808265397, -0.02226561082436463, 0.2984074338264726, 0.9512893604382487, -0.07746971120436773, -0.0017067632431450007, -1.2037775702017209e-06, 0.08116820803316681, 0.9967004173788817, 0.0008178779489456944, 0.0, 0.0, 0.0, 1.0], "right_foot_pose": [0.8991381557187845, -0.43685809801736303, 0.02656273945350328, 0.021690360529325367, 0.4376649139817159, 0.8974806343621026, -0.05457045001074567, -0.14255135937510824, -1.255479384773633e-09, 0.06069195285744207, 0.9981565442646511, 2.5230666653164313e-09, 0.0, 0.0, 0.0, 1.0]}, {"left_foot_pose": [0.9536808298468128, -0.29954965061598515, 0.027620311340317064, -0.02243888994087005, 0.30082033637454364, 0.9496531765515007, -0.08755552232241874, -0.0017754760111595175, -2.490280493176701e-06, 0.09180877453427894, 0.9957766561394746, 0.002744340361736132, 0.0, 0.0, 0.0, 1.0], "right_foot_pose": [0.8991381557286695, -0.43657502678992194, 0.03086782947058758, 0.021690360849417653, 0.4376649139614075, 0.8968990933025417, -0.06341482098241746, -0.14255135938239033, -1.0951105116509187e-09, 0.07052845111341455, 0.9975097681644739, 2.231092394167078e-09, 0.0, 0.0, 0.0, 1.0]}, {"left_foot_pose": [0.9524847989912243, -0.30298197504259533, 0.031219072534840412, -0.022709602032982876, 0.3045861252174773, 0.9474697208637755, -0.09761362800000745, -0.00188282217196915, -3.956137695912566e-06, 0.1024843931806613, 0.9947346124161668, 0.0055888015942336805, 0.0, 0.0, 0.0, 1.0], "right_foot_pose": [0.8991381557362549, -0.4362704649009226, 0.034909287508327676, 0.021690361106546516, 0.43766491394582485, 0.8962734018334079, -0.07171758687214908, -0.1425513593425606, -9.043847609458425e-10, 0.07976258910732086, 0.9968138890379172, 1.9685575183836512e-09, 0.0, 0.0, 0.0, 1.0]}, {"left_foot_pose": [0.9508647429552919, -0.3076152731726689, 0.035058298810291724, -0.023071042738740617, 0.30960659000327634, 0.9447510440513349, -0.10765325907958812, -0.0020261428267035336, -5.577703991211978e-06, 0.11321796886898201, 0.9935701744185322, 0.009148757806583495, 0.0, 0.0, 0.0, 1.0], "right_foot_pose": [0.8991381557415158, -0.43595344988732526, 0.03866738187523068, 0.02169036129723252, 0.43766491393501666, 0.895622126657761, -0.07943821090183284, -0.1425513592693746, -6.918510169346646e-10, 0.08834928280619464, 0.9960895563289631, 1.7225388060371216e-09, 0.0, 0.0, 0.0, 1.0]}, {"left_foot_pose": [0.9488316695545758, -0.31334429433916955, 0.0391639637340915, -0.023516507876642515, 0.3157823028552212, 0.9415090592280708, -0.11765300079015137, -0.002202779396036629, -7.330141451193927e-06, 0.12400017982471458, 0.9922821954210953, 0.013221708773344228, 0.0, 0.0, 0.0, 1.0], "right_foot_pose": [0.8991381557446655, -0.43563245430093045, 0.04213005629986141, 0.02169036142295308, 0.4376649139285463, 0.8949626737766233, -0.08655192466095424, -0.14255135917370124, -4.679630288711103e-10, 0.09626098538008512, 0.9953561285759261, 1.4889684069041564e-09, 0.0, 0.0, 0.0, 1.0]}, {"left_foot_pose": [0.9463945590291557, -0.3200646982308381, 0.0435422505896604, -0.024039293300972757, 0.3230129077229773, 0.9377604409919353, -0.12754613578999266, -0.0024100734621336495, -9.184652607782161e-06, 0.13477367790861128, 0.9908764078625697, 0.01760515575589744, 0.0, 0.0, 0.0, 1.0], "right_foot_pose": [0.8991381557459374, -0.43531539299347677, 0.04528891149861384, 0.021690361486484407, 0.43766491392593293, 0.8943113034528114, -0.09304147265998881, -0.1425513590637763, -2.3860958640312593e-10, 0.10347850568822818, 0.9946316900544298, 1.261252116635525e-09, 0.0, 0.0, 0.0, 1.0]}, {"left_foot_pose": [0.9435614702799784, -0.3275841680853339, 0.04878898054813162, -0.024632695870642787, 0.3311974511943891, 0.9332724258761353, -0.13896340317369435, -0.002645366509047564, -1.11994092170936e-05, 0.14727929901759393, 0.9890949438529449, 0.022096599341679166, 0.0, 0.0, 0.0, 1.0], "right_foot_pose": [0.899138118565413, -0.4349820674534401, 0.04838641066022418, 0.021690361014358877, 0.4376649903095386, 0.8936263213413544, -0.0994050001924947, -0.14255135902490562, 2.2337732447580794e-08, 0.11055586280179452, 0.9938699116082296, 8.738710102762504e-10, 0.0, 0.0, 0.0, 1.0]}, {"left_foot_pose": [0.940340666187673, -0.3359900083238972, 0.05357374189126199, -0.02529000916800185, 0.3402343770693996, 0.92861617070389, -0.14802897070317927, -0.0029060009061016474, -1.3187946603302665e-05, 0.15742528962575303, 0.987530899775965, 0.026493543294570758, 0.0, 0.0, 0.0, 1.0], "right_foot_pose": [0.8991381557098158, -0.4347033865515037, 0.05082856153192404, 0.02169036109134348, 0.4376649140001408, 0.8930539980996028, -0.10442212184955904, -0.1425513591025012, -9.483946277306385e-11, 0.11613579206673841, 0.9932333450911883, 7.544211921839405e-10, 0.0, 0.0, 0.0, 1.0]}, {"left_foot_pose": [0.9367413630269613, -0.3451084638175641, 0.05844456344154226, -0.026004529950824074, 0.3500223115272232, 0.9235979541808103, -0.15636879633150072, -0.0031893175322034, -1.5084136633367159e-05, 0.16693402060246304, 0.9859680687212778, 0.030593486505249443, 0.0, 0.0, 0.0, 1.0], "right_foot_pose": [0.8991381557084479, -0.43445153762493904, 0.052938061964303, 0.021690361015703773, 0.4376649140029505, 0.8925365999887608, -0.10875587676669533, -0.14255135901189578, 5.142591903714795e-11, 0.12095569079555113, 0.9926579072692521, 5.502742914109682e-10, 0.0, 0.0, 0.0, 1.0]}, {"left_foot_pose": [0.932774731905302, -0.3548657419060697, 0.0632582385183697, -0.02676955416572187, 0.3604598441359952, 0.918306884155002, -0.1636495257524044, -0.0034926587997590394, -1.686554223464637e-05, 0.17545019730677766, 0.9844883076911412, 0.034193930300678924, 0.0, 0.0, 0.0, 1.0], "right_foot_pose": [0.8991381557074971, -0.4342319069745078, 0.05471040043906106, 0.02169036091355979, 0.43766491400490387, 0.892085391060458, -0.11239696662094442, -0.1425513589332614, 1.8320860024972523e-10, 0.1250052239780085, 0.9921560834758854, 3.679581500604101e-10, 0.0, 0.0, 0.0, 1.0]}, {"left_foot_pose": [0.9284545439751994, -0.36520145261688397, 0.0678237331494121, -0.027578377837136507, 0.37144603838428925, 0.9128548462615893, -0.16948117956088452, -0.003813366969630465, -1.8450530135668628e-05, 0.1825484282683619, 0.9831968627880837, 0.03709237521038999, 0.0, 0.0, 0.0, 1.0], "right_foot_pose": [0.8991381557071476, -0.43404927176355074, 0.05614095326123608, 0.02169036079241119, 0.4376649140056224, 0.8917101855147795, -0.11533589249513211, -0.1425513588752198, 2.9815796106025906e-10, 0.12827382714618335, 0.9917387888296348, 2.1709005426640005e-10, 0.0, 0.0, 0.0, 1.0]}, {"left_foot_pose": [0.923797809045217, -0.37606763498933965, 0.0719078710349691, -0.028424297238206424, 0.3828806702004751, 0.9073692999141518, -0.17344551294322505, -0.004148784661441293, -1.9750747245539553e-05, 0.18776071870023323, 0.9822147993810114, 0.03908632165298678, 0.0, 0.0, 0.0, 1.0], "right_foot_pose": [0.8991381557075684, -0.43390768559223697, 0.05722497125190224, 0.021690360660623038, 0.4376649140047584, 0.8914193110644979, -0.11756289767823601, -0.14255135884671377, 3.940239678672913e-10, 0.130750649119935, 0.9914152852133739, 1.097717888809413e-10, 0.0, 0.0, 0.0, 1.0]}, {"left_foot_pose": [0.9188252943801397, -0.387423942183876, 0.07525136164850985, -0.02930060890355499, 0.3946645132002853, 0.90197838365139, -0.1751425632049769, -0.00449625487464932, -2.0679266228489795e-05, 0.1906244592079726, 0.9816630354271456, 0.03997327010738636, 0.0, 0.0, 0.0, 1.0], "right_foot_pose": [0.8991381557089038, -0.43381037712312065, 0.057958033512940606, 0.02169036052778294, 0.43766491400201496, 0.8912194006714452, -0.11906889987918343, -0.1425513588569563, 4.687250079095684e-10, 0.13242558879282398, 0.9911929496484903, 6.104059618872171e-11, 0.0, 0.0, 0.0, 1.0]}, {"left_foot_pose": [0.913561935396503, -0.3991765894490133, 0.07786296058107432, -0.030200609464348143, 0.4066996308623033, 0.8966730604842551, -0.17485088749636646, -0.004853120127546559, -2.123822966429697e-05, 0.19140395251314551, 0.9815113481316883, 0.04000000007914484, 0.0, 0.0, 0.0, 1.0], "right_foot_pose": [0.8991381557110507, -0.4337580500019875, 0.05834835904293367, 0.02169036042231332, 0.4376649139976037, 0.891111899905643, -0.11987078418874868, -0.14255135889126597, 5.187952981610231e-10, 0.13331742536153562, 0.9910733898632186, 3.7298795996232315e-11, 0.0, 0.0, 0.0, 1.0]}, {"left_foot_pose": [0.9080371462283148, -0.41114880735731696, 0.0801573407629931, -0.031117593851493545, 0.4188896520628321, 0.8912669716259136, -0.1737085049255043, -0.005216719872897915, -2.1545727475678294e-05, 0.19131085567063388, 0.9815294983027013, 0.040000000070501064, 0.0, 0.0, 0.0, 1.0], "right_foot_pose": [0.8991381557140359, -0.4337485095912433, 0.05841923798319786, 0.021690360317215066, 0.4376649139914718, 0.8910923001064375, -0.12001639784569643, -0.14255135892877965, 5.471672712336694e-10, 0.13347937338178492, 0.9910515914328609, 3.2043749598198445e-11, 0.0, 0.0, 0.0, 1.0]}, {"left_foot_pose": [0.9022850437728389, -0.42324988065138014, 0.08210504437876433, -0.03204485784299565, 0.4311399996720168, 0.885782229214026, -0.17177934419319732, -0.005584395625224763, -2.1602311395459393e-05, 0.19039270190115976, 0.9817080108647978, 0.04000000008982935, 0.0, 0.0, 0.0, 1.0], "right_foot_pose": [0.899138155717894, -0.43378177696186715, 0.05817170195231501, 0.021690360207818688, 0.43766491398354507, 0.8911606445623045, -0.11950786020623848, -0.14255135897017043, 5.540611398882609e-10, 0.13291378995086542, 0.9911276025017651, 5.2759498159193896e-11, 0.0, 0.0, 0.0, 1.0]}, {"left_foot_pose": [0.896344554899133, -0.4353933112106124, 0.08366064460506359, -0.03297569735894394, 0.44335813790246165, 0.88025104146135, -0.16909070217451758, -0.005953489104088279, -2.140882824447588e-05, 0.18865515778602016, 0.9820433956716961, 0.04000000013722154, 0.0, 0.0, 0.0, 1.0], "right_foot_pose": [0.89913815572259, -0.4338572711973503, 0.05760594720137917, 0.02169036009631281, 0.4376649139738976, 0.8913157398390865, -0.11834557444755851, -0.1425513590146727, 5.391718703531647e-10, 0.1316211234729846, 0.9913000957609707, 9.933184136334816e-11, 0.0, 0.0, 0.0, 1.0]}, {"left_foot_pose": [0.8902594332646366, -0.44749394592285896, 0.08477800331287343, -0.033903408318434546, 0.45545377487029426, 0.8747092045625208, -0.1656673365814845, -0.006321342028913747, -2.096968482342988e-05, 0.18609937081030836, 0.98253092762736, 0.04000000021356846, 0.0, 0.0, 0.0, 1.0], "right_foot_pose": [0.8991381557280653, -0.4339737930061997, 0.05672145888237754, 0.021690359984583865, 0.43766491396264895, 0.8915551221135982, -0.11652848286609516, -0.1425513590616441, 5.023176635959095e-10, 0.1296001975956017, 0.991566331005234, 1.7188885037544566e-10, 0.0, 0.0, 0.0, 1.0]}, {"left_foot_pose": [0.8840781838313857, -0.4594679372721979, 0.0854106521004889, -0.03482128664137044, 0.4673390251857861, 0.8691961628732798, -0.16153100626432987, -0.006685296119745075, -2.0292820475337768e-05, 0.18272176954374936, 0.983164662975131, 0.0400000003202589, 0.0, 0.0, 0.0, 1.0], "right_foot_pose": [0.899138155734214, -0.43412952389733706, 0.05551696482650605, 0.02169035987483931, 0.4376649139500171, 0.891875055479416, -0.11405397191993209, -0.1425513591103303, 4.435113426626017e-10, 0.1268481055998083, 0.9919221532488022, 2.7056032414485287e-10, 0.0, 0.0, 0.0, 1.0]}, {"left_foot_pose": [0.8778538990297056, -0.47123390229482703, 0.0855052120419185, -0.03572262808974769, 0.47892852450283124, 0.863757237299955, -0.1566872790927575, -0.0070426932702639285, -1.9387761235493693e-05, 0.17849942392047027, 0.9839400161006644, 0.03998808045818533, 0.0, 0.0, 0.0, 1.0], "right_foot_pose": [0.8991381557409663, -0.43432196180977306, 0.05399083607839224, 0.021690359770935835, 0.4376649139361458, 0.8922703997052018, -0.11091869508421745, -0.14255135917603268, 3.6227229196764373e-10, 0.12336112556080775, 0.9923618456492426, 3.977281143319189e-10, 0.0, 0.0, 0.0, 1.0]}, {"left_foot_pose": [0.8716440168657394, -0.48279949888522017, 0.0845065189103125, -0.036600728463596015, 0.4901394776310515, 0.8585972848242811, -0.1502464474120215, -0.007390877952624109, -1.815816653749477e-05, 0.17238139797714044, 0.9850302803983888, 0.039182132030993175, 0.0, 0.0, 0.0, 1.0], "right_foot_pose": [0.8991381557485358, -0.43454981225169464, 0.0521252103030634, 0.021690359699600113, 0.43766491392059476, 0.8927384953902234, -0.10708595599460627, -0.1425513593619488, 2.543936540134644e-10, 0.11909844465994208, 0.9928824504842366, 5.897203905758097e-10, 0.0, 0.0, 0.0, 1.0]}, {"left_foot_pose": [0.865509980758762, -0.49410050645094106, 0.08220196306592585, -0.03744888492240596, 0.5008916778416332, 0.8537806965321578, -0.14200721565490287, -0.007727190880247961, -1.6612107961414832e-05, 0.16408294169104765, 0.9864465459263624, 0.037255685605579895, 0.0, 0.0, 0.0, 1.0], "right_foot_pose": [0.8991381557560315, -0.4348091898612389, 0.04991538115505545, 0.021690359659341376, 0.4376649139051946, 0.893271360445099, -0.1025460859561238, -0.14255135955395176, 1.2651084313056326e-10, 0.1140493096023609, 0.9934750902660944, 8.349832839038562e-10, 0.0, 0.0, 0.0, 1.0]}, {"left_foot_pose": [0.8595168383782974, -0.5049997855817928, 0.07877830352654247, -0.03826039273091125, 0.5111074293372977, 0.8492502398073163, -0.13245084319639736, -0.008048972358565538, -1.4845747221617947e-05, 0.15410790618771114, 0.9880540233357914, 0.03441124070160847, 0.0, 0.0, 0.0, 1.0], "right_foot_pose": [0.8991381557631127, -0.4350939405869794, 0.047369185293838975, 0.02169035964584233, 0.43766491389064754, 0.8938563519919427, -0.09731518459494501, -0.14255135974204772, -1.921736734148743e-11, 0.10823162600714371, 0.9941257038885222, 1.1187443749172132e-09, 0.0, 0.0, 0.0, 1.0]}, {"left_foot_pose": [0.8537327743692428, -0.5153625615863442, 0.07444313321561583, -0.03902854736651522, 0.5207113881989007, 0.8449666570996082, -0.12202867937451667, -0.008353563042421387, -1.2952627770194695e-05, 0.14294327023359948, 0.9897308832845192, 0.030851296920849966, 0.0, 0.0, 0.0, 1.0], "right_foot_pose": [0.8991381557694009, -0.4353973058922914, 0.04449452619519898, 0.021690359655114837, 0.43766491387773004, 0.8944795852990521, -0.09140948880523794, -0.14255135991618767, -1.8036719382574834e-10, 0.10166345215941729, 0.9948188490851136, 1.4286069688340675e-09, 0.0, 0.0, 0.0, 1.0]}, {"left_foot_pose": [0.8482285717520012, -0.5250637173461498, 0.06940016419435585, -0.039746644550078, 0.5296303332912452, 0.8409176408864653, -0.11112709527269987, -0.008638303978760146, -1.10166096877427e-05, 0.13101760939883428, 0.9913800411073695, 0.026778353758539618, 0.0, 0.0, 0.0, 1.0], "right_foot_pose": [0.8991381557744863, -0.4357118882991012, 0.041300450666879165, 0.02169035968312446, 0.4376649138672824, 0