{"LoopMode": "Wrap", "FrameDuration": 0.0167, "EnableCycleOffsetPosition": true, "EnableCycleOffsetRotation": false, "Debug_info": [{"left_foot_pose": [0.9999999999884726, 4.785130400566569e-06, 3.974043959464019e-07, 0.00019842111302271817, -4.801604232063508e-06, 0.9965691632582974, 0.08276413969590064, -6.676505781610075e-05, -3.765537745234218e-12, -0.08276413969685505, 0.9965691632697854, 3.2324837251351823e-12, 0.0, 0.0, 0.0, 1.0], "right_foot_pose": [0.9999999979400312, 6.398293128510394e-05, -5.110932503438697e-06, 0.0009680834198771603, -6.418673637819799e-05, 0.9968248031031633, -0.07962604974757198, -0.12012479653779061, -3.783280045316682e-12, 0.07962604991159872, 0.996824805156591, 3.1225994012729075e-12, 0.0, 0.0, 0.0, 1.0]}, {"left_foot_pose": [0.9999999999884724, 4.785771399304062e-06, 3.896043873074212e-07, 0.0001984211118494707, -4.801603842663748e-06, 0.9967029138325225, 0.08113754700941078, -6.676505823768886e-05, -1.407621823315341e-11, -0.08113754701034653, 0.9967029138440126, 1.2160585038945015e-11, 0.0, 0.0, 0.0, 1.0], "right_foot_pose": [0.9999999979400315, 6.397449561567424e-05, -5.215466289843433e-06, 0.000968083419044686, -6.418673677555158e-05, 0.996693359867823, -0.0812547984764798, -0.12012479653858443, -1.4129320948792655e-11, 0.08125479864386104, 0.9966933619209801, 1.2173491381606283e-11, 0.0, 0.0, 0.0, 1.0]}, {"left_foot_pose": [0.9999999999884728, 4.786806310327987e-06, 3.7666801877547503e-07, 0.0001984211094962903, -4.8016032161155765e-06, 0.9969188587065152, 0.07843971654872692, -6.676505856865328e-05, -3.17213543848382e-11, -0.07843971654963162, 0.9969188587180075, 2.742331361993422e-11, 0.0, 0.0, 0.0, 1.0], "right_foot_pose": [0.9999999979400311, 6.396013579157493e-05, -5.388719505117716e-06, 0.0009680834171102144, -6.418673748039126e-05, 0.9964696056508533, -0.08395427859314573, -0.1201247965395166, -3.1858944781307197e-11, 0.08395427876608669, 0.9964696077035496, 2.7733523810802296e-11, 0.0, 0.0, 0.0, 1.0]}, {"left_foot_pose": [0.9999999999884727, 4.7881974533334906e-06, 3.5854006735771817e-07, 0.00019842110598418934, -4.801602422716639e-06, 0.9972091033466334, 0.07465925381055583, -6.676505868395514e-05, -5.617014845836134e-11, -0.07465925381141705, 0.997209103358129, 4.853738244658956e-11, 0.0, 0.0, 0.0, 1.0], "right_foot_pose": [0.9999999979400311, 6.393924043832876e-05, -5.631246251636638e-06, 0.0009680834140223721, -6.418673852259578e-05, 0.9961440138947815, -0.08773311496610557, -0.12012479654042821, -5.648803870689286e-11, 0.08773311514682922, 0.9961440159468075, 4.9240438115827345e-11, 0.0, 0.0, 0.0, 1.0]}, {"left_foot_pose": [0.9999999999884728, 4.789881653758084e-06, 3.352776665187766e-07, 0.00019842110133043696, -4.80160154116072e-06, 0.9975604379728347, 0.06980811248266064, -6.676505844459106e-05, -8.713860552346504e-11, -0.06980811248346612, 0.997560437984334, 7.526700790405627e-11, 0.0, 0.0, 0.0, 1.0], "right_foot_pose": [0.999999997940031, 6.391110859776375e-05, -5.942035370965441e-06, 0.0009680834097304179, -6.418673995875857e-05, 0.9957056609987958, -0.0925755504170185, -0.12012479654116094, -8.779955428464344e-11, 0.09257555060771547, 0.9957056630499187, 7.637716847863629e-11, 0.0, 0.0, 0.0, 1.0]}, {"left_foot_pose": [0.9999999999884728, 4.79178310678149e-06, 3.068932218907275e-07, 0.00019842109546817552, -4.80160064701929e-06, 0.9979570247978672, 0.06388878331549601, -6.676505767407026e-05, -1.2505421698066884e-10, -0.06388878331623343, 0.9979570248093713, 1.080287179155981e-10, 0.0, 0.0, 0.0, 1.0], "right_foot_pose": [0.9999999979400311, 6.387478067487389e-05, -6.320619316103007e-06, 0.0009680834041029649, -6.418674189256057e-05, 0.9951395914719291, -0.09847430814757847, -0.12012479654154863, -1.2631102205266606e-10, 0.09847430835042421, 0.9951395935218865, 1.0949558620909627e-10, 0.0, 0.0, 0.0, 1.0]}, {"left_foot_pose": [0.9999999999884726, 4.793816273578372e-06, 2.7328815649365865e-07, 0.00019842108822044864, -4.801599821834981e-06, 0.9983809954650174, 0.056880470033451154, -6.676505612825644e-05, -1.7117902864541882e-10, -0.05688047003410798, 0.9983809954765263, 1.4800297792882944e-10, 0.0, 0.0, 0.0, 1.0], "right_foot_pose": [0.9999999979400307, 6.382893532243997e-05, -6.767952707154524e-06, 0.0009680833968917516, -6.41867444898622e-05, 0.9944252105749741, -0.1054442812720559, -0.12012479654138936, -1.734136068237881e-10, 0.10544428148925664, 0.9944252126234602, 1.497243093395717e-10, 0.0, 0.0, 0.0, 1.0]}, {"left_foot_pose": [0.9999999999884727, 4.795882773471074e-06, 2.3422874045877743e-07, 0.00019842107928873243, -4.8015991736989345e-06, 0.9988117904731877, 0.04873404547839731, -6.676505345333886e-05, -2.276587125553779e-10, -0.04873404547896051, 0.9988117904847017, 1.9718523341927252e-10, 0.0, 0.0, 0.0, 1.0], "right_foot_pose": [0.9999999979400307, 6.377179925760126e-05, -7.286716556421047e-06, 0.0009680833877053881, -6.418674799885404e-05, 0.9935348781475816, -0.11352727330616025, -0.12012479654040525, -2.314376107962732e-10, 0.11352727354000802, 0.9935348801942345, 1.9901015557710622e-10, 0.0, 0.0, 0.0, 1.0]}, {"left_foot_pose": [0.9999999999884727, 4.797864284004018e-06, 1.8934123779948082e-07, 0.00019842106825393834, -4.801598869183649e-06, 0.9992246598493509, 0.03937104425709858, -6.676504912989621e-05, -2.9750713486031794e-10, -0.039371044257554166, 0.9992246598608698, 2.583978378489782e-10, 0.0, 0.0, 0.0, 1.0], "right_foot_pose": [0.9999999979400304, 6.370104781408954e-05, -7.881353878914031e-06, 0.0009680833759905752, -6.418675277253193e-05, 0.9924323578107502, -0.12279255291040987, -0.12012479653818758, -3.0367145836210943e-10, 0.12279255316333926, 0.9924323598551331, 2.601155055237392e-10, 0.0, 0.0, 0.0, 1.0]}, {"left_foot_pose": [0.9999999999884726, 4.799612226270194e-06, 1.381205158023335e-07, 0.0001984210545875594, -4.801599176161258e-06, 0.999588487274437, 0.028685468191194628, -6.676504240434207e-05, -3.8455384229109526e-10, -0.028685468191527473, 0.99958848728596, 3.3528126108794964e-10, 0.0, 0.0, 0.0, 1.0], "right_foot_pose": [0.9999999979400298, 6.361369450309547e-05, -8.557916831520237e-06, 0.0009680833610210829, -6.418675929401008e-05, 0.9910710946083632, -0.13333447158121037, -0.12012479653413193, -3.9434037984919675e-10, 0.13333447185585015, 0.9910710966499432, 3.365968059831914e-10, 0.0, 0.0, 0.0, 1.0]}, {"left_foot_pose": [0.9999999999884727, 4.800934770083408e-06, 7.995694484277603e-08, 0.00019842103770464266, -4.801600517885364e-06, 0.9998630483310413, 0.016549457970082893, -6.676503222422837e-05, -4.931264829201274e-10, -0.016549457970276352, 0.9998630483425675, 4.320822657999379e-10, 0.0, 0.0, 0.0, 1.0], "right_foot_pose": [0.9999999979400295, 6.350598818592485e-05, -9.323662095051474e-06, 0.0009680833419281294, -6.418676818529185e-05, 0.9893926117092069, -0.1452661549545985, -0.12012479652737298, -5.083296329852225e-10, 0.14526615525380998, 0.9893926137473313, 4.3257551707309716e-10, 0.0, 0.0, 0.0, 1.0]}, {"left_foot_pose": [0.9999999999884727, 4.80158257379252e-06, 1.419835532470359e-08, 0.0001984210171408362, -4.8016035248771665e-06, 0.9999960055952861, 0.002826441299216483, -6.676501724687915e-05, -6.269073320885574e-10, -0.0028264412992523935, 0.9999960056068138, 5.527279328676471e-10, 0.0, 0.0, 0.0, 1.0], "right_foot_pose": [0.9999999979400287, 6.337337440638788e-05, -1.0186175043669858e-05, 0.0009680833178721522, -6.418678014394532e-05, 0.9873259099333314, -0.1587058393833593, -0.12012479651677178, -6.500359773167956e-10, 0.15870583971024738, 0.9873259119672011, 5.517997656023788e-10, 0.0, 0.0, 0.0, 1.0]}, {"left_foot_pose": [0.9999999999884726, 4.801237767239314e-06, -5.971362510024203e-08, 0.00019842099298437183, -4.801609021318777e-06, 0.9999206186503263, -0.01259985614578136, -6.67649961031587e-05, -7.860204560575733e-10, 0.012599856145922517, 0.9999206186618531, 6.983211578437398e-10, 0.0, 0.0, 0.0, 1.0], "right_foot_pose": [0.9999999979400275, 6.32106669159924e-05, -1.1151516907448802e-05, 0.0009680832885324961, -6.418679568744682e-05, 0.9847901515881454, -0.17374795888024983, -0.12012479650110194, -8.203305483950935e-10, 0.17374795923811379, 0.9847901536167951, 6.951467665383682e-10, 0.0, 0.0, 0.0, 1.0]}, {"left_foot_pose": [0.9999999999884728, 4.7995193570747364e-06, -1.4194373593188022e-07, 0.0001984209669089401, -4.8016177647317615e-06, 0.9995570294734233, -0.029761465138856368, -6.676496841163775e-05, -9.598692198262858e-10, 0.02976146513919452, 0.9995570294849461, 8.606939883026854e-10, 0.0, 0.0, 0.0, 1.0], "right_foot_pose": [0.9999999979400264, 6.301279630423345e-05, -1.222025557468025e-05, 0.0009680832553921742, -6.418681440427965e-05, 0.9817063624174335, -0.19040119187963075, -0.12012479647982942, -1.0088718962225784e-09, 0.19040119227178842, 0.981706364439735, 8.542580948178724e-10, 0.0, 0.0, 0.0, 1.0]}, {"left_foot_pose": [0.9999999999884728, 4.796040021004126e-06, -2.3161804235680532e-07, 0.00019842094450207986, -4.801629469636633e-06, 0.9988247147404988, -0.048468435094467896, -6.676493768581482e-05, -1.1107295791835495e-09, 0.04846843509502098, 0.9988247147520133, 1.0070765332770293e-09, 0.0, 0.0, 0.0, 1.0], "right_foot_pose": [0.9999999979400249, 6.277698252316656e-05, -1.3379088399601487e-05, 0.0009680832248122397, -6.418683307138393e-05, 0.9780313843866537, -0.20845768643726398, -0.12012479645539048, -1.1761891518878975e-09, 0.20845768686660746, 0.9780313864013891, 9.96524522622888e-10, 0.0, 0.0, 0.0, 1.0]}, {"left_foot_pose": [0.9999999999884726, 4.7905990063105175e-06, -3.2544097305917506e-07, 0.0001984209395870605, -4.8016402776889954e-06, 0.9976843290848432, -0.06801455340933744, -6.676491779791967e-05, -1.1430931622025347e-09, 0.06801455341011568, 0.9976843290963447, 1.050162672100452e-09, 0.0, 0.0, 0.0, 1.0], "right_foot_pose": [0.9999999979400245, 6.250824644161598e-05, -1.4583202724516777e-05, 0.0009680832140497741, -6.418684190248952e-05, 0.9738439740574559, -0.22721775914754236, -0.12012479643828378, -1.2195890241417538e-09, 0.22721775961552887, 0.9738439760635682, 1.036026625600428e-09, 0.0, 0.0, 0.0, 1.0]}, {"left_foot_pose": [0.9999999999881656, 4.846938836696888e-06, -4.204865466928882e-07, 0.000199252202247734, -4.865143823464415e-06, 0.9962443333135578, -0.08658653658021054, -6.682720297063183e-05, -7.723075187384365e-10, 0.0865865365812312, 0.9962443333253485, 3.932722272056294e-05, 0.0, 0.0, 0.0, 1.0], "right_foot_pose": [0.9999999979400258, 6.223205554532943e-05, -1.5720034824640495e-05, 0.00096808325589809, -6.41868228794057e-05, 0.9695419820260398, -0.24492517422484436, -0.12012479646426963, -9.633257238869225e-10, 0.24492517472932374, 0.9695419840232862, 8.153429043034066e-10, 0.0, 0.0, 0.0, 1.0]}, {"left_foot_pose": [0.9999999999782537, 6.560211125935397e-06, -6.764082599032355e-07, 0.00022189601534927333, -6.594990378860287e-06, 0.9947298636198747, -0.10253047536851102, -6.851821884120736e-05, 2.2193066581608175e-10, 0.10253047537074186, 0.9947298636415068, 0.0010058886317725335, 0.0, 0.0, 0.0, 1.0], "right_foot_pose": [0.9999999979400278, 6.19877600054724e-05, -1.6657182056179414e-05, 0.000968083323676318, -6.418679072982325e-05, 0.965737740936883, -0.2595199637988987, -0.12012479652584743, -5.918633825203193e-10, 0.25951996433346564, 0.9657377429262854, 4.818241569615189e-10, 0.0, 0.0, 0.0, 1.0]}, {"left_foot_pose": [0.9999999999462971, 1.0294924285968551e-05, -1.1921495988167137e-06, 0.000271229236535827, -1.036371965884495e-05, 0.9933756874037177, -0.1149118948054805, -7.220105644455826e-05, 1.243170493444638e-09, 0.11491189481166413, 0.9933756874570637, 0.002752750144086352, 0.0, 0.0, 0.0, 1.0], "right_foot_pose": [0.9999999979400298, 6.1802054482127e-05, -1.7333386769125463e-05, 0.0009680833815837262, -6.418676058991994e-05, 0.9628462793386819, -0.27005006617980426, -0.12012479655067274, -2.6194396236496835e-10, 0.27005006673608295, 0.962846281322121, 2.0253788923785265e-10, 0.0, 0.0, 0.0, 1.0]}, {"left_foot_pose": [0.9999999998762259, 1.5614366915604745e-05, -1.9340528993885854e-06, 0.00034152318843791397, -1.573369029860719e-05, 0.9924323735041828, -0.12279244184112477, -7.744825525201823e-05, 2.0904680266075915e-09, 0.12279244185635564, 0.9924323736270168, 0.004589020843653861, 0.0, 0.0, 0.0, 1.0], "right_foot_pose": [0.9999999979400311, 6.169150719153685e-05, -1.7722744828808003e-05, 0.0009680834163884401, -6.418674118399426e-05, 0.9611251638359013, -0.27611304808261866, -0.12012479654749647, -5.406440990312144e-11, 0.2761130486513994, 0.9611251658157902, 3.6057573593595293e-11, 0.0, 0.0, 0.0, 1.0]}, {"left_foot_pose": [0.9999999997520852, 2.2091643252776764e-05, -2.7911009306551046e-06, 0.00042704904803390117, -2.2267261605298265e-05, 0.9921276068923433, -0.12523103108352227, -8.383255052322666e-05, 2.5690240791123925e-09, 0.12523103111462539, 0.9921276071382998, 0.0058238102453573165, 0.0, 0.0, 0.0, 1.0], "right_foot_pose": [0.9999999979400315, 6.166569521195922e-05, -1.7812332510414498e-05, 0.0009680834234515475, -6.41867366005548e-05, 0.9607233100294638, -0.2775080493356794, -0.12012479653367011, -3.740761705300513e-12, 0.27750804990733685, 0.9607233120085239, 2.946046184781892e-13, 0.0, 0.0, 0.0, 1.0]}, {"left_foot_pose": [0.9999999995640849, 2.9307564523648608e-05, -3.5914011590204246e-06, 0.0005220778510830244, -2.9526792817565797e-05, 0.9925857547733813, -0.12154636378405802, -9.092661187184645e-05, 2.545730730571266e-09, 0.12154636383711627, 0.992585755206056, 0.006000000106731865, 0.0, 0.0, 0.0, 1.0], "right_foot_pose": [0.9999999979400305, 6.172874221467536e-05, -1.759264254891415e-05, 0.0009680834045075762, -6.418674853302628e-05, 0.9617048468539787, -0.2740871821476275, -0.12012479651800506, -1.274030432664746e-10, 0.27408718271223054, 0.9617048488350634, 1.0024273772168968e-10, 0.0, 0.0, 0.0, 1.0]}, {"left_foot_pose": [0.9999999993127362, 3.68395109752799e-05, -4.168877682676031e-06, 0.0006208808582132586, -3.707464235502674e-05, 0.9936641434313619, -0.11239025173158958, -9.830239155137963e-05, 2.0623593516425248e-09, 0.11239025180890701, 0.9936641441142634, 0.00600000036829091, 0.0, 0.0, 0.0, 1.0], "right_foot_pose": [0.9999999979400287, 6.187761402925269e-05, -1.7061746800107107e-05, 0.0009680833591307844, -6.418677684409816e-05, 0.964022545347273, -0.26582048066735253, -0.12012479648097811, -4.2852553131674375e-10, 0.26582048121490837, 0.964022547333139, 3.4683145938574356e-10, 0.0, 0.0, 0.0, 1.0]}, {"left_foot_pose": [0.9999999990110691, 4.4260322558122925e-05, -4.345925449345764e-06, 0.0007177293111768175, -4.447317415816666e-05, 0.9952163636687847, -0.09769538120105407, -0.00010553240181131358, 1.107037882762043e-09, 0.0976953812977168, 0.9952163646529809, 0.005978465283047227, 0.0, 0.0, 0.0, 1.0], "right_foot_pose": [0.9999999979400257, 6.210725371980787e-05, -1.620608359925771e-05, 0.0009680832819940827, -6.418682192927429e-05, 0.9675976737931886, -0.25249700503186545, -0.12012479643763349, -9.267631723347346e-10, 0.252497005551945, 0.96759767578643, 7.540896379554241e-10, 0.0, 0.0, 0.0, 1.0]}, {"left_foot_pose": [0.9999999986849379, 5.113364785252401e-05, -3.93391288633451e-06, 0.000806894309237191, -5.128475029840853e-05, 0.9970531858141788, -0.07671337580677891, -0.00011218977176135833, -3.1436843082001884e-10, 0.07671337590764539, 0.9970531871253676, 0.0050793200831558555, 0.0, 0.0, 0.0, 1.0], "right_foot_pose": [0.9999999979400219, 6.240953823486623e-05, -1.5000181003255651e-05, 0.0009680831708047167, -6.418688253921388e-05, 0.9723038506026271, -0.23372038418449664, -0.12012479644122506, -1.6475039953546426e-09, 0.2337203846658525, 0.9723038526055763, 1.3300356371814814e-09, 0.0, 0.0, 0.0, 1.0]}, {"left_foot_pose": [0.9999999983714096, 5.7001095934224606e-05, -2.8384120061019293e-06, 0.0008826471770428759, -5.7071722568001454e-05, 0.9987608600172331, -0.0497668689034857, -0.00011784563082978435, -1.8712525441368695e-09, 0.04976686898442859, 0.998760861643811, 0.0033592344450971284, 0.0, 0.0, 0.0, 1.0], "right_foot_pose": [0.9999999979400175, 6.276684497490603e-05, -1.3427118752352067e-05, 0.0009680830338513867, -6.418694835842318e-05, 0.9778671856747396, -0.2092265830639126, -0.12012479644173234, -2.5536778228156492e-09, 0.20922658349475518, 0.9778671876891628, 2.073305804817238e-09, 0.0, 0.0, 0.0, 1.0]}, {"left_foot_pose": [0.9999999981152384, 6.138691699240449e-05, -1.0818292261471856e-06, 0.000939259256756656, -6.13964487673544e-05, 0.9998437926738374, -0.017674458466205863, -0.00012207186255058788, -3.320278597540443e-09, 0.017674458499313872, 0.9998437945583082, 0.0015090986587613306, 0.0, 0.0, 0.0, 1.0], "right_foot_pose": [0.9999999979400144, 6.315082606304711e-05, -1.148670263057032e-05, 0.0009680828840642029, -6.418700146513132e-05, 0.9838469952904579, -0.17901141231208337, -0.1201247964371289, -3.5606934874048925e-09, 0.17901141268061926, 0.9838469973172095, 2.924442792096027e-09, 0.0, 0.0, 0.0, 1.0]}, {"left_foot_pose": [0.999999997963422, 6.381008568409904e-05, 1.1955135703611409e-06, 0.000971001773981492, -6.382128382227597e-05, 0.9998258099432761, 0.01866402148832394, -0.00012444049532257806, -4.352513591739043e-09, -0.01866402152661273, 0.9998258119794943, 0.00021980323365341364, 0.0, 0.0, 0.0, 1.0], "right_foot_pose": [0.9999999979400138, 6.352184918919355e-05, -9.21668620390608e-06, 0.0009680827589332873, -6.41870127784968e-05, 0.989627198970951, -0.14365932944621965, -0.1201247964301364, -4.422908088372179e-09, 0.14365932974187479, 0.9896272010096102, 3.6822206117559375e-09, 0.0, 0.0, 0.0, 1.0]}, {"left_foot_pose": [0.9999999979400396, 6.407963243149794e-05, 3.7043166391514463e-06, 0.0009757851696088114, -6.418661256549374e-05, 0.9983374711814597, 0.05763930529671438, -0.00012479660437484524, -4.652609096604531e-09, -0.05763930541574753, 0.9983374732379782, 3.972681288100244e-09, 0.0, 0.0, 0.0, 1.0], "right_foot_pose": [0.9999999979400169, 6.383165960650047e-05, -6.744260253710938e-06, 0.0009680827244484198, -6.418695967534845e-05, 0.9944569007018237, -0.10514498811906123, -0.12012479648889426, -4.702941640272092e-09, 0.10514498833535775, 0.9944569027504196, 3.962448896777104e-09, 0.0, 0.0, 0.0, 1.0]}, {"left_foot_pose": [0.9999999979400442, 6.388676807083286e-05, 6.196270658952407e-06, 0.0009757851949469283, -6.418654754517722e-05, 0.995336074418738, 0.09646810271164713, -0.00012479675546002433, -4.3364096960073785e-09, -0.09646810291064459, 0.9953360764690599, 3.6688587931599237e-09, 0.0, 0.0, 0.0, 1.0], "right_foot_pose": [0.9999999979400229, 6.404562851379975e-05, -4.255774038286971e-06, 0.0009680827918674078, -6.418686879611084e-05, 0.9977950913844978, -0.06636980856570053, -0.12012479662931733, -4.305658714293372e-09, 0.06636980870214487, 0.9977950934399512, 3.6739491171555727e-09, 0.0, 0.0, 0.0, 1.0]}, {"left_foot_pose": [0.9999999979400446, 6.362399220091652e-05, 8.479344540345227e-06, 0.0009757853507181242, -6.41865379622796e-05, 0.9912428308860177, 0.13205167964536899, -0.00012479684640225117, -3.4344504889650905e-09, -0.13205167991760847, 0.9912428329279049, 2.8768203930162883e-09, 0.0, 0.0, 0.0, 1.0], "right_foot_pose": [0.9999999960979025, 8.82993372888191e-05, -2.724262936682616e-06, 0.0009680828142444398, -8.834134524590283e-05, 0.9995368703508832, -0.03043085613269066, -0.12012600421278762, 3.5976820163957065e-08, 0.03043085625461136, 0.9995368742510753, 8.978711403324902e-06, 0.0, 0.0, 0.0, 1.0]}, {"left_foot_pose": [0.9999999979400431, 6.333701605411098e-05, 1.040851130240546e-05, 0.0009757857601085301, -6.41865617106787e-05, 0.9867705596044934, 0.1621229736278018, -0.0001247968283534578, -2.4271393329686376e-09, -0.16212297396192216, 0.9867705616371735, 1.9688389737981815e-09, 0.0, 0.0, 0.0, 1.0], "right_foot_pose": [0.9999967516327679, 0.0025488658587345353, 2.597371603887508e-06, 0.0009680745114297215, -0.0025488671820735435, 0.9999962394397502, 0.001012117802527305, -0.12024902942140422, -1.7609324453283064e-08, -0.0010121211351524343, 0.9999994878052727, 0.0008383178086541904, 0.0, 0.0, 0.0, 1.0]}, {"left_foot_pose": [0.9999999979400404, 6.306781083057647e-05, 1.19319532138051e-05, 0.0009757860062704907, -6.418660505468093e-05, 0.9825737297931071, 0.18587324014107642, -0.00012479683361382287, -1.4054254680697265e-09, -0.18587324052405688, 0.9825737318171532, 1.1749529266191772e-09, 0.0, 0.0, 0.0, 1.0], "right_foot_pose": [0.9999636246780116, 0.008526010056239224, 0.0002376411877352705, 0.0009680549675495881, -0.008529321217581496, 0.9995774393410811, 0.027788368787948794, -0.12054805665921448, -6.168581858122769e-07, -0.027789384895111496, 0.9996138004683464, 0.002529238238619849, 0.0, 0.0, 0.0, 1.0]}, {"left_foot_pose": [0.9999999979400374, 6.28484895275502e-05, 1.3038149767884388e-05, 0.0009757860983088947, -6.418664958492258e-05, 0.9791537503755283, 0.20312047904042713, -0.00012479685369081155, -5.379436097511406e-10, -0.20312047945888187, 0.9791537523925415, 5.829319041361636e-10, 0.0, 0.0, 0.0, 1.0], "right_foot_pose": [0.9998504787331947, 0.017270999880984295, 0.0008560024020284606, 0.0009680268471186555, -0.017292199828707656, 0.9986288056759203, 0.04941141871439338, -0.1209862381016209, -1.4440496578503144e-06, -0.04941883282106248, 0.9987781430130109, 0.004390849173812238, 0.0, 0.0, 0.0, 1.0]}, {"left_foot_pose": [0.9999999979400354, 6.270086754907338e-05, 1.3730665857135638e-05, 0.0009757860609253505, -6.418668067635343e-05, 0.9768513789284391, 0.21391909537411047, -0.00012479687355828988, 9.298886630497459e-11, -0.21391909581477084, 0.97685138094072, 2.0902172354064774e-10, 0.0, 0.0, 0.0, 1.0], "right_foot_pose": [0.999605141590569, 0.028039234035607336, 0.0018336467476497355, 0.0009679926436964654, -0.02809912633430688, 0.9974796777334447, 0.06515160480012898, -0.12152672584856847, -2.2242721364677275e-06, -0.0651774030127006, 0.9978736924739386, 0.005732260139848816, 0.0, 0.0, 0.0, 1.0]}, {"left_foot_pose": [0.999999997940035, 6.263790639505927e-05, 1.4015119118636588e-05, 0.0009757859307529474, -6.418668772600237e-05, 0.9758691948770896, 0.218355925887096, -0.0001247968737068967, 4.350358238055108e-10, -0.21835592633687473, 0.9758691968873524, 4.762759631127267e-11, 0.0, 0.0, 0.0, 1.0], "right_foot_pose": [0.9991912143044819, 0.040099764944368364, 0.002987659308070882, 0.0009679542706023309, -0.04021090957987939, 0.9964344614533786, 0.07417173841075723, -0.12213267168935443, -2.7374178571968175e-06, -0.0742318858680114, 0.9972410075367864, 0.006000000312976213, 0.0, 0.0, 0.0, 1.0]}, {"left_foot_pose": [0.9999999979400366, 6.266328221442508e-05, 1.3901116996727322e-05, 0.0009757857458128618, -6.418666521476733e-05, 0.9762648059419238, 0.21658029587026295, -0.00012479687493234005, 4.609145851401189e-10, -0.21658029631638195, 0.9762648079530007, 9.663271571813681e-11, 0.0, 0.0, 0.0, 1.0], "right_foot_pose": [0.998600439705217, 0.05273257958400387, 0.004054241108299615, 0.0009679136891313111, -0.0528882010689719, 0.9956662530896282, 0.07649542892322544, -0.12276722813526536, -2.869759916143554e-06, -0.07660279047709012, 0.997061689406873, 0.006000000191600442, 0.0, 0.0, 0.0, 1.0]}, {"left_foot_pose": [0.9999999979400398, 6.277492532667395e-05, 1.3387674437758084e-05, 0.0009757855202844677, -6.418661134970121e-05, 0.9780060315936431, 0.20857659994959565, -0.0001247968868280866, 1.5413728383717085e-10, -0.2085766003792458, 0.978006033608299, 3.6667136688040003e-10, 0.0, 0.0, 0.0, 1.0], "right_foot_pose": [0.9978596145363616, 0.06522191165385098, 0.004721431727874439, 0.0009678736481828549, -0.06539258115902603, 0.9952581364685834, 0.07200730603516879, -0.1233935480740905, -2.5891902902885166e-06, -0.07216192925150737, 0.9973929295718896, 0.0059982122805987345, 0.0, 0.0, 0.0, 1.0]}, {"left_foot_pose": [0.9999999979400451, 6.296524225619745e-05, 1.246148898509265e-05, 0.000975785271291596, -6.418652849171588e-05, 0.9809743876084549, 0.19413718535176877, -0.00012479685082194061, -5.066194655286258e-10, -0.19413718575171496, 0.980974389629212, 8.641407867049367e-10, 0.0, 0.0, 0.0, 1.0], "right_foot_pose": [0.9970320414196807, 0.07684778259075432, 0.004639686776906378, 0.0009678366635288469, -0.0769877157652942, 0.9952213464763674, 0.0600613281488844, -0.12397478330435963, -1.9354336439052134e-06, -0.06024026750148024, 0.9981839059850665, 0.005241070023975017, 0.0, 0.0, 0.0, 1.0]}, {"left_foot_pose": [0.9999999979400513, 6.321723040630149e-05, 1.1112156178992808e-05, 0.0009757850635970485, -6.41864334024949e-05, 0.984904205068345, 0.17310026781837698, -0.00012479681413951269, -1.4898342647367157e-09, -0.1731002681750492, 0.9849042070971812, 1.5865257649294584e-09, 0.0, 0.0, 0.0, 1.0], "right_foot_pose": [0.9962135375469885, 0.08686773217829846, 0.003547494089427789, 0.000967804471221456, -0.08694013806621, 0.9953843680981627, 0.04063707837492582, -0.12447408693298444, -1.0693217554994383e-06, -0.040791627229383176, 0.999167675191124, 0.0035817061543390455, 0.0, 0.0, 0.0, 1.0]}, {"left_foot_pose": [0.999999997940056, 6.35026707555353e-05, 9.343409562932946e-06, 0.000975784950574844, -6.418635749135049e-05, 0.9893545348044727, 0.1455252567149005, -0.00012479678666486773, -2.7021580636691504e-09, -0.1455252570148464, 0.9893545368424624, 2.4845587601185493e-09, 0.0, 0.0, 0.0, 1.0], "right_foot_pose": [0.9955230363549029, 0.09450942354999409, 0.001361229944708726, 0.000967779756477253, -0.09451922601590744, 0.9954198317800921, 0.014334378683678128, -0.1248546120674377, -2.614162340830895e-07, -0.014398866592239974, 0.999896330946759, 0.001711011049562762, 0.0, 0.0, 0.0, 1.0]}, {"left_foot_pose": [0.9999999979400567, 6.3782101849154e-05, 7.1924336259565e-06, 0.0009757850069422127, -6.418635059393894e-05, 0.9937087418560361, 0.11199523310840974, -0.0001247967746538228, -3.892804809565554e-09, -0.11199523333936225, 0.9937087439029925, 3.3767223045488848e-09, 0.0, 0.0, 0.0, 1.0], "right_foot_pose": [0.9950878217185292, 0.09897968898330467, -0.0018022863924583516, 0.0009677650368487872, -0.0989960962232942, 0.9949229258933543, -0.018114758192024606, -0.12507951170106657, 1.429190280184862e-07, 0.018204194587389224, 0.9998342899197866, 0.00031987529758783356, 0.0, 0.0, 0.0, 1.0]}, {"left_foot_pose": [0.9999999979400324, 6.400850747981337e-05, 4.779893330640817e-06, 0.0009757867342731889, -6.418673064331572e-05, 0.9972284586303842, 0.07440024984993039, -0.00012479694338333666, -4.396709740286665e-09, -0.07440025000347429, 0.9972284606846226, 3.925610878030561e-09, 0.0, 0.0, 0.0, 1.0], "right_foot_pose": [0.9949977552323751, 0.0997426294958885, -0.005556522633826134, 0.0009677635475868085, -0.09989728265841011, 0.9934573750213059, -0.05534416801472195, -0.12512479643520552, -4.455003248516812e-09, 0.05562240445200074, 0.9984518757170914, 4.2005087602658975e-09, 0.0, 0.0, 0.0, 1.0]}, {"left_foot_pose": [0.999999997940015, 6.414644276007926e-05, 2.2813233965789833e-06, 0.0009757885447911027, -6.418699671798924e-05, 0.9993697027146521, 0.03549919965377214, -0.0001247972371829463, -2.7381062633811103e-09, -0.035499199727075915, 0.9993697047733328, 3.969349543497813e-09, 0.0, 0.0, 0.0, 1.0], "right_foot_pose": [0.9949977552258129, 0.09944935968790315, -0.009449441954896123, 0.0009677652132696539, -0.09989728272377017, 0.9905363457725035, -0.09411843925640899, -0.12512479584505012, -2.81528249564371e-09, 0.09459160936003393, 0.9955161613146609, 4.358899276246664e-09, 0.0, 0.0, 0.0, 1.0]}, {"left_foot_pose": [0.9999999979400354, 6.418664217346531e-05, -7.463916851364512e-08, 0.0009757853895931841, -6.418668547523872e-05, 0.9999992571527457, -0.0012171992553533565, -0.00012479653755690517, -3.488820220548758e-09, 0.0012171992576364922, 0.9999992592127098, 3.0528483768721415e-09, 0.0, 0.0, 0.0, 1.0], "right_foot_pose": [0.9949977552218079, 0.09903996337811422, -0.013059584894816125, 0.0009677620131740756, -0.09989728276366223, 0.986458670821478, -0.13007622249112175, -0.12512479642834085, -3.555063589304116e-09, 0.13073016643141191, 0.9914179863129452, 3.080510409259052e-09, 0.0, 0.0, 0.0, 1.0]}, {"left_foot_pose": [0.9999917553147113, 0.0040585258537165925, -0.0001329304246928308, 0.0012251516541182189, -0.004060702160877349, 0.9994618348703824, -0.03255075015249343, -0.00013729264652846684, 7.508251215681654e-07, 0.032551021572664984, 0.9994700750867995, 0.0006826701136220872, 0.0, 0.0, 0.0, 1.0], "right_foot_pose": [0.9949977552226272, 0.09858795896162344, -0.016120838989131907, 0.000967761726311178, -0.09989728275549961, 0.981956613807815, -0.16056693774609343, -0.1251247965142464, -2.2035965638941476e-09, 0.1613741706310874, 0.9868932956774651, 2.077458559346379e-09, 0.0, 0.0, 0.0, 1.0]}, {"left_foot_pose": [0.9998834141248439, 0.015243667499089128, -0.000888121176618351, 0.001924567664358561, -0.015269517086870353, 0.9982000130020681, -0.057996343769294544, -0.0001723379983084184, 2.445589465851526e-06, 0.058003143396281556, 0.9983164004213145, 0.002308087308622038, 0.0, 0.0, 0.0, 1.0], "right_foot_pose": [0.9949977552277129, 0.09815696952565695, -0.018565463240952863, 0.0009677617533473222, -0.09989728270484585, 0.9776638715540131, -0.18491589214074197, -0.12512479653056857, -9.203249390884647e-10, 0.18584553691589592, 0.9825789720976337, 1.2169254146043862e-09, 0.0, 0.0, 0.0, 1.0]}, {"left_foot_pose": [0.9994810105021871, 0.0321167599847037, -0.0024946690386415116, 0.0029821058961431563, -0.03221350068188027, 0.9964900139726358, -0.07726540252037611, -0.0002253267702736067, 4.398397304312409e-06, 0.07730566461070079, 0.9970074393903753, 0.004185476380099494, 0.0, 0.0, 0.0, 1.0], "right_foot_pose": [0.9949977552328712, 0.09779864909808607, -0.020368881072278893, 0.0009677619451914424, -0.0998972826534696, 0.9740949278545746, -0.20287829959471704, -0.1251247965010256, 1.0689988158371123e-10, 0.2038982485520176, 0.9789920858911063, 5.878516284862911e-10, 0.0, 0.0, 0.0, 1.0]}, {"left_foot_pose": [0.9985727604713519, 0.05319088377350055, -0.004813722885580149, 0.004305801320502808, -0.053408257862819816, 0.9945187313574378, -0.08988910374039785, -0.00029165137103912, 6.056707713708767e-06, 0.09001790301149763, 0.9959401473485895, 0.005623946732112056, 0.0, 0.0, 0.0, 1.0], "right_foot_pose": [0.9949977552357623, 0.097548780011915, -0.021533754758076545, 0.0009677622274986584, -0.09989728262467379, 0.9716061814284672, -0.21448067776421822, -0.12512479645134467, 7.802835147292374e-10, 0.2155589565018799, 0.9764908275410582, 2.019689485099896e-10, 0.0, 0.0, 0.0, 1.0]}, {"left_foot_pose": [0.9970030212871295, 0.07700763903421264, -0.007402639712513765, 0.005803688952717, -0.07736262337333576, 0.9924368579703833, -0.09531058412720735, -0.000366704377715266, 7.009438365912924e-06, 0.09559762796351416, 0.9954200588086513, 0.006000000059932821, 0.0, 0.0, 0.0, 1.0], "right_foot_pose": [0.9949977552353065, 0.09742974770108517, -0.02206606760625977, 0.0009677625373557773, -0.09989728262921434, 0.9704205954029569, -0.21978262201791518, -0.12512479641642818, 1.0523798028646396e-09, 0.2208875557397332, 0.9752992811026395, 4.3923198411732756e-11, 0.0, 0.0, 0.0, 1.0]}, {"left_foot_pose": [0.9947244130961396, 0.10212360310331524, -0.009701117447944793, 0.007383804174979643, -0.10258334143656543, 0.9902729783244166, -0.09400045989355392, -0.0004458777323919777, 7.088810552336454e-06, 0.09449972534186095, 0.9955248876146003, 0.006000000091986722, 0.0, 0.0, 0.0, 1.0], "right_foot_pose": [0.9949977552316336, 0.0974494248879606, -0.021979005278143324, 0.0009677628094551948, -0.09989728266580086, 0.9706165836236201, -0.21891546430255113, -0.12512479639865942, 9.19152198459256e-10, 0.22001603846951273, 0.9754962546397509, 9.32289870303471e-11, 0.0, 0.0, 0.0, 1.0]}, {"left_foot_pose": [0.9918278392989641, 0.1270989980787322, -0.011107739595951936, 0.008954181904969738, -0.12758345171655683, 0.988066013051095, -0.08630189280313451, -0.0005245630914155041, 6.295869005005367e-06, 0.08701378362476356, 0.9962071076938096, 0.00600000032625167, 0.0, 0.0, 0.0, 1.0], "right_foot_pose": [0.9949977552257538, 0.09760584317355803, -0.021273609803928, 0.0009677630105956944, -0.09989728272436135, 0.9721745406058651, -0.21188958327880184, -0.12512479637556148, 4.0254076249547105e-10, 0.2129548355312788, 0.9770620441015229, 3.5313308527351595e-10, 0.0, 0.0, 0.0, 1.0]}, {"left_foot_pose": [0.988550312647905, 0.15054027579404308, -0.010291002263340532, 0.010422856725073138, -0.15089161455792033, 0.9862505663397956, -0.0673909567415184, -0.000598153272405394, 4.453596530855142e-06, 0.06817217730340372, 0.9976735709749357, 0.0053903332454595665, 0.0, 0.0, 0.0, 1.0], "right_foot_pose": [0.9949977552272518, 0.09797560099359275, -0.01949996673520155, 0.0009677628391681701, -0.09989728270943932, 0.9758574031034148, -0.19422374137970427, -0.12512479645705868, -8.900840904346912e-10, 0.19520018037441503, 0.9807634218208772, 8.543221685641811e-10, 0.0, 0.0, 0.0, 1.0]}, {"left_foot_pose": [0.9852608013705009, 0.17087493559324426, -0.007931561558973082, 0.011697864585472749, -0.17105891755914895, 0.9842017842389106, -0.04566940578152642, -0.0006620395569168439, 2.5002666415776282e-06, 0.046353039673252605, 0.9989251201700753, 0.003801253843055269, 0.0, 0.0, 0.0, 1.0], "right_foot_pose": [0.9949977552234467, 0.09836497503040159, -0.01742982465689936, 0.0009677627622632287, -0.09989728274733882, 0.9797356477306931, -0.17360470461775557, -0.1251247964859085, -1.884826088303963e-09, 0.17447748351288297, 0.984661163927476, 1.5579950940480813e-09, 0.0, 0.0, 0.0, 1.0]}, {"left_foot_pose": [0.982424671042203, 0.18662769904217502, -0.0034449496141379767, 0.0126872404188316, -0.1866594913930946, 0.9822574111280642, -0.01812767378526798, -0.0007116133998714379, 7.0124191793982e-07, 0.018452106498101764, 0.9998297453893299, 0.0019195618988494464, 0.0, 0.0, 0.0, 1.0], "right_foot_pose": [0.9949977552243705, 0.09880890725766991, -0.014706017306130206, 0.0009677625431989581, -0.09989728273813558, 0.9841573041739181, -0.1464750270273511, -0.12512479651131433, -3.0139744161168663e-09, 0.14721141425742565, 0.9891050497860824, 2.4319139271811174e-09, 0.0, 0.0, 0.0, 1.0]}, {"left_foot_pose": [0.9805473165428559, 0.1962613869624791, 0.0029031031965831553, 0.013299019323469219, -0.19628285717435023, 0.9804400815594442, 0.01450125688292502, -0.0007422664531733947, -2.8194629146172216e-07, -0.014788997913148376, 0.9998906367901677, 0.0004361478760253473, 0.0, 0.0, 0.0, 1.0], "right_foot_pose": [0.994997755232888, 0.09924705532956095, -0.011379327305442576, 0.0009677621800509926, -0.09989728265329989, 0.9885213509781797, -0.11334051163975192, -0.1251247965221571, -4.028592197687916e-09, 0.11391031853473627, 0.993491036361836, 3.3133751367597775e-09, 0.0, 0.0, 0.0, 1.0]}, {"left_foot_pose": [0.9800538239060191, 0.19846308967686915, 0.010339452746702301, 0.013454921192109958, -0.19873223756399003, 0.9787265141880243, 0.050989294740855395, -0.0007500766868808358, -3.570677329637699e-09, -0.05202703586858604, 0.9986456766735287, 3.795213740498404e-09, 0.0, 0.0, 0.0, 1.0], "right_foot_pose": [0.9949977552696092, 0.09960521629955324, -0.007633340969588476, 0.0009677608983939417, -0.09989728228755154, 0.9920887144212911, -0.07602970281061884, -0.1251247964694325, -3.5643840711682923e-09, 0.0764119336480172, 0.9970763342874862, 3.7174461287037275e-09, 0.0, 0.0, 0.0, 1.0]}, {"left_foot_pose": [0.9800538238984239, 0.19792898670946646, 0.01784988745740339, 0.013454919673260157, -0.198732237601447, 0.9760925686563755, 0.08802724096392603, -0.0007500769559352655, 1.0829552991138448e-10, -0.08981878218926777, 0.9959581248054747, 3.785054762672768e-09, 0.0, 0.0, 0.0, 1.0], "right_foot_pose": [0.9949977552925541, 0.09982280742831402, -0.0038566928719068394, 0.0009677594041922475, -0.09989728205901535, 0.9942559725044732, -0.038413463478389795, -0.1251247962376517, 1.5455087348276688e-10, 0.038606583069650036, 0.9992544879777554, 3.6276783382804823e-09, 0.0, 0.0, 0.0, 1.0]}, {"left_foot_pose": [0.9800538239007734, 0.19716029617275754, 0.024946339822570184, 0.013454921754344361, -0.1987322375898599, 0.9723017509991008, 0.12302358613944861, -0.0007500770193233381, -3.211015486555449e-09, -0.12552737795856952, 0.992090155874378, 3.10579643253428e-09, 0.0, 0.0, 0.0, 1.0], "right_foot_pose": [0.9949977552596634, 0.09989696291328819, -0.0002526438841275612, 0.0009677613859531912, -0.09989728238661473, 0.9949945731581517, -0.002516417611726381, -0.12512479672867385, -3.183184690265015e-09, 0.002529068312399364, 0.9999968019016218, 3.120666655642701e-09, 0.0, 0.0, 0.0, 1.0]}, {"left_foot_pose": [0.9800538239247508, 0.19626507680188718, 0.031217332339966024, 0.013454922797383514, -0.19873223747161514, 0.9678869512902574, 0.15394917119483686, -0.0007500771551162359, -2.717803275477413e-09, -0.15708236422336266, 0.987585505589263, 2.2012889844269523e-09, 0.0, 0.0, 0.0, 1.0], "right_foot_pose": [0.9946808711895732, 0.10295948995283298, 0.0030508881008578658, 0.0007748164913553728, -0.10300468187988239, 0.9942446444682884, 0.029455431705392516, -0.1250956219447937, -6.129304222718649e-07, -0.029613010228264975, 0.9995614386443914, 0.0005400726966243857, 0.0, 0.0, 0.0, 1.0]}, {"left_foot_pose": [0.9800538239269925, 0.1953908190023666, 0.03628953093752002, 0.013454923147921325, -0.19873223746056076, 0.9635755228439667, 0.17896287204304545, -0.0007500772247638629, -1.607376890973368e-09, -0.18260514676635148, 0.9831863304452724, 1.3610607918490558e-09, 0.0, 0.0, 0.0, 1.0], "right_foot_pose": [0.9935516267720115, 0.11320308859145858, 0.006342371168887674, 0.00013008993312427306, -0.11338061974445278, 0.9919970342676564, 0.05555824934731027, -0.12499813821050798, -2.247966911405075e-06, -0.05591909099340318, 0.9984353034911267, 0.0020904242253132546, 0.0, 0.0, 0.0, 1.0]}, {"left_foot_pose": [0.9800538239224739, 0.19464733660813943, 0.04008636384477022, 0.013454923277763304, -0.1987322374828441, 0.9599090166973303, 0.19768706950184484, -0.0007500772875860141, -5.408028085282965e-10, -0.20171042118473367, 0.9794452031560921, 7.168374782651199e-10, 0.0, 0.0, 0.0, 1.0], "right_foot_pose": [0.9915651109010173, 0.12923332523951578, 0.009868054083283399, -0.000879889477506085, -0.1296095321574395, 0.9886894526209381, 0.07546214580860927, -0.12484542865240711, -4.216957479533481e-06, -0.07610462485058124, 0.9970998375581902, 0.003974028914114476, 0.0, 0.0, 0.0, 1.0]}, {"left_foot_pose": [0.9800538239157683, 0.1941117685771435, 0.04260426654613521, 0.013454923227302264, -0.19873223751591115, 0.9572678462649331, 0.2101041843448539, -0.000750077324902839, 3.303215152269895e-10, -0.21438025050631557, 0.9767502793410658, 2.914374228057959e-10, 0.0, 0.0, 0.0, 1.0], "right_foot_pose": [0.9886565511343126, 0.14958728266679722, 0.013485872740395857, -0.0021640761749198924, -0.15019395415197612, 0.9846666719164695, 0.08873173813882967, -0.12465125904858279, -5.949834685233951e-06, -0.08975071075655887, 0.9959642613484138, 0.005499996143002381, 0.0, 0.0, 0.0, 1.0]}, {"left_foot_pose": [0.9800538238959599, 0.1938539987477138, 0.043762191860431565, 0.01345492292244193, -0.1987322376135984, 0.9559966462695334, 0.21581452697744286, -0.0007500772087109114, 3.904471947299188e-10, -0.22020681072784, 0.9754532077496461, 4.0321905536711e-11, 0.0, 0.0, 0.0, 1.0], "right_foot_pose": [0.9848101994635587, 0.1728218353285857, 0.016777492846215835, -0.0036314247918818776, -0.17363430243780625, 0.9802060027866496, 0.09511740701866837, -0.12442939494030227, -7.034346908662445e-06, -0.09658574084551949, 0.9953246679429983, 0.006000000047193303, 0.0, 0.0, 0.0, 1.0]}, {"left_foot_pose": [0.9800538238992594, 0.19387980416236852, 0.043647723862779424, 0.01345492274325426, -0.1987322375973252, 0.9561239064066848, 0.2152500251734751, -0.0007500771830476725, 4.811368784747519e-10, -0.2196308200949568, 0.9755830579014879, 5.410145942352784e-11, 0.0, 0.0, 0.0, 1.0], "right_foot_pose": [0.9801133540158431, 0.19753070335028428, 0.01895875823350598, -0.005190890192030713, -0.19843843687265603, 0.975633388457317, 0.09360383591942799, -0.12419360237533925, -7.1659908493998925e-06, -0.09550451592064296, 0.9954289966579296, 0.006000000059952285, 0.0, 0.0, 0.0, 1.0]}, {"left_foot_pose": [0.9800538239088251, 0.1941794948553843, 0.042294515240137706, 0.013454922520795783, -0.19873