{"LoopMode": "Wrap", "FrameDuration": 0.0167, "EnableCycleOffsetPosition": true, "EnableCycleOffsetRotation": false, "Debug_info": [{"left_foot_pose": [0.9999999999884726, 4.785130400566569e-06, 3.974043959464019e-07, 0.00019842111302271817, -4.801604232063508e-06, 0.9965691632582974, 0.08276413969590064, -6.676505781610075e-05, -3.765537745234218e-12, -0.08276413969685505, 0.9965691632697854, 3.2324837251351823e-12, 0.0, 0.0, 0.0, 1.0], "right_foot_pose": [0.9999999979400312, 6.398293128510394e-05, -5.110932503438697e-06, 0.0009680834198771603, -6.418673637819799e-05, 0.9968248031031633, -0.07962604974757198, -0.12012479653779061, -3.783280045316682e-12, 0.07962604991159872, 0.996824805156591, 3.1225994012729075e-12, 0.0, 0.0, 0.0, 1.0]}, {"left_foot_pose": [0.9999999999884724, 4.785771399304062e-06, 3.896043873074212e-07, 0.0001984211118494707, -4.801603842663748e-06, 0.9967029138325225, 0.08113754700941078, -6.676505823768886e-05, -1.407621823315341e-11, -0.08113754701034653, 0.9967029138440126, 1.2160585038945015e-11, 0.0, 0.0, 0.0, 1.0], "right_foot_pose": [0.9999999979400315, 6.397449561567424e-05, -5.215466289843433e-06, 0.000968083419044686, -6.418673677555158e-05, 0.996693359867823, -0.0812547984764798, -0.12012479653858443, -1.4129320948792655e-11, 0.08125479864386104, 0.9966933619209801, 1.2173491381606283e-11, 0.0, 0.0, 0.0, 1.0]}, {"left_foot_pose": [0.9999999999884728, 4.786806310327987e-06, 3.7666801877547503e-07, 0.0001984211094962903, -4.8016032161155765e-06, 0.9969188587065152, 0.07843971654872692, -6.676505856865328e-05, -3.17213543848382e-11, -0.07843971654963162, 0.9969188587180075, 2.742331361993422e-11, 0.0, 0.0, 0.0, 1.0], "right_foot_pose": [0.9999999979400311, 6.396013579157493e-05, -5.388719505117716e-06, 0.0009680834171102144, -6.418673748039126e-05, 0.9964696056508533, -0.08395427859314573, -0.1201247965395166, -3.1858944781307197e-11, 0.08395427876608669, 0.9964696077035496, 2.7733523810802296e-11, 0.0, 0.0, 0.0, 1.0]}, {"left_foot_pose": [0.9999999999884727, 4.7881974533334906e-06, 3.5854006735771817e-07, 0.00019842110598418934, -4.801602422716639e-06, 0.9972091033466334, 0.07465925381055583, -6.676505868395514e-05, -5.617014845836134e-11, -0.07465925381141705, 0.997209103358129, 4.853738244658956e-11, 0.0, 0.0, 0.0, 1.0], "right_foot_pose": [0.9999999979400311, 6.393924043832876e-05, -5.631246251636638e-06, 0.0009680834140223721, -6.418673852259578e-05, 0.9961440138947815, -0.08773311496610557, -0.12012479654042821, -5.648803870689286e-11, 0.08773311514682922, 0.9961440159468075, 4.9240438115827345e-11, 0.0, 0.0, 0.0, 1.0]}, {"left_foot_pose": [0.9999999999884728, 4.789881653758084e-06, 3.352776665187766e-07, 0.00019842110133043696, -4.80160154116072e-06, 0.9975604379728347, 0.06980811248266064, -6.676505844459106e-05, -8.713860552346504e-11, -0.06980811248346612, 0.997560437984334, 7.526700790405627e-11, 0.0, 0.0, 0.0, 1.0], "right_foot_pose": [0.999999997940031, 6.391110859776375e-05, -5.942035370965441e-06, 0.0009680834097304179, -6.418673995875857e-05, 0.9957056609987958, -0.0925755504170185, -0.12012479654116094, -8.779955428464344e-11, 0.09257555060771547, 0.9957056630499187, 7.637716847863629e-11, 0.0, 0.0, 0.0, 1.0]}, {"left_foot_pose": [0.9999999999884728, 4.79178310678149e-06, 3.068932218907275e-07, 0.00019842109546817552, -4.80160064701929e-06, 0.9979570247978672, 0.06388878331549601, -6.676505767407026e-05, -1.2505421698066884e-10, -0.06388878331623343, 0.9979570248093713, 1.080287179155981e-10, 0.0, 0.0, 0.0, 1.0], "right_foot_pose": [0.9999999979400311, 6.387478067487389e-05, -6.320619316103007e-06, 0.0009680834041029649, -6.418674189256057e-05, 0.9951395914719291, -0.09847430814757847, -0.12012479654154863, -1.2631102205266606e-10, 0.09847430835042421, 0.9951395935218865, 1.0949558620909627e-10, 0.0, 0.0, 0.0, 1.0]}, {"left_foot_pose": [0.9999999999884726, 4.793816273578372e-06, 2.7328815649365865e-07, 0.00019842108822044864, -4.801599821834981e-06, 0.9983809954650174, 0.056880470033451154, -6.676505612825644e-05, -1.7117902864541882e-10, -0.05688047003410798, 0.9983809954765263, 1.4800297792882944e-10, 0.0, 0.0, 0.0, 1.0], "right_foot_pose": [0.9999999979400307, 6.382893532243997e-05, -6.767952707154524e-06, 0.0009680833968917516, -6.41867444898622e-05, 0.9944252105749741, -0.1054442812720559, -0.12012479654138936, -1.734136068237881e-10, 0.10544428148925664, 0.9944252126234602, 1.497243093395717e-10, 0.0, 0.0, 0.0, 1.0]}, {"left_foot_pose": [0.9999999999884727, 4.795882773471074e-06, 2.3422874045877743e-07, 0.00019842107928873243, -4.8015991736989345e-06, 0.9988117904731877, 0.04873404547839731, -6.676505345333886e-05, -2.276587125553779e-10, -0.04873404547896051, 0.9988117904847017, 1.9718523341927252e-10, 0.0, 0.0, 0.0, 1.0], "right_foot_pose": [0.9999999979400307, 6.377179925760126e-05, -7.286716556421047e-06, 0.0009680833877053881, -6.418674799885404e-05, 0.9935348781475816, -0.11352727330616025, -0.12012479654040525, -2.314376107962732e-10, 0.11352727354000802, 0.9935348801942345, 1.9901015557710622e-10, 0.0, 0.0, 0.0, 1.0]}, {"left_foot_pose": [0.9999999999884727, 4.797864284004018e-06, 1.8934123779948082e-07, 0.00019842106825393834, -4.801598869183649e-06, 0.9992246598493509, 0.03937104425709858, -6.676504912989621e-05, -2.9750713486031794e-10, -0.039371044257554166, 0.9992246598608698, 2.583978378489782e-10, 0.0, 0.0, 0.0, 1.0], "right_foot_pose": [0.9999999979400304, 6.370104781408954e-05, -7.881353878914031e-06, 0.0009680833759905752, -6.418675277253193e-05, 0.9924323578107502, -0.12279255291040987, -0.12012479653818758, -3.0367145836210943e-10, 0.12279255316333926, 0.9924323598551331, 2.601155055237392e-10, 0.0, 0.0, 0.0, 1.0]}, {"left_foot_pose": [0.9999999999884726, 4.799612226270194e-06, 1.381205158023335e-07, 0.0001984210545875594, -4.801599176161258e-06, 0.999588487274437, 0.028685468191194628, -6.676504240434207e-05, -3.8455384229109526e-10, -0.028685468191527473, 0.99958848728596, 3.3528126108794964e-10, 0.0, 0.0, 0.0, 1.0], "right_foot_pose": [0.9999999979400298, 6.361369450309547e-05, -8.557916831520237e-06, 0.0009680833610210829, -6.418675929401008e-05, 0.9910710946083632, -0.13333447158121037, -0.12012479653413193, -3.9434037984919675e-10, 0.13333447185585015, 0.9910710966499432, 3.365968059831914e-10, 0.0, 0.0, 0.0, 1.0]}, {"left_foot_pose": [0.9999999999884727, 4.800934770083408e-06, 7.995694484277603e-08, 0.00019842103770464266, -4.801600517885364e-06, 0.9998630483310413, 0.016549457970082893, -6.676503222422837e-05, -4.931264829201274e-10, -0.016549457970276352, 0.9998630483425675, 4.320822657999379e-10, 0.0, 0.0, 0.0, 1.0], "right_foot_pose": [0.9999999979400295, 6.350598818592485e-05, -9.323662095051474e-06, 0.0009680833419281294, -6.418676818529185e-05, 0.9893926117092069, -0.1452661549545985, -0.12012479652737298, -5.083296329852225e-10, 0.14526615525380998, 0.9893926137473313, 4.3257551707309716e-10, 0.0, 0.0, 0.0, 1.0]}, {"left_foot_pose": [0.9999999999884727, 4.80158257379252e-06, 1.419835532470359e-08, 0.0001984210171408362, -4.8016035248771665e-06, 0.9999960055952861, 0.002826441299216483, -6.676501724687915e-05, -6.269073320885574e-10, -0.0028264412992523935, 0.9999960056068138, 5.527279328676471e-10, 0.0, 0.0, 0.0, 1.0], "right_foot_pose": [0.9999999979400287, 6.337337440638788e-05, -1.0186175043669858e-05, 0.0009680833178721522, -6.418678014394532e-05, 0.9873259099333314, -0.1587058393833593, -0.12012479651677178, -6.500359773167956e-10, 0.15870583971024738, 0.9873259119672011, 5.517997656023788e-10, 0.0, 0.0, 0.0, 1.0]}, {"left_foot_pose": [0.9999999999884726, 4.801237767239314e-06, -5.971362510024203e-08, 0.00019842099298437183, -4.801609021318777e-06, 0.9999206186503263, -0.01259985614578136, -6.67649961031587e-05, -7.860204560575733e-10, 0.012599856145922517, 0.9999206186618531, 6.983211578437398e-10, 0.0, 0.0, 0.0, 1.0], "right_foot_pose": [0.9999999979400275, 6.32106669159924e-05, -1.1151516907448802e-05, 0.0009680832885324961, -6.418679568744682e-05, 0.9847901515881454, -0.17374795888024983, -0.12012479650110194, -8.203305483950935e-10, 0.17374795923811379, 0.9847901536167951, 6.951467665383682e-10, 0.0, 0.0, 0.0, 1.0]}, {"left_foot_pose": [0.9999999999884728, 4.7995193570747364e-06, -1.4194373593188022e-07, 0.0001984209669089401, -4.8016177647317615e-06, 0.9995570294734233, -0.029761465138856368, -6.676496841163775e-05, -9.598692198262858e-10, 0.02976146513919452, 0.9995570294849461, 8.606939883026854e-10, 0.0, 0.0, 0.0, 1.0], "right_foot_pose": [0.9999999979400264, 6.301279630423345e-05, -1.222025557468025e-05, 0.0009680832553921742, -6.418681440427965e-05, 0.9817063624174335, -0.19040119187963075, -0.12012479647982942, -1.0088718962225784e-09, 0.19040119227178842, 0.981706364439735, 8.542580948178724e-10, 0.0, 0.0, 0.0, 1.0]}, {"left_foot_pose": [0.9999999999884728, 4.796040021004126e-06, -2.3161804235680532e-07, 0.00019842094450207986, -4.801629469636633e-06, 0.9988247147404988, -0.048468435094467896, -6.676493768581482e-05, -1.1107295791835495e-09, 0.04846843509502098, 0.9988247147520133, 1.0070765332770293e-09, 0.0, 0.0, 0.0, 1.0], "right_foot_pose": [0.9999999979400249, 6.277698252316656e-05, -1.3379088399601487e-05, 0.0009680832248122397, -6.418683307138393e-05, 0.9780313843866537, -0.20845768643726398, -0.12012479645539048, -1.1761891518878975e-09, 0.20845768686660746, 0.9780313864013891, 9.96524522622888e-10, 0.0, 0.0, 0.0, 1.0]}, {"left_foot_pose": [0.9999999999884726, 4.7905990063105175e-06, -3.2544097305917506e-07, 0.0001984209395870605, -4.8016402776889954e-06, 0.9976843290848432, -0.06801455340933744, -6.676491779791967e-05, -1.1430931622025347e-09, 0.06801455341011568, 0.9976843290963447, 1.050162672100452e-09, 0.0, 0.0, 0.0, 1.0], "right_foot_pose": [0.9999999979400245, 6.250824644161598e-05, -1.4583202724516777e-05, 0.0009680832140497741, -6.418684190248952e-05, 0.9738439740574559, -0.22721775914754236, -0.12012479643828378, -1.2195890241417538e-09, 0.22721775961552887, 0.9738439760635682, 1.036026625600428e-09, 0.0, 0.0, 0.0, 1.0]}, {"left_foot_pose": [0.9999999999881658, 4.8469388367246434e-06, -4.204865472479997e-07, 0.0001992522022488376, -4.865143823526864e-06, 0.9962443333061086, -0.08658653666591898, -6.682720296953375e-05, -7.723076297607381e-10, 0.08658653666693959, 0.9962443333178995, 3.932722272185357e-05, 0.0, 0.0, 0.0, 1.0], "right_foot_pose": [0.9999999979400258, 6.223205554663394e-05, -1.57200348192004e-05, 0.0009680832559040141, -6.418682287937794e-05, 0.9695419820471511, -0.24492517414127526, -0.1201247964642678, -9.633255018423186e-10, 0.24492517464575464, 0.9695419840443974, 8.15340711612933e-10, 0.0, 0.0, 0.0, 1.0]}, {"left_foot_pose": [0.9999999999782535, 6.5602111180944105e-06, -6.76408351108057e-07, 0.00022189601462237497, -6.594990380393663e-06, 0.994729862182969, -0.10253048930907527, -6.851821880729178e-05, 2.2192999968240628e-10, 0.1025304893113061, 0.9947298622046014, 0.0010058886317262788, 0.0, 0.0, 0.0, 1.0], "right_foot_pose": [0.9999999979400277, 6.198776024057595e-05, -1.6657181181046115e-05, 0.0009680833237746569, -6.418679072976769e-05, 0.9657377446208089, -0.25951995009010237, -0.12012479652579676, -5.918583865168466e-10, 0.25951995062466926, 0.9657377466102115, 4.817499593690044e-10, 0.0, 0.0, 0.0, 1.0]}, {"left_foot_pose": [0.9999999999462971, 1.0294924197906844e-05, -1.1921503990099587e-06, 0.000271229233456426, -1.0363719663430883e-05, 0.9933756784767451, -0.11491197197620676, -7.220105636193686e-05, 1.2431703824231067e-09, 0.11491197198239038, 0.993375678530091, 0.0027527501438487575, 0.0, 0.0, 0.0, 1.0], "right_foot_pose": [0.9999999979400298, 6.180205587216753e-05, -1.7333381814200104e-05, 0.0009680833816399156, -6.418676059025271e-05, 0.9628463010394863, -0.2700499888069594, -0.12012479655055905, -2.619324160462916e-10, 0.27004998936323793, 0.9628463030229255, 2.023422887575954e-10, 0.0, 0.0, 0.0, 1.0]}, {"left_foot_pose": [0.9999999998762259, 1.5614366520725598e-05, -1.9340561541184044e-06, 0.00034152318333454594, -1.573369030682101e-05, 0.9924323479705328, -0.12279264820886984, -7.744825516314488e-05, 2.0904749655035576e-09, 0.12279264822410076, 0.9924323480933666, 0.0045890208432729715, 0.0, 0.0, 0.0, 1.0], "right_foot_pose": [0.9999999979400309, 6.169151108372812e-05, -1.772273128486426e-05, 0.0009680834161823537, -6.418674118515921e-05, 0.9611252245175272, -0.2761128368551437, -0.12012479654736725, -5.4050365583987226e-11, 0.27611283742392395, 0.961125226497416, 3.578080887134405e-11, 0.0, 0.0, 0.0, 1.0]}, {"left_foot_pose": [0.9999999997520848, 2.209164211644847e-05, -2.7911100205506076e-06, 0.00042704904437748176, -2.226726161730586e-05, 0.9921275554965472, -0.12523143825979036, -8.383255052774041e-05, 2.5690460060211973e-09, 0.1252314382908936, 0.9921275557425038, 0.005823810245147429, 0.0, 0.0, 0.0, 1.0], "right_foot_pose": [0.9999999979400314, 6.166570304066746e-05, -1.7812305417475495e-05, 0.0009680834228819393, -6.418673660330106e-05, 0.9607234320069498, -0.2775076270534761, -0.12012479653360963, -3.7289378343410425e-12, 0.2775076276251326, 0.9607234339860098, 4.556771626695877e-14, 0.0, 0.0, 0.0, 1.0]}, {"left_foot_pose": [0.9999999995640849, 2.9307562065147994e-05, -3.5914213473159044e-06, 0.0005220778496428394, -2.9526792832866953e-05, 0.9925856712354475, -0.12154704597909967, -9.092661202368679e-05, 2.5457746398987063e-09, 0.12154704603215821, 0.9925856716681224, 0.006000000106659693, 0.0, 0.0, 0.0, 1.0], "right_foot_pose": [0.9999999979400305, 6.172875516550743e-05, -1.759259712369501e-05, 0.0009680834033125899, -6.418674853754786e-05, 0.9617050485701422, -0.27408647437398664, -0.1201247965180803, -1.2739943504877283e-10, 0.2740864749385883, 0.9617050505512272, 1.0006754452840383e-10, 0.0, 0.0, 0.0, 1.0]}, {"left_foot_pose": [0.9999999993127362, 3.68395066307349e-05, -4.168916236780384e-06, 0.0006208808553115684, -3.7074642373259983e-05, 0.9936640260361063, -0.11239128964109503, -9.830239184765999e-05, 2.0624317937052528e-09, 0.1123912897184132, 0.9936640267190078, 0.006000000367837481, 0.0, 0.0, 0.0, 1.0], "right_foot_pose": [0.9999999979400289, 6.187763308440179e-05, -1.706167771786718e-05, 0.0009680833568165665, -6.418677685078335e-05, 0.9640228420809327, -0.26581940453296243, -0.12012479648123567, -4.285359674240145e-10, 0.26581940508051605, 0.9640228440667995, 3.466827588893828e-10, 0.0, 0.0, 0.0, 1.0]}, {"left_foot_pose": [0.9999999990110691, 4.426031608882494e-05, -4.345991548416425e-06, 0.0007177293088108612, -4.447317417910929e-05, 0.9952162180114488, -0.0976968649912904, -0.00010553240233876146, 1.1071466846332822e-09, 0.09769686508795458, 0.9952162189956447, 0.005978465282266719, 0.0, 0.0, 0.0, 1.0], "right_foot_pose": [0.9999999979400258, 6.210727951849848e-05, -1.6205984764650546e-05, 0.0009680832785429197, -6.418682193813666e-05, 0.9675980754925265, -0.2524954656686151, -0.12012479643816917, -9.267937034834194e-10, 0.2524954661886914, 0.9675980774857684, 7.540578439435563e-10, 0.0, 0.0, 0.0, 1.0]}, {"left_foot_pose": [0.9999999986849377, 5.1133639889240885e-05, -3.934016702123809e-06, 0.0008068943169758893, -5.1284750322108534e-05, 0.9970530302900414, -0.07671539714634305, -0.00011218977262814588, -3.142178290465312e-10, 0.07671539724721219, 0.9970530316012302, 0.005079320082894294, 0.0, 0.0, 0.0, 1.0], "right_foot_pose": [0.999999997940022, 6.24095703252997e-05, -1.5000047530578298e-05, 0.0009680831669421972, -6.418688254922616e-05, 0.9723043502722485, -0.2337183054912585, -0.12012479644215779, -1.647554843590116e-09, 0.23371830597260998, 0.9723043522751986, 1.3304217658105522e-09, 0.0, 0.0, 0.0, 1.0]}, {"left_foot_pose": [0.9999999983714096, 5.700108842990448e-05, -2.838563234298561e-06, 0.0008826471902296776, -5.7071722594388896e-05, 0.9987607281459898, -0.04976951532928758, -0.00011784563201057419, -1.871061641261342e-09, 0.049769515410234784, 0.9987607297725674, 0.0033592344447553185, 0.0, 0.0, 0.0, 1.0], "right_foot_pose": [0.9999999979400178, 6.276688172149451e-05, -1.3426947019390883e-05, 0.0009680830296409506, -6.41869483678503e-05, 0.9778677578971229, -0.20922390863687107, -0.12012479644311379, -2.553749543249996e-09, 0.2092239090677081, 0.9778677599115475, 2.0741338160878975e-09, 0.0, 0.0, 0.0, 1.0]}, {"left_foot_pose": [0.9999999981152384, 6.138691338360766e-05, -1.0820356580187818e-06, 0.0009392592698237788, -6.139644879688661e-05, 0.999843733298258, -0.01767781702244203, -0.00012207186409564884, -3.3200508352533824e-09, 0.01767781705555638, 0.999843735182729, 0.001509098657535575, 0.0, 0.0, 0.0, 1.0], "right_foot_pose": [0.9999999979400143, 6.315086503226116e-05, -1.1486488423473817e-05, 0.0009680828798204937, -6.418700147179407e-05, 0.983847602223332, -0.17900807657597312, -0.12012479643902067, -3.5607903543974247e-09, 0.17900807694450208, 0.9838476042500846, 2.9257282638250892e-09, 0.0, 0.0, 0.0, 1.0]}, {"left_foot_pose": [0.9999999979634221, 6.381009070848376e-05, 1.195247166573223e-06, 0.0009710017785380641, -6.382128385602581e-05, 0.9998258877792648, 0.01865985137264476, -0.0001244404974229795, -4.352251079463203e-09, -0.018659851410925035, 0.9998258898154833, 0.00021980323032876753, 0.0, 0.0, 0.0, 1.0], "right_foot_pose": [0.9999999979400135, 6.352188747458334e-05, -9.216422343916668e-06, 0.0009680827552610486, -6.418701277975794e-05, 0.9896277953929415, -0.1436552208091786, -0.12012479643259569, -4.423045811579826e-09, 0.14365522110482523, 0.9896277974316018, 3.6839556960543973e-09, 0.0, 0.0, 0.0, 1.0]}, {"left_foot_pose": [0.9999999979400397, 6.407965148380152e-05, 3.7039877272537292e-06, 0.0009757851645831986, -6.418661260486153e-05, 0.9983377667523575, 0.05763418565395958, -0.00012479660714400168, -4.6523056726007456e-09, -0.057634185772982134, 0.9983377688088769, 3.967407943838985e-09, 0.0, 0.0, 0.0, 1.0], "right_foot_pose": [0.9999999979400171, 6.38316941008774e-05, -6.743933693598654e-06, 0.0009680827229019219, -6.418695966727316e-05, 0.9944574383076108, -0.10513990334168496, -0.12012479649181897, -4.703123050765627e-09, 0.10513990355797098, 0.9944574403562078, 3.964852300641919e-09, 0.0, 0.0, 0.0, 1.0]}, {"left_foot_pose": [0.9999999979400439, 6.388680637556451e-05, 6.195876128655088e-06, 0.0009757851937321235, -6.418654758613575e-05, 0.9953366696685847, 0.09646196086094513, -0.0001247967583078817, -4.33609550283004e-09, -0.09646196105992991, 0.9953366717189082, 3.6640323899939098e-09, 0.0, 0.0, 0.0, 1.0], "right_foot_pose": [0.9999999979400227, 6.404565481321748e-05, -4.255377931917046e-06, 0.0009680827940865305, -6.418686877588851e-05, 0.9977955016612663, -0.06636364023008098, -0.12012479663215332, -4.3058361279949796e-09, 0.06636364036651261, 0.9977955037167207, 3.6771273317914854e-09, 0.0, 0.0, 0.0, 1.0]}, {"left_foot_pose": [0.9999999979400442, 6.362406491306598e-05, 8.478815169020675e-06, 0.0009757852838122783, -6.418654010876678e-05, 0.9912438592902562, 0.1320439597234494, -0.00012479684306544465, -3.4000058195489576e-09, -0.1320439599956707, 0.991243861332146, 2.867800760752992e-09, 0.0, 0.0, 0.0, 1.0], "right_foot_pose": [0.9999999991987096, 4.0014990903347446e-05, -1.1752734406792251e-06, 0.0009680828901797137, -4.003222380093684e-05, 0.9995370817178627, -0.030424014665391238, -0.12012600421529568, -4.2687285232365376e-08, 0.030424014688061374, 0.9995370825188323, 8.978708993030715e-06, 0.0, 0.0, 0.0, 1.0]}, {"left_foot_pose": [0.9999999979400415, 6.333770137567802e-05, 1.0404478692714844e-05, 0.0009757852124748884, -6.418658417274385e-05, 0.9867801871960097, 0.16206436387278722, -0.00012479677920605638, -2.149149756579847e-09, -0.16206436420676948, 0.9867801892287139, 1.9221853692075186e-09, 0.0, 0.0, 0.0, 1.0], "right_foot_pose": [0.9999970705998491, -0.002420492941548831, -2.3749448537035963e-06, 0.000968075424376324, 0.0024204941066452053, 0.9999965941405974, 0.0009761739010034972, -0.12024902943249723, 1.2114727544606233e-08, -0.0009761767899397401, 0.999999523539324, 0.0008383177822779975, 0.0, 0.0, 0.0, 1.0]}, {"left_foot_pose": [0.9999999979400378, 6.306984154419696e-05, 1.1921399948709969e-05, 0.0009757852853214588, -6.418663948235265e-05, 0.9826037658906517, 0.18571439130445758, -0.00012479676264984512, -1.035252518632485e-09, -0.18571439168708778, 0.982603767914766, 1.111633902983744e-09, 0.0, 0.0, 0.0, 1.0], "right_foot_pose": [0.999964711377154, -0.00839772491841585, -0.00023284458090715502, 0.0009680566655299774, 0.008400952328870798, 0.9995825606897212, 0.027642871865059242, -0.12054805668276695, 6.101485481284671e-07, -0.02764385250240406, 0.9996178356844441, 0.002529238226633916, 0.0, 0.0, 0.0, 1.0]}, {"left_foot_pose": [0.9999999979400354, 6.285231177111572e-05, 1.301986808688202e-05, 0.000975785444332755, -6.418668132796042e-05, 0.9792117448742793, 0.20284071233443274, -0.0001247967844333897, -2.0005633323984508e-10, -0.20284071275229035, 0.9792117468914188, 5.222784288383409e-10, 0.0, 0.0, 0.0, 1.0], "right_foot_pose": [0.9998526903586752, -0.017143068299876305, -0.0008442699714792143, 0.0009680288357618506, 0.017163845153871704, 0.9986464667287066, 0.049098237339073196, -0.12098623812923194, 1.4327878756248628e-06, -0.04910549561439982, 0.9987935974456441, 0.004390849173766753, 0.0, 0.0, 0.0, 1.0]}, {"left_foot_pose": [0.9999999979400345, 6.270674788416307e-05, 1.3703862639934373e-05, 0.0009757856460948206, -6.418669707449146e-05, 0.9769420302239218, 0.21350471999941942, -0.00012479682637852457, 3.072594717074174e-10, -0.21350472043921292, 0.9769420322363936, 1.6674476382982917e-10, 0.0, 0.0, 0.0, 1.0], "right_foot_pose": [0.9996087405575083, -0.027912144619912416, -0.001810520297888863, 0.0009679940690300695, 0.027970802565684925, 0.9975175449113426, 0.06462493170502398, -0.12152672586527931, 2.205322759531418e-06, -0.06465028829606759, 0.9979079818391933, 0.005732260116557968, 0.0, 0.0, 0.0, 1.0]}, {"left_foot_pose": [0.9999999979400351, 6.26461444568041e-05, 1.3978229810694945e-05, 0.0009757858501783456, -6.418668338284177e-05, 0.975997489044826, 0.21778176521064707, -0.0001247968581667199, 4.707265021820608e-10, -0.21778176565924076, 0.9759974910553533, 3.2937798322141276e-11, 0.0, 0.0, 0.0, 1.0], "right_foot_pose": [0.9991963681414213, -0.03997413496162917, -0.0029472745142469403, 0.0009679548211541281, 0.04008263820727502, 0.9964965195625217, 0.0734034645921122, -0.12213267169536066, 2.708795386142904e-06, -0.0734626097674882, 0.9972979720017544, 0.006000000273892511, 0.0, 0.0, 0.0, 1.0]}, {"left_foot_pose": [0.9999999979400376, 6.267411477972369e-05, 1.385210109516753e-05, 0.0009757860158518102, -6.41866447794669e-05, 0.9764344242826276, 0.2158142973853431, -0.00012479688781449894, 3.0168712824720734e-10, -0.21581429782989392, 0.9764344262940501, 1.1013936290771298e-10, 0.0, 0.0, 0.0, 1.0], "right_foot_pose": [0.9986072210225414, -0.05260890470394541, -0.003990146299116848, 0.0009679139680370324, 0.05276000486753007, 0.9957513503356699, 0.07546939903741216, -0.12276722814166086, 2.8311433592631364e-06, -0.07557480698315519, 0.9971401348564018, 0.006000000205178185, 0.0, 0.0, 0.0, 1.0]}, {"left_foot_pose": [0.9999999979400414, 6.278846340331482e-05, 1.3323934083319095e-05, 0.000975786123803023, -6.418659015663242e-05, 0.9782183665435985, 0.2075784748880683, -0.00012479692626909348, -1.8356151954699072e-10, -0.20757847531568327, 0.9782183685586859, 4.0662945927083527e-10, 0.0, 0.0, 0.0, 1.0], "right_foot_pose": [0.9978680011308927, -0.06510019351098306, -0.004627863855918451, 0.0009678735484837954, 0.0652644797157907, 0.9953588909651497, 0.07071934575527464, -0.12339354808328144, 2.5423415259182857e-06, -0.07087060731685264, 0.9974855171941482, 0.005998212338914052, 0.0, 0.0, 0.0, 1.0]}, {"left_foot_pose": [0.9999999979400449, 6.298154725955801e-05, 1.2378840898440419e-05, 0.0009757861593655846, -6.418653282584955e-05, 0.9812297498474026, 0.19284235503253358, -0.00012479691081054237, -9.770611381978423e-10, -0.1928423554298421, 0.9812297518686801, 9.300702014103379e-10, 0.0, 0.0, 0.0, 1.0], "right_foot_pose": [0.9970419165322563, -0.07672705392032446, -0.004513964376555566, 0.0009678355184426569, 0.07685972075238041, 0.9953223713476912, 0.058531704406026897, -0.12397478332239648, 1.8844874423891239e-06, -0.05870550478035301, 0.9982753446344012, 0.005241070073685648, 0.0, 0.0, 0.0, 1.0]}, {"left_foot_pose": [0.9999999979400473, 6.323594340749455e-05, 1.1005540880014688e-05, 0.0009757860732122405, -6.418649752583559e-05, 0.9851961026554715, 0.17143113834004556, -0.00012479687215341193, -2.0062204596274487e-09, -0.17143113869331283, 0.9851961046849075, 1.6656297799344522e-09, 0.0, 0.0, 0.0, 1.0], "right_foot_pose": [0.996224690245781, -0.08674597225144932, -0.0033915841207370436, 0.0009678031650439421, 0.08681224881118883, 0.9954645845272686, 0.0389087960273356, -0.12447408697683274, 1.0205371140320619e-06, -0.03905633431472237, 0.9992370102977849, 0.00358170623326233, 0.0, 0.0, 0.0, 1.0]}, {"left_foot_pose": [0.9999999979400463, 6.352244540987065e-05, 9.209099150696543e-06, 0.000975785842576451, -6.418651391124822e-05, 0.9896611101403152, 0.14342553104636394, -0.0001247968185683901, -3.1468228476658566e-09, -0.1434255313420141, 0.989661112178943, 2.559216921715901e-09, 0.0, 0.0, 0.0, 1.0], "right_foot_pose": [0.9955351619385859, -0.09438402857915996, -0.001181733084156828, 0.0009677787812907585, 0.09439142622010022, 0.9954571693308185, 0.01246124728948865, -0.12485461213129916, 2.2195055602978856e-07, -0.01251715530952306, 0.9999216573426681, 0.0017110111338412975, 0.0, 0.0, 0.0, 1.0]}, {"left_foot_pose": [0.99999999794004, 6.380047251384047e-05, 7.029973199067484e-06, 0.0009757854716306619, -6.418660918840538e-05, 0.9939911898942135, 0.1094600853862508, -0.00012479675852791056, -4.126256209092429e-09, -0.1094600856119978, 0.9939911919417671, 3.425473085738595e-09, 0.0, 0.0, 0.0, 1.0], "right_foot_pose": [0.9951005219778841, -0.09884823794692615, 0.0019942452533423627, 0.0009677645628516868, 0.09886835266815701, 0.994898103089305, -0.020070209515293643, -0.12507951176936438, -1.6597383291792283e-07, 0.020169043707888256, 0.9997965841489366, 0.00031987531189348745, 0.0, 0.0, 0.0, 1.0]}, {"left_foot_pose": [0.9999999979400116, 6.402187210611644e-05, 4.601933051960855e-06, 0.0009757838546911888, -6.418705388857496e-05, 0.9974298749849656, 0.07164942684696596, -0.00012479663785269594, -2.975067075855313e-09, -0.07164942699475377, 0.9974298770396466, 3.7231964664097283e-09, 0.0, 0.0, 0.0, 1.0], "right_foot_pose": [0.9950105712202019, -0.09960476775345319, 0.005731788623762575, 0.0009677604164755388, 0.099769550264832, 0.9933671823442916, -0.05716360626583979, -0.12512479671343582, -2.9889214740651355e-09, 0.057450250496785656, 0.9983483704187913, 3.861869900256831e-09, 0.0, 0.0, 0.0, 1.0]}, {"left_foot_pose": [0.999999997940004, 6.415021250310679e-05, 2.177774919230845e-06, 0.0009757827987256383, -6.418716746944071e-05, 0.9994242285064865, 0.03392944671259994, -0.00012479667283345208, 6.019822932909921e-11, -0.03392944678249091, 0.9994242305652967, 3.57400960215859e-09, 0.0, 0.0, 0.0, 1.0], "right_foot_pose": [0.995010571214118, -0.09931783593779558, 0.009483176513557982, 0.0009677594269828344, 0.09976955032550855, 0.9905055835396346, -0.09457656054569816, -0.1251247963070537, 3.746726763244202e-11, 0.09505080978845666, 0.9954724222993615, 3.780634687255979e-09, 0.0, 0.0, 0.0, 1.0]}, {"left_foot_pose": [0.9999999979400271, 6.418670199659552e-05, -1.1632360558237488e-07, 0.0009757852924803708, -6.418680730805303e-05, 0.9999982567795025, -0.0018660969992727043, -0.0001247964859148864, -3.455209377728616e-09, 0.0018660970028947174, 0.9999982588394725, 3.079119265114727e-09, 0.0, 0.0, 0.0, 1.0], "right_foot_pose": [0.9950105712228945, -0.09891842569339586, 0.013004161373537021, 0.0009677619309011261, 0.09976955023798027, 0.9865222352185509, -0.12969161987077565, -0.12512479648912725, -3.4821211633465918e-09, 0.1303419521019027, 0.9914690996305762, 3.0249506996482545e-09, 0.0, 0.0, 0.0, 1.0]}, {"left_foot_pose": [0.9999922683601129, -0.003930114370847024, 0.000131988746726667, 0.0007264175373706208, 0.003932330021423377, 0.9994353999079215, -0.03336792159389364, -0.0001372606117713525, -7.744776867043407e-07, 0.03336818262845101, 0.9994431271400466, 0.0006826701210047859, 0.0, 0.0, 0.0, 1.0], "right_foot_pose": [0.995010571229161, -0.09846531388180696, 0.016079337808984656, 0.000967762549410397, 0.09976955017548288, 0.9820033111844859, -0.1603606363185417, -0.12512479649317138, -2.580685481654535e-09, 0.16116475664630578, 0.9869275156844786, 2.0932930250294746e-09, 0.0, 0.0, 0.0, 1.0]}, {"left_foot_pose": [0.9998853660638831, -0.015114638888438642, 0.0008957804239762464, 2.699713071266721e-05, 0.015141159965252423, 0.998143682899185, -0.058990961709052436, -0.00017221620189016885, -2.4904875426601474e-06, 0.05899776249760923, 0.9982581149252301, 0.002308087288679199, 0.0, 0.0, 0.0, 1.0], "right_foot_pose": [0.9950105712297439, -0.0980310744949452, 0.01854377454633429, 0.0009677628753341069, 0.09976955016967239, 0.9776726018928065, -0.18493869353678122, -0.12512479646239769, -1.4665263007988569e-09, 0.1858660591434506, 0.9825750902900416, 1.2664699428066584e-09, 0.0, 0.0, 0.0, 1.0]}, {"left_foot_pose": [0.999485137517544, -0.031985905708930035, 0.002522244539377834, -0.001030547632596351, 0.032085196923027776, 0.9964030428212888, -0.07843160329158376, -0.00022506922816752095, -4.466266290574507e-06, 0.07847214851434363, 0.9969163063605674, 0.004185476350536663, 0.0, 0.0, 0.0, 1.0], "right_foot_pose": [0.9950105712272235, -0.09766854641108673, 0.020367085899056687, 0.0009677629848812114, 0.09976955019480727, 0.9740570750405769, -0.20312274963017346, -0.1251247964158567, -4.185332574069762e-10, 0.20414129813769097, 0.9789414335876576, 6.449122971763366e-10, 0.0, 0.0, 0.0, 1.0]}, {"left_foot_pose": [0.9985796081614647, -0.053056790751066486, 0.0048726911757492695, -0.0023542511854461753, 0.05328007250672772, 0.9944053791230738, -0.09120951619636446, -0.00029122389240071253, -6.146100634349888e-06, 0.0913395802831088, 0.9958198034965625, 0.005623946725337989, 0.0, 0.0, 0.0, 1.0], "right_foot_pose": [0.995010571223892, -0.09741448057482534, 0.021549527304347237, 0.0009677629179646119, 0.09976955022803217, 0.971523251834448, -0.21491535076005197, -0.12512479637738735, 4.1963206595783883e-10, 0.21599303257132368, 0.9763949046777349, 2.4510237589536743e-10, 0.0, 0.0, 0.0, 1.0]}, {"left_foot_pose": [0.9970129438507788, -0.07686937225440975, 0.007502626421310169, -0.0038521482811822577, 0.07723464082501498, 0.9923066760659285, -0.09675882849445964, -0.00036608459711329547, -7.11587945343046e-06, 0.09704926709770761, 0.9952795786637857, 0.006000000076519053, 0.0, 0.0, 0.0, 1.0], "right_foot_pose": [0.9950105712218156, -0.09729154460478982, 0.022097929886086227, 0.0009677627222794464, 0.09976955024874172, 0.9702971991049273, -0.2203846234479552, -0.12512479637135304, 9.479098207174838e-10, 0.22148973059161747, 0.9751627039845467, 5.858380447421041e-11, 0.0, 0.0, 0.0, 1.0]}, {"left_foot_pose": [0.9947375731111855, -0.10198110312172762, 0.009849631817757545, -0.0054322736606358685, 0.10245565181549214, 0.9901369569816276, -0.09555964540655226, -0.0004450551183897717, -7.2064229427020266e-06, 0.09606592020710981, 0.9953749740287977, 0.006000000079195648, 0.0, 0.0, 0.0, 1.0], "right_foot_pose": [0.9950105712224288, -0.0973073033450723, 0.022028433247186677, 0.0009677624546110025, 0.09976955024262504, 0.9704543621415183, -0.2196915288418821, -0.1251247963819363, 1.1034838673371915e-09, 0.22079316048331107, 0.9753206551097906, 7.643501109821926e-11, 0.0, 0.0, 0.0, 1.0]}, {"left_foot_pose": [0.9918442085505051, -0.126953312771347, 0.011310275911924435, -0.007002661553743543, 0.12745613333078565, 0.9879358013379991, -0.08796468900082673, -0.0005235389007159242, -6.4178208448748576e-06, 0.0886888313770541, 0.9960593813361658, 0.006000000292715774, 0.0, 0.0, 0.0, 1.0], "right_foot_pose": [0.9950105712264112, -0.09745965999738868, 0.021344269040751155, 0.0009677621429254519, 0.09976955020290797, 0.9719738295360967, -0.21286829625203676, -0.12512479639562368, 8.587591687756069e-10, 0.21393571317133736, 0.9768477417847017, 3.0695779945633106e-10, 0.0, 0.0, 0.0, 1.0]}, {"left_foot_pose": [0.9885696738167761, -0.15038676469444495, 0.010668693196974595, -0.008471346078165142, 0.15076471731948798, 0.9860935936294084, -0.06992442073135434, -0.0005969406130373178, -4.622607013075484e-06, 0.07073362430823182, 0.9974952402747868, 0.0053903332681534966, 0.0, 0.0, 0.0, 1.0], "right_foot_pose": [0.9950105712297943, -0.09781541997958054, 0.01964959936428845, 0.0009677619324891542, 0.09976955016917116, 0.9755218584503847, -0.19596719252096595, -0.12512479651346342, -4.509987491406953e-10, 0.19694985986216465, 0.9804135620748389, 8.220746791631761e-10, 0.0, 0.0, 0.0, 1.0]}, {"left_foot_pose": [0.9852827520171106, -0.1707299142049154, 0.008318351589867741, -0.009746362611492181, 0.17093243861445714, 0.9841161158443317, -0.04793299453176182, -0.0006606632997339656, -2.6278128561620434e-06, 0.04864942888718361, 0.9988159155029752, 0.0038012538504536633, 0.0, 0.0, 0.0, 1.0], "right_foot_pose": [0.995010571239132, -0.09820522662615397, 0.017598198364651655, 0.0009677617274650042, 0.09976955007604216, 0.9794094372030412, -0.17550837927360058, -0.12512479656766579, -1.3947580273321074e-09, 0.17638845705126965, 0.9843206348640022, 1.518650587228887e-09, 0.0, 0.0, 0.0, 1.0]}, {"left_foot_pose": [0.9824486248867852, -0.1864939406314377, 0.003835305179951179, -0.010735745103278231, 0.18653337357546856, 0.9822410231597611, -0.0201958650377151, -0.0007101101828540686, -7.876287412999937e-07, 0.020556812248609765, 0.999788686408061, 0.0019195618978635615, 0.0, 0.0, 0.0, 1.0], "right_foot_pose": [0.9950105712469743, -0.09864997433885019, 0.014904551979647025, 0.0009677616078505662, 0.09976954999783146, 0.9838449477591652, -0.1486443933083114, -0.1251247966088607, -2.5783108333624815e-09, 0.1493897631422913, 0.9887783870353812, 2.396388996961374e-09, 0.0, 0.0, 0.0, 1.0]}, {"left_foot_pose": [0.9805725060344703, -0.19614093539181732, -0.002508759235594369, -0.011347528032601079, 0.19615697899698342, 0.9804923208554255, 0.012539869788787447, -0.0007406847008201174, 2.3737531089074703e-07, -0.01278836217682255, 0.9999182255528591, 0.00043614790020757993, 0.0, 0.0, 0.0, 1.0], "right_foot_pose": [0.9950105712485695, -0.09909101341901476, 0.011616116527808152, 0.000967761646789151, 0.09976954998192074, 0.9882434703297002, -0.1158485228525447, -0.12512479662286258, -3.776640879107565e-09, 0.11642943962033024, 0.9931989657614912, 3.297311541861081e-09, 0.0, 0.0, 0.0, 1.0]}, {"left_foot_pose": [0.9800793277340576, -0.19835683630800585, -0.009953734888855837, -0.011503430798070723, 0.19860642323036465, 0.9788476696203163, 0.0491195310494552, -0.0007484750345185705, -4.579928104610181e-09, -0.05011791265362143, 0.998743307777952, 4.028776652564847e-09, 0.0, 0.0, 0.0, 1.0], "right_foot_pose": [0.9950105712197732, -0.0994560581492825, 0.00790288923792794, 0.0009677628692065124, 0.09976955026910968, 0.9918840901155337, -0.07881616975456152, -0.1251247963821956, -4.538832675805092e-09, 0.07921138979393533, 0.9968578412827545, 3.884350598115649e-09, 0.0, 0.0, 0.0, 1.0]}, {"left_foot_pose": [0.9800793277149514, -0.19781495666488927, -0.01771311111796427, -0.01150342845145308, 0.19860642332464842, 0.9761736113227715, 0.08741034933719481, -0.0007484754711667395, -2.8184153929390635e-09, -0.08918701405881818, 0.9960148977416319, 4.355488116003503e-09, 0.0, 0.0, 0.0, 1.0], "right_foot_pose": [0.9950105711825559, -0.09968827504158173, 0.00402629534400958, 0.0009677652036330347, 0.0997695506402792, 0.9942000035275679, -0.040154573224234553, -0.1251247957003636, -2.7054625016315412e-09, 0.040355926516654095, 0.9991853677846683, 4.0627802719295225e-09, 0.0, 0.0, 0.0, 1.0]}, {"left_foot_pose": [0.9800793277145068, -0.19702567759650172, -0.025007873846461866, -0.011503431271376142, 0.1986064233268433, 0.9722786903348741, 0.12340841516696281, -0.0007484752797032417, -3.787883932350021e-09, -0.1259167609508046, 0.9920408103055333, 3.2425235621524884e-09, 0.0, 0.0, 0.0, 1.0], "right_foot_pose": [0.9950105712095547, -0.09976904384921496, 0.0003179161029422124, 0.0009677626096553111, 0.09976955037101787, 0.9950055197415665, -0.0031705681793835158, -0.12512479670240798, -3.7215264436825724e-09, 0.0031864672018732908, 0.9999949232004988, 3.1999496316603704e-09, 0.0, 0.0, 0.0, 1.0]}, {"left_foot_pose": [0.9800793277085478, -0.19613321795460958, -0.03124535506490274, -0.011503432050646184, 0.1986064233562509, 0.9678745972681784, 0.1541890157066967, -0.0007484752318967823, -2.373864789081366e-09, -0.15732299506979866, 0.9875472015160943, 2.1840312128262873e-09, 0.0, 0.0, 0.0, 1.0], "right_foot_pose": [0.9946940860849505, -0.10283425622639107, -0.002964937434418227, 0.0011607113526175574, 0.10287699017406761, 0.9942810669915715, 0.02866155464776579, -0.1250956467822638, 5.915013614329851e-07, -0.028814502745440826, 0.9995847760101105, 0.0005400726964450292, 0.0, 0.0, 0.0, 1.0]}, {"left_foot_pose": [0.9800793277181743, -0.19526667705898984, -0.03626894277246386, -0.011503432051438691, 0.19860642330874442, 0.963598408320722, 0.17897931752658067, -0.0007484752126500844, -1.068680137222353e-09, -0.18261717419813756, 0.9831840965393451, 1.3083672617542064e-09, 0.0, 0.0, 0.0, 1.0], "right_foot_pose": [0.9935661737994606, -0.1130819007009985, -0.006224308423420893, 0.0018054505053756928, 0.11325307181986752, 0.9920655640580489, 0.05458624674356376, -0.1249982458283169, 2.2055130564079207e-06, -0.05493997036798279, 0.9984896592609764, 0.002090424244233162, 0.0, 0.0, 0.0, 1.0]}, {"left_foot_pose": [0.9800793277287361, -0.19453290363324532, -0.040018255369368684, -0.011503431874155923, 0.1986064232566249, 0.9599773979474744, 0.19748135119855711, -0.0007484752215635567, -2.1882090111584264e-12, -0.20149527248552498, 0.979489487011466, 6.554841044947857e-10, 0.0, 0.0, 0.0, 1.0], "right_foot_pose": [0.9915817415623247, -0.1291177645472282, -0.009708381870988941, 0.0028154497513648686, 0.12948223732618344, 0.9887929927524389, 0.07431532614932992, -0.12484566591682512, 4.15118099890999e-06, -0.07494678353339755, 0.9971875348302174, 0.003974028942385147, 0.0, 0.0, 0.0, 1.0]}, {"left_foot_pose": [0.9800793277352344, -0.19400685010836638, -0.042495334533119586, -0.011503431596420002, 0.19860642322455735, 0.9573814396177162, 0.20970519242369373, -0.0007484752421104785, 7.188642728771139e-10, -0.21396757040855577, 0.9768407643078073, 2.4375469004356276e-10, 0.0, 0.0, 0.0, 1.0], "right_foot_pose": [0.9886758246832225, -0.14947863377222523, -0.013275983298364942, 0.004099661736516536, 0.15006703053166187, 0.9848027866576552, 0.08742629889641805, -0.12465166112528804, 5.861633051379332e-06, -0.08842855555139176, 0.9960825219472211, 0.005499996152602965, 0.0, 0.0, 0.0, 1.0]}, {"left_foot_pose": [0.9800793277488471, -0.19381056628114213, -0.043381744053833896, -0.011503431319659188, 0.19860642315738297, 0.956412821865375, 0.21407943117483777, -0.0007484751763193278, 4.628284801228433e-10, -0.21843071800755168, 0.9758524588433983, 3.2683612760653347e-11, 0.0, 0.0, 0.0, 1.0], "right_foot_pose": [0.9848324842232209, -0.17275471989403415, -0.016148831940818568, 0.005567039137908123, 0.17350786141498187, 0.9805612783006588, 0.09162205806778795, -0.12442998531680308, 6.776313335957689e-06, -0.0930343283509454, 0.9956629016400932, 0.0060000000269031725, 0.0, 0.0, 0.0, 1.0]}, {"left_foot_pose": [0.9800793277421668, -0.19383350914196765, -0.04327911813073511, -0.011503431136971729, 0.19860642319034771, 0.9565260396039078, 0.21357299507943722, -0.0007484751685320388, 3.689339264912944e-10, -0.2179139882921139, 0.9759679778079939, 6.019812426316662e-11, 0.0, 0.0, 0.0, 1.0], "right_foot_pose": [0.980138823207656, -0.19746630208697882, -0.018301551333267257, 0.007126534800766118, 0.19831259968340087, 0.9759593080763775, 0.09041870263329992, -0.12419439297197571, 6.9225274397900246e-06, -0.09225230901810524, 0.995735663433276, 0.006000000051346731, 0.0, 0.0, 0.0, 1.0]}, {"left_foot_pose": [0.9800793277317821, -0.1941