{"LoopMode": "Wrap", "FrameDuration": 0.0167, "EnableCycleOffsetPosition": true, "EnableCycleOffsetRotation": false, "Debug_info": [{"left_foot_pose": [0.9999999999884726, 4.785130400544017e-06, 3.974043962794688e-07, 0.0001984211130226638, -4.801604232063508e-06, 0.9965691632582975, 0.08276413969590046, -6.676505781609207e-05, -3.765926323292837e-12, -0.08276413969685488, 0.9965691632697855, 3.2324073973022394e-12, 0.0, 0.0, 0.0, 1.0], "right_foot_pose": [0.999999997940031, 6.398293128511088e-05, -5.110932503827275e-06, 0.0009680834198771888, -6.418673637822574e-05, 0.9968248031031633, -0.07962604974757213, -0.12012479653779057, -3.783002489560526e-12, 0.07962604991159888, 0.9968248051565908, 3.1225924623790036e-12, 0.0, 0.0, 0.0, 1.0]}, {"left_foot_pose": [0.9999999999884727, 4.785771399264163e-06, 3.8960438725191006e-07, 0.0001984211118494515, -4.801603842635992e-06, 0.9967029138325225, 0.08113754700941059, -6.67650582376958e-05, -1.4076440277758335e-11, -0.08113754701034633, 0.9967029138440128, 1.216052258889988e-11, 0.0, 0.0, 0.0, 1.0], "right_foot_pose": [0.9999999979400314, 6.397449561567077e-05, -5.215466289843433e-06, 0.0009680834190446928, -6.418673677555158e-05, 0.996693359867823, -0.08125479847648025, -0.12012479653858435, -1.4129265437641424e-11, 0.08125479864386147, 0.9966933619209802, 1.217344974824286e-11, 0.0, 0.0, 0.0, 1.0]}, {"left_foot_pose": [0.9999999999884726, 4.786806310295027e-06, 3.766680187199639e-07, 0.00019842110949626422, -4.801603216073943e-06, 0.9969188587065152, 0.0784397165487269, -6.676505856866542e-05, -3.172146540714066e-11, -0.0784397165496316, 0.9969188587180072, 2.7423306681040316e-11, 0.0, 0.0, 0.0, 1.0], "right_foot_pose": [0.9999999979400311, 6.396013579156799e-05, -5.388719505117716e-06, 0.0009680834171102143, -6.418673748037738e-05, 0.9964696056508533, -0.08395427859314568, -0.12012479653951663, -3.1858944781307197e-11, 0.08395427876608665, 0.9964696077035499, 2.773350993301449e-11, 0.0, 0.0, 0.0, 1.0]}, {"left_foot_pose": [0.9999999999884726, 4.788197453312674e-06, 3.585400670801624e-07, 0.00019842110598417175, -4.801602422681944e-06, 0.9972091033466334, 0.07465925381055565, -6.676505868396729e-05, -5.617014845836134e-11, -0.07465925381141686, 0.9972091033581291, 4.853740326327127e-11, 0.0, 0.0, 0.0, 1.0], "right_foot_pose": [0.9999999979400309, 6.393924043832009e-05, -5.631246251303571e-06, 0.0009680834140223317, -6.418673852255414e-05, 0.9961440138947815, -0.0877331149661059, -0.12012479654042817, -5.648842728495148e-11, 0.08773311514682958, 0.9961440159468072, 4.924046587140296e-11, 0.0, 0.0, 0.0, 1.0]}, {"left_foot_pose": [0.9999999999884728, 4.789881653714716e-06, 3.352776665187766e-07, 0.0001984211013304226, -4.801601541119086e-06, 0.9975604379728347, 0.06980811248266053, -6.676505844459453e-05, -8.713893859037243e-11, -0.06980811248346598, 0.9975604379843342, 7.526694545401114e-11, 0.0, 0.0, 0.0, 1.0], "right_foot_pose": [0.999999997940031, 6.391110859778457e-05, -5.942035370965441e-06, 0.0009680834097304182, -6.418673995877939e-05, 0.9957056609987958, -0.09257555041701848, -0.12012479654116094, -8.779949877349221e-11, 0.09257555060771543, 0.9957056630499188, 7.637715460084848e-11, 0.0, 0.0, 0.0, 1.0]}, {"left_foot_pose": [0.9999999999884728, 4.7917831067485306e-06, 3.0689322183521636e-07, 0.00019842109546817723, -4.801600646988065e-06, 0.9979570247978672, 0.06388878331549594, -6.676505767407373e-05, -1.250541614695176e-10, -0.06388878331623335, 0.9979570248093715, 1.0802868322112857e-10, 0.0, 0.0, 0.0, 1.0], "right_foot_pose": [0.9999999979400311, 6.387478067487389e-05, -6.3206193158809625e-06, 0.0009680834041029426, -6.418674189253975e-05, 0.9951395914719291, -0.09847430814757895, -0.12012479654154855, -1.2631113307496852e-10, 0.09847430835042466, 0.9951395935218866, 1.0949556539241456e-10, 0.0, 0.0, 0.0, 1.0]}, {"left_foot_pose": [0.9999999999884726, 4.793816273550616e-06, 2.7328815627161405e-07, 0.00019842108822044278, -4.8015998217968174e-06, 0.9983809954650174, 0.05688047003345127, -6.676505612825297e-05, -1.7117902864541882e-10, -0.056880470034108094, 0.9983809954765263, 1.4800296405104163e-10, 0.0, 0.0, 0.0, 1.0], "right_foot_pose": [0.9999999979400309, 6.382893532244344e-05, -6.767952707376569e-06, 0.000968083396891753, -6.41867444898969e-05, 0.9944252105749741, -0.10544428127205596, -0.12012479654138933, -1.7341344029033442e-10, 0.10544428148925669, 0.9944252126234604, 1.497243024006778e-10, 0.0, 0.0, 0.0, 1.0]}, {"left_foot_pose": [0.9999999999884727, 4.795882773448523e-06, 2.3422874040326628e-07, 0.00019842107928872037, -4.801599173671179e-06, 0.9988117904731877, 0.04873404547839727, -6.676505345334753e-05, -2.2765860153307544e-10, -0.04873404547896046, 0.9988117904847018, 1.9718526117484814e-10, 0.0, 0.0, 0.0, 1.0], "right_foot_pose": [0.9999999979400307, 6.377179925759432e-05, -7.286716556365536e-06, 0.000968083387705372, -6.418674799885404e-05, 0.9935348781475816, -0.11352727330616029, -0.12012479654040523, -2.314376107962732e-10, 0.11352727354000808, 0.9935348801942344, 1.9901014863821231e-10, 0.0, 0.0, 0.0, 1.0]}, {"left_foot_pose": [0.9999999999884726, 4.7978642839736605e-06, 1.8934123785499197e-07, 0.00019842106825390817, -4.801598869142016e-06, 0.9992246598493509, 0.03937104425709823, -6.676504912989621e-05, -2.975070793491667e-10, -0.03937104425755381, 0.9992246598608698, 2.58397851726766e-10, 0.0, 0.0, 0.0, 1.0], "right_foot_pose": [0.9999999979400304, 6.370104781407913e-05, -7.881353879025053e-06, 0.0009680833759905514, -6.418675277253193e-05, 0.9924323578107501, -0.12279255291041047, -0.12012479653818756, -3.036714028509582e-10, 0.12279255316333985, 0.9924323598551331, 2.601154916459514e-10, 0.0, 0.0, 0.0, 1.0]}, {"left_foot_pose": [0.9999999999884727, 4.799612226243306e-06, 1.381205155802889e-07, 0.00019842105458756047, -4.801599176126563e-06, 0.999588487274437, 0.028685468191194385, -6.676504240435942e-05, -3.8455345371303664e-10, -0.028685468191527227, 0.99958848728596, 3.3528125414905574e-10, 0.0, 0.0, 0.0, 1.0], "right_foot_pose": [0.9999999979400298, 6.361369450308853e-05, -8.557916831520237e-06, 0.0009680833610210551, -6.41867592939962e-05, 0.9910710946083632, -0.13333447158121056, -0.12012479653413191, -3.943402688268943e-10, 0.13333447185585035, 0.9910710966499431, 3.3659682679987313e-10, 0.0, 0.0, 0.0, 1.0]}, {"left_foot_pose": [0.9999999999884727, 4.800934770056086e-06, 7.995694473175372e-08, 0.00019842103770461875, -4.801600517855873e-06, 0.9998630483310413, 0.01654945797008279, -6.676503222424052e-05, -4.931264829201274e-10, -0.01654945797027625, 0.9998630483425673, 4.320822727388318e-10, 0.0, 0.0, 0.0, 1.0], "right_foot_pose": [0.9999999979400294, 6.350598818592138e-05, -9.323662095106985e-06, 0.0009680833419281106, -6.418676818529185e-05, 0.9893926117092069, -0.14526615495459855, -0.12012479652737298, -5.083293554294663e-10, 0.14526615525381004, 0.9893926137473311, 4.3257552401199106e-10, 0.0, 0.0, 0.0, 1.0]}, {"left_foot_pose": [0.9999999999884727, 4.801582573764818e-06, 1.4198355102658985e-08, 0.0001984210171408095, -4.801603524849194e-06, 0.9999960055952861, 0.002826441299216555, -6.67650172468913e-05, -6.269072765774062e-10, -0.0028264412992524655, 0.9999960056068138, 5.527279467454349e-10, 0.0, 0.0, 0.0, 1.0], "right_foot_pose": [0.9999999979400286, 6.337337440639482e-05, -1.0186175043336792e-05, 0.0009680833178720982, -6.418678014390369e-05, 0.9873259099333314, -0.1587058393833593, -0.12012479651677176, -6.500363658948542e-10, 0.1587058397102474, 0.987325911967201, 5.517997239690153e-10, 0.0, 0.0, 0.0, 1.0]}, {"left_foot_pose": [0.9999999999884728, 4.801237767210691e-06, -5.971362510024203e-08, 0.00019842099298432293, -4.801609021291889e-06, 0.9999206186503263, -0.0125998561457811, -6.67649961031691e-05, -7.86020400546422e-10, 0.01259985614592225, 0.9999206186618531, 6.983211647826337e-10, 0.0, 0.0, 0.0, 1.0], "right_foot_pose": [0.9999999979400274, 6.321066691600281e-05, -1.1151516907171247e-05, 0.000968083288532458, -6.418679568740519e-05, 0.9847901515881454, -0.1737479588802498, -0.12012479650110192, -8.203308259508496e-10, 0.17374795923811376, 0.9847901536167951, 6.951467734772621e-10, 0.0, 0.0, 0.0, 1.0]}, {"left_foot_pose": [0.9999999999884728, 4.799519357049583e-06, -1.4194373587636907e-07, 0.00019842096690892387, -4.801617764702271e-06, 0.9995570294734233, -0.02976146513885611, -6.676496841164642e-05, -9.598692198262858e-10, 0.029761465139194258, 0.9995570294849461, 8.606940021804732e-10, 0.0, 0.0, 0.0, 1.0], "right_foot_pose": [0.9999999979400263, 6.301279630423345e-05, -1.2220255575068827e-05, 0.0009680832553921818, -6.418681440432128e-05, 0.9817063624174335, -0.19040119187963062, -0.12012479647982939, -1.008871563155671e-09, 0.1904011922717883, 0.9817063644397348, 8.542581364512358e-10, 0.0, 0.0, 0.0, 1.0]}, {"left_foot_pose": [0.9999999999884726, 4.7960400209798395e-06, -2.3161804224578302e-07, 0.00019842094450202684, -4.801629469605408e-06, 0.9988247147404988, -0.048468435094467396, -6.676493768582176e-05, -1.110729690205852e-09, 0.04846843509502049, 0.9988247147520133, 1.0070765679714988e-09, 0.0, 0.0, 0.0, 1.0], "right_foot_pose": [0.9999999979400249, 6.277698252315962e-05, -1.3379088399545976e-05, 0.0009680832248122098, -6.41868330713423e-05, 0.9780313843866537, -0.20845768643726392, -0.1201247964553904, -1.1761892629102e-09, 0.2084576868666074, 0.978031386401389, 9.965245642562515e-10, 0.0, 0.0, 0.0, 1.0]}, {"left_foot_pose": [0.9999999999884726, 4.790599006284497e-06, -3.2544097305917506e-07, 0.00019842093958702547, -4.801640277675118e-06, 0.9976843290848432, -0.06801455340933735, -6.67649177979214e-05, -1.1430930511802322e-09, 0.06801455341011557, 0.9976843290963447, 1.050162665161558e-09, 0.0, 0.0, 0.0, 1.0], "right_foot_pose": [0.9999999979400245, 6.250824644156047e-05, -1.4583202724405755e-05, 0.0009680832140497415, -6.418684190243401e-05, 0.9738439740574559, -0.22721775914754244, -0.12012479643828375, -1.219589079652905e-09, 0.22721775961552898, 0.9738439760635682, 1.036026632539322e-09, 0.0, 0.0, 0.0, 1.0]}, {"left_foot_pose": [0.9999999999881659, 4.846938844520488e-06, -4.204864410551674e-07, 0.0001992522022649221, -4.865143822125201e-06, 0.99624433595949, -0.08658650613673075, -6.682720296043165e-05, -7.722650527080487e-10, 0.08658650613775139, 0.9962443359712808, 3.932722269582578e-05, 0.0, 0.0, 0.0, 1.0], "right_foot_pose": [0.9999999979400258, 6.223205602600742e-05, -1.5720032903233017e-05, 0.0009680832559661241, -6.418682287485379e-05, 0.9695419897656617, -0.2449251435873698, -0.12012479646425511, -9.632779842971724e-10, 0.2449251440918491, 0.969541991762908, 8.152817032591742e-10, 0.0, 0.0, 0.0, 1.0]}, {"left_foot_pose": [0.9999999999782535, 6.560214377119033e-06, -6.763763355511847e-07, 0.00022189600813330153, -6.5949903386342615e-06, 0.9947303788075427, -0.10252547699918214, -6.85182179996982e-05, 2.229801595913162e-10, 0.10252547700141287, 0.9947303788291749, 0.0010058886305883558, 0.0, 0.0, 0.0, 1.0], "right_foot_pose": [0.9999999979400278, 6.198784543825764e-05, -1.6656863724096498e-05, 0.0009680833248649544, -6.418679062579478e-05, 0.9657390782123827, -0.2595149874160512, -0.12012479652541733, -5.907101939147693e-10, 0.25951498795060796, 0.965739080201788, 4.802010872273499e-10, 0.0, 0.0, 0.0, 1.0]}, {"left_foot_pose": [0.9999999999462972, 1.0294957517290149e-05, -1.191861684846271e-06, 0.0002712292056116817, -1.0363719554358953e-05, 0.9933789212027275, -0.11488393622565125, -7.220105354610248e-05, 1.2450316155326061e-09, 0.11488393623183339, 0.9933789212560739, 0.002752750140940549, 0.0, 0.0, 0.0, 1.0], "right_foot_pose": [0.99999999794003, 6.180254775737071e-05, -1.7331627198913706e-05, 0.0009680833825443503, -6.418676039956907e-05, 0.9628539763902847, -0.27002262132917126, -0.12012479654967959, -2.597845233473428e-10, 0.27002262188539344, 0.9628539783737398, 1.9922148652984362e-10, 0.0, 0.0, 0.0, 1.0]}, {"left_foot_pose": [0.9999999998762259, 1.56145136467602e-05, -1.9328667288379144e-06, 0.0003415231369726268, -1.5733690153051675e-05, 0.9924417043732447, -0.122717004417404, -7.744825104609096e-05, 2.091210376479236e-09, 0.12271700443262554, 0.9924417044960797, 0.004589020840430023, 0.0, 0.0, 0.0, 1.0], "right_foot_pose": [0.999999997940031, 6.169285388966293e-05, -1.7718055903892994e-05, 0.000968083414704533, -6.418674104562438e-05, 0.9611461544087481, -0.2760399712819462, -0.12012479654640362, -5.2320250267401974e-11, 0.2760399718505765, 0.9611461563886801, 3.2970383367914025e-11, 0.0, 0.0, 0.0, 1.0]}, {"left_foot_pose": [0.9999999997520853, 2.209206352776952e-05, -2.7877714220973564e-06, 0.0004270490110804394, -2.2267261480027147e-05, 0.9921464508782705, -0.1250816513874897, -8.38325484328363e-05, 2.5657336541305565e-09, 0.12508165141855573, 0.992146451124232, 0.005823810246477851, 0.0, 0.0, 0.0, 1.0], "right_foot_pose": [0.9999999979400314, 6.16683560492215e-05, -1.7803118524229357e-05, 0.0009680834178514751, -6.418673669066078e-05, 0.9607647611321773, -0.27736450682575303, -0.12012479653338864, -4.246081160570875e-12, 0.2773645073971147, 0.9607647631113226, 3.1318697635285275e-13, 0.0, 0.0, 0.0, 1.0]}, {"left_foot_pose": [0.9999999995640849, 2.9308466251246675e-05, -3.5840343996512365e-06, 0.0005220778363115188, -2.95267927504174e-05, 0.9926162342626157, -0.1212971994997142, -9.092661305060493e-05, 2.5358512419635343e-09, 0.12129719955266356, 0.9926162346953039, 0.00600000011367819, 0.0, 0.0, 0.0, 1.0], "right_foot_pose": [0.9999999979400305, 6.173312200516277e-05, -1.757726932921691e-05, 0.0009680833920934301, -6.418674901841625e-05, 0.9617730556228007, -0.2738477411958016, -0.12012479651917206, -1.3198593530133108e-10, 0.27384774175991117, 0.9617730576040259, 1.0564620706032812e-10, 0.0, 0.0, 0.0, 1.0]}, {"left_foot_pose": [0.999999999312736, 3.684108604261585e-05, -4.154935491885268e-06, 0.0006208808281119666, -3.707464235212853e-05, 0.9937065508573216, -0.11201468389776803, -9.830239355457931e-05, 2.044008915605029e-09, 0.11201468397482671, 0.9937065515402526, 0.006000000378246183, 0.0, 0.0, 0.0, 1.0], "right_foot_pose": [0.9999999979400283, 6.188401815008852e-05, -1.703850788015207e-05, 0.0009680833346723831, -6.418677786729404e-05, 0.9641222623660519, -0.26545858262678784, -0.12012479648388275, -4.389806717182884e-10, 0.26545858317359755, 0.9641222643521232, 3.590098357486582e-10, 0.0, 0.0, 0.0, 1.0]}, {"left_foot_pose": [0.9999999990110691, 4.426263301943828e-05, -4.322330855400464e-06, 0.000717729285861728, -4.4473174213731886e-05, 0.995268237952883, -0.09716549050100873, -0.00010553240707363541, 1.078166028111633e-09, 0.09716549059714613, 0.9952682389371305, 0.005978465298472617, 0.0, 0.0, 0.0, 1.0], "right_foot_pose": [0.9999999979400257, 6.211584129754115e-05, -1.617314393520578e-05, 0.0009680832451365925, -6.418682360074011e-05, 0.9677313744186211, -0.251984092446127, -0.1201247964433999, -9.450867979006364e-10, 0.2519840929651488, 0.967731376412138, 7.759550016417371e-10, 0.0, 0.0, 0.0, 1.0]}, {"left_foot_pose": [0.9999999986849377, 5.113643702620073e-05, -3.897488710714398e-06, 0.000806894385721696, -5.1284750265791956e-05, 0.9971075171011972, -0.07600392562336042, -0.00011218978863762781, -3.546652593440986e-10, 0.07600392572329187, 0.9971075184124575, 0.005079320114882907, 0.0, 0.0, 0.0, 1.0], "right_foot_pose": [0.9999999979400219, 6.242025077864263e-05, -1.4955550312556944e-05, 0.0009680831288286524, -6.418688487225517e-05, 0.9724706263753166, -0.23302548512393184, -0.12012479645179808, -1.6758391143911957e-09, 0.23302548560385442, 0.9724706283786096, 1.3670117676722882e-09, 0.0, 0.0, 0.0, 1.0]}, {"left_foot_pose": [0.9999999983714096, 5.700366864895478e-05, -2.7862576865166506e-06, 0.0008826473077851295, -5.707172213629063e-05, 0.9988059324238873, -0.04885392612337753, -0.00011784565618978664, -1.9223105444273354e-09, 0.048853926202830696, 0.998805934050539, 0.0033592344907073524, 0.0, 0.0, 0.0, 1.0], "right_foot_pose": [0.9999999979400175, 6.27793399068463e-05, -1.336858959383229e-05, 0.0009680829874243096, -6.418695116714345e-05, 0.9780617124571218, -0.2083153439031267, -0.12012479645806981, -2.5941517340080046e-09, 0.20831534433208962, 0.9780617144719463, 2.1285672321957883e-09, 0.0, 0.0, 0.0, 1.0]}, {"left_foot_pose": [0.9999999981152387, 6.138811450583717e-05, -1.011515946615071e-06, 0.0009392593849819623, -6.139644741853082e-05, 0.9998633646095624, -0.016530225108040326, -0.00012207189272623285, -3.3816143232589796e-09, 0.01653022513898795, 0.9998633664940701, 0.0015090987134582026, 0.0, 0.0, 0.0, 1.0], "right_foot_pose": [0.999999997940014, 6.316441449991927e-05, -1.1411760239444171e-05, 0.0009680828366137278, -6.418700427500356e-05, 0.9840585657763831, -0.17784469348888923, -0.1201247964605722, -3.615522029773365e-09, 0.17784469385501822, 0.9840585678035707, 3.0017281230088066e-09, 0.0, 0.0, 0.0, 1.0]}, {"left_foot_pose": [0.9999999979634224, 6.380832888527762e-05, 1.2857120888487207e-06, 0.0009710018143214588, -6.38212807070923e-05, 0.9997984507206189, 0.020076201420965507, -0.0001244405257021762, -4.424091627137432e-09, -0.020076201462134874, 0.9997984527567807, 0.00021980328638743912, 0.0, 0.0, 0.0, 1.0], "right_foot_pose": [0.9999999979400136, 6.353545925328185e-05, -9.122406887108135e-06, 0.0009680827172129357, -6.418701480626831e-05, 0.9898391493308542, -0.14219161132780736, -0.12012479646210436, -4.493854962675424e-09, 0.14219161162043445, 0.9898391513699505, 3.78555116420376e-09, 0.0, 0.0, 0.0, 1.0]}, {"left_foot_pose": [0.9999999979400401, 6.407310126269228e-05, 3.815523035409735e-06, 0.0009757851111463, -6.418660685045502e-05, 0.9982360106390687, 0.05937055619982839, -0.00012479663521511135, -4.736834240776097e-09, -0.059370556322433196, 0.9982360126953772, 4.025658750794747e-09, 0.0, 0.0, 0.0, 1.0], "right_foot_pose": [0.9999999979400169, 6.384392495134734e-05, -6.627150051230993e-06, 0.00096808270544622, -6.418696010915006e-05, 0.9946479763745522, -0.10332182235153758, -0.12012479652950042, -4.789284480451591e-09, 0.10332182256407281, 0.9946479784235416, 4.098230553528648e-09, 0.0, 0.0, 0.0, 1.0]}, {"left_foot_pose": [0.9999999979400445, 6.387352833291332e-05, 6.331213819598081e-06, 0.0009757851758304506, -6.418653963592832e-05, 0.9951302173558689, 0.09856899302189341, -0.00012479679058723624, -4.432816099876269e-09, -0.09856899322522468, 0.9951302194057653, 3.747649066077052e-09, 0.0, 0.0, 0.0, 1.0], "right_foot_pose": [0.9999999979400229, 6.405501719419558e-05, -4.112020825620072e-06, 0.0009680828168601974, -6.41868672208981e-05, 0.9979414402104964, -0.06413172218681362, -0.12012479667513357, -4.402582594717133e-09, 0.06413172231864131, 0.9979414422662507, 3.847991883465518e-09, 0.0, 0.0, 0.0, 1.0]}, {"left_foot_pose": [0.9999999979400452, 6.360221060138811e-05, 8.641150486875498e-06, 0.0009757853360793847, -6.418653022809849e-05, 0.9909039068076032, 0.1345713318412168, -0.00012479687320985245, -3.5155881107828854e-09, -0.1345713321186517, 0.9909039088487909, 2.975111067227143e-09, 0.0, 0.0, 0.0, 1.0], "right_foot_pose": [0.9999999979493204, 6.401733330694742e-05, -1.772035019443293e-06, 0.000960836691331216, -6.404185395955344e-05, 0.9996155365134809, -0.02772679317026444, -0.12012480332016877, -3.6416234447107817e-09, 0.027726793226889892, 0.9996155385633786, 8.978837662078354e-06, 0.0, 0.0, 0.0, 1.0]}, {"left_foot_pose": [0.9999999979400427, 6.330589634951736e-05, 1.059618064802479e-05, 0.0009757854980277915, -6.418656830697003e-05, 0.9862857298783322, 0.16504682644162136, -0.00012479679379080993, -2.4244771028818962e-09, -0.16504682678176463, 0.9862857319100136, 2.0258423549801563e-09, 0.0, 0.0, 0.0, 1.0], "right_foot_pose": [0.9999999987858079, 4.9278354043189776e-05, 1.671828774303909e-07, 0.00022267844626698265, -4.9278637592659365e-05, 0.9999943862307005, 0.003350384858621429, -0.12012549284738183, -2.0804878159020475e-09, -0.0033503848627921555, 0.9999943874448852, 0.0008383177329237199, 0.0, 0.0, 0.0, 1.0]}, {"left_foot_pose": [0.9999999979400392, 6.302723646002421e-05, 1.2144558179604235e-05, 0.0009757856385659594, -6.418662498547553e-05, 0.9819415053398011, 0.18918476675219767, -0.00012479675101998051, -1.4527122867568127e-09, -0.18918476714200289, 0.9819415073625453, 1.2082656541956283e-09, 0.0, 0.0, 0.0, 1.0], "right_foot_pose": [0.9999999999102829, 1.3389916391406521e-05, 3.797773961976601e-07, -0.0015714850552921036, -1.3395300908692248e-05, 0.9995930789158028, 0.028525013658040055, -0.12012717164951477, 2.3246909845805283e-09, -0.028525013660568296, 0.9995930790054841, 0.002529238570881491, 0.0, 0.0, 0.0, 1.0]}, {"left_foot_pose": [0.9999999979400358, 6.27982567779038e-05, 1.3278126706927066e-05, 0.0009757857417827197, -6.418667854507856e-05, 0.9783712956074663, 0.2068564811927318, -0.00012479674142856518, -7.116079522399396e-10, -0.2068564816188938, 0.9783712976228672, 6.132849436624177e-10, 0.0, 0.0, 0.0, 1.0], "right_foot_pose": [0.9999999992322094, -3.914174731042904e-05, -1.872162686266909e-06, -0.004200569691268103, 3.918649407903163e-05, 0.9988673089341561, 0.0475825346850695, -0.12012963241895296, 7.57855541309656e-09, -0.04758253472189975, 0.9988673097010633, 0.004390850073753477, 0.0, 0.0, 0.0, 1.0]}, {"left_foot_pose": [0.9999999979400327, 6.264061916568107e-05, 1.4003124664873076e-05, 0.0009757858071600106, -6.418671723766367e-05, 0.9759132692531377, 0.21815885674370153, -0.00012479675142599601, -2.2930875357398105e-10, -0.21815885719311637, 0.9759132712634837, 2.585909264496422e-10, 0.0, 0.0, 0.0, 1.0], "right_foot_pose": [0.9999999945873168, -0.00010385614946017375, -6.266263336217897e-06, -0.007443491273982379, 0.00010404501762066113, 0.9981917024423437, 0.060110850517103576, -0.12013266783151832, 1.205059191634653e-08, -0.06011085084371628, 0.9981917078451633, 0.005732261466833151, 0.0, 0.0, 0.0, 1.0]}, {"left_foot_pose": [0.9999999979400318, 6.256736410515904e-05, 1.4326965539600558e-05, 0.0009757858282533128, -6.418673533221069e-05, 0.9747709790922119, 0.223207379357571, -0.00012479675402447994, -1.2851396465250308e-11, -0.2232073798173723, 0.9747709811002092, 1.3457415043438559e-10, 0.0, 0.0, 0.0, 1.0], "right_foot_pose": [0.9999999843782128, -0.00017637634095998158, -1.1617256966854647e-05, -0.011079164271208733, 0.00017675851917124615, 0.9978432206470952, 0.06564202742952445, -0.12013607039559562, 1.450049558475926e-08, -0.06564202845752798, 0.9978432362350215, 0.00600000188424047, 0.0, 0.0, 0.0, 1.0]}, {"left_foot_pose": [0.999999997940032, 6.258235310620848e-05, 1.4261331454489273e-05, 0.0009757857859887224, -6.418673145691026e-05, 0.9750047062603923, 0.2221841998211177, -0.00012479675876848548, -5.523792496498206e-11, -0.2221842002788139, 0.9750047082688704, 2.302293911071729e-10, 0.0, 0.0, 0.0, 1.0], "right_foot_pose": [0.9999999680194618, -0.00025237796330866724, -1.6322961277291156e-05, -0.014886502242903438, 0.0002529052692622474, 0.997918652337121, 0.06448487696032956, -0.12013963338040463, 1.4425608610956729e-08, -0.0644848790262316, 0.9979186842508622, 0.006000001858167021, 0.0, 0.0, 0.0, 1.0]}, {"left_foot_pose": [0.9999999979400338, 6.26841152221511e-05, 1.3807062264447067e-05, 0.0009757857030127109, -6.418670632925115e-05, 0.9765914859936142, 0.21510245318185406, -0.0001247967726878867, -3.5249429588777603e-10, -0.2151024536249804, 0.9765914880053554, 5.655847595820163e-10, 0.0, 0.0, 0.0, 1.0], "right_foot_pose": [0.9999999461871452, -0.0003275340781201531, -1.8631540059707965e-05, -0.01864442138700543, 0.0003280635707828951, 0.9983880007592564, 0.05675642971706787, -0.12014315014349976, 1.1841146600305738e-08, -0.05675643277517212, 0.998388054485147, 0.005998213750689409, 0.0, 0.0, 0.0, 1.0]}, {"left_foot_pose": [0.9999999979400367, 6.286646831735928e-05, 1.2951242186919357e-05, 0.000975785643389153, -6.418666148038221e-05, 0.9794348647970673, 0.20176060443016072, -0.00012479672689376213, -9.214945094154145e-10, -0.20176060484583844, 0.9794348668146557, 1.1730700022472007e-09, 0.0, 0.0, 0.0, 1.0], "right_foot_pose": [0.9999999208728996, -0.00039745822986018276, -1.676753005497019e-05, -0.022131837682333972, 0.00039781175761511705, 0.9991119957644462, 0.04213148069307312, -0.12014641294754591, 7.136679487945389e-09, -0.04213148402965202, 0.9991120748211678, 0.005241071062384049, 0.0, 0.0, 0.0, 1.0]}, {"left_foot_pose": [0.9999999979400404, 6.311427899753504e-05, 1.1683669674743566e-05, 0.0009757855687311662, -6.41866056697402e-05, 0.9832985216004071, 0.18200003653443006, -0.00012479666185628065, -1.7340348468234763e-09, -0.1820000369094526, 0.9832985236259428, 2.036654934978177e-09, 0.0, 0.0, 0.0, 1.0], "right_foot_pose": [0.9999998952424508, -0.0004576285422168251, -9.550113301723033e-06, -0.02512766378865568, 0.00045772818059775037, 0.9997822837505483, 0.020860862480993742, -0.12014921573511778, 1.5080002359550653e-09, -0.020860864667017094, 0.9997823884852864, 0.0035817067253403334, 0.0, 0.0, 0.0, 1.0]}, {"left_foot_pose": [0.9999999979400436, 6.340139381331922e-05, 1.0008852580233341e-05, 0.0009757855046234926, -6.418655513447304e-05, 0.9877741045728491, 0.15589199535381185, -0.00012479659503164802, -2.7156055771059966e-09, -0.15589199567511508, 0.9877741066075943, 3.113795631060068e-09, 0.0, 0.0, 0.0, 1.0], "right_foot_pose": [0.9999998732986547, -0.0005033810785826142, 3.1880675729379244e-06, -0.02741081552588931, 0.0005033911739777152, 0.9999798606192531, -0.0063265277384293465, -0.12015135211186818, -3.3490105604612092e-09, 0.0063265285416946575, 0.9999799873180516, 0.0017110112585757495, 0.0, 0.0, 0.0, 1.0]}, {"left_foot_pose": [0.9999999979400447, 6.369059245090714e-05, 7.963657154440614e-06, 0.0009757854917400382, -6.418653588279292e-05, 0.9922804612982178, 0.12401403955151961, -0.0001247965469509298, -3.653743936434094e-09, -0.12401403980721601, 0.9922804633422424, 4.218121942012321e-09, 0.0, 0.0, 0.0, 1.0], "right_foot_pose": [0.9999998593490448, -0.0005299837722961803, 2.0471721107254913e-05, -0.02876020886004037, 0.0005303790062149919, 0.9992550585279782, -0.038588167932106635, -0.12015261559318141, -5.368066601143642e-09, 0.03858817336241485, 0.9992551990740666, 0.00031987549391107595, 0.0, 0.0, 0.0, 1.0]}, {"left_foot_pose": [0.9999999979400426, 6.393593838159559e-05, 5.666728668417591e-06, 0.000975785579042116, -6.418657191075156e-05, 0.9961008728312445, 0.08822157913411853, -0.00012479650716718492, -4.103925359537868e-09, -0.088221579316114, 0.9961008748831474, 4.879182211037225e-09, 0.0, 0.0, 0.0, 1.0], "right_foot_pose": [0.9999998564522229, -0.0005343264988671592, 3.988390961629316e-05, -0.029031912426567354, 0.0005358129651486833, 0.997226195460279, -0.07442867721707963, -0.1201528709692951, -4.0649342480673165e-09, 0.07442868790332417, 0.997226338609741, 4.492231829578142e-09, 0.0, 0.0, 0.0, 1.0]}, {"left_foot_pose": [0.9999999979400376, 6.41015719777285e-05, 3.3035872165066327e-06, 0.0009757857573538465, -6.41866434943747e-05, 0.9986777635284544, 0.05140739746261905, -0.0001247964390039876, -3.924104444348962e-09, -0.05140739756876823, 0.9986777655856806, 4.892992011562569e-09, 0.0, 0.0, 0.0, 1.0], "right_foot_pose": [0.9999998564522534, -0.0005325012223004714, 5.948042125725567e-05, -0.029031912214676617, 0.0005358129078781604, 0.9938200009889002, -0.11100233573646122, -0.12015287088978596, -3.952854977225623e-09, 0.11100235167270332, 0.9938201436493072, 4.419183317894149e-09, 0.0, 0.0, 0.0, 1.0]}, {"left_foot_pose": [0.9999999979400332, 6.41777675498641e-05, 1.0715721894250488e-06, 0.0009757859391096236, -6.418671283497289e-05, 0.9998614561671488, 0.016645250114540187, -0.00012479646266004042, -3.1687371613378667e-09, -0.01664525014903253, 0.9998614582268274, 4.282393308019383e-09, 0.0, 0.0, 0.0, 1.0], "right_foot_pose": [0.9999998564522572, -0.0005301363274835428, 7.778778123035781e-05, -0.02903191192559995, 0.0005358129007554985, 0.9894064162270532, -0.14517112809809915, -0.12015287086758228, -3.241146995238574e-09, 0.14517114893880792, 0.9894065582538789, 3.766889182521549e-09, 0.0, 0.0, 0.0, 1.0]}, {"left_foot_pose": [0.9999999991916735, 4.020408363622408e-05, -5.344586814788251e-07, -0.0002246088634663401, -4.020763572231414e-05, 0.9999102940341836, -0.013394113177791048, -0.000125080898676376, -4.0873094125404095e-09, 0.013394113188453224, 0.9999102948424403, 0.0006826699178300796, 0.0, 0.0, 0.0, 1.0], "right_foot_pose": [0.9999998564522372, -0.0005275986787318227, 9.346196734261566e-05, -0.029031911827697997, 0.0005358129385652926, 0.9846701382338925, -0.17442600659002216, -0.12015287097356828, -2.27768966382778e-09, 0.17442603162969023, 0.9846702795808953, 2.650870072062883e-09, 0.0, 0.0, 0.0, 1.0]}, {"left_foot_pose": [0.9999999996341868, -2.7028718352409633e-05, 1.0369938463488066e-06, -0.0035914504021481867, 2.704860164069644e-05, 0.9992803503558914, -0.03793126231726591, -0.0001258752162700029, -1.101416819817418e-08, 0.037931262331439064, 0.99928035072143, 0.0023080887275944706, 0.0, 0.0, 0.0, 1.0], "right_foot_pose": [0.9999998564522077, -0.0005252275165700988, 0.00010597933705692008, -0.02903191176118566, 0.0005358129935373906, 0.9802444546156004, -0.19778908488539093, -0.1201528710309647, -1.3875948191517492e-09, 0.1977891132783101, 0.980244595327401, 1.6912670361413085e-09, 0.0, 0.0, 0.0, 1.0]}, {"left_foot_pose": [0.999999991712721, -0.00012853411719123518, 7.317086411553364e-06, -0.00868221968805326, 0.00012874221775230018, 0.9983924278400484, -0.05667930360454486, -0.00012707549976958242, -2.0099415343073652e-08, 0.056679304076845224, 0.9983924361138586, 0.00418548053778766, 0.0, 0.0, 0.0, 1.0], "right_foot_pose": [0.9999998564521799, -0.0005232775540617337, 0.00011522248484558243, -0.029031911722051627, 0.0005358130453790921, 0.9766048679420335, -0.2150410305413923, -0.1201528710494492, -6.951121849961165e-10, 0.2150410614104314, 0.9766050081314734, 9.91589602095111e-10, 0.0, 0.0, 0.0, 1.0]}, {"left_foot_pose": [0.9999999672243944, -0.00025541419158159817, 1.774265295007439e-05, -0.015054217846747625, 0.0002560297056992457, 0.9976035124940217, -0.06918935111981389, -0.00012857768438087787, -2.819072189829777e-08, 0.06918935339473684, 0.9976035451905824, 0.0056239532946755835, 0.0, 0.0, 0.0, 1.0], "right_foot_pose": [0.9999998564521595, -0.000521920761841951, 0.00012122037188433806, -0.02903191170271651, 0.0005358130832682725, 0.9740724076625115, -0.2262358449381932, -0.12015287104107214, -2.349531056891738e-10, 0.22623587741398724, 0.9740725474884935, 5.62458503383656e-10, 0.0, 0.0, 0.0, 1.0]}, {"left_foot_pose": [0.9999999199729864, -0.0003989406605491153, 3.0006186153071074e-05, -0.02226474498016026, 0.00040006752025085074, 0.9971894218636241, -0.07492060377006675, -0.00013027784111487375, -3.2976265746625396e-08, 0.0749206097788947, 0.9971895016647332, 0.006000007987009781, 0.0, 0.0, 0.0, 1.0], "right_foot_pose": [0.9999998564521494, -0.000521262926854026, 0.00012401871342282835, -0.029031911712060928, 0.0005358131019222773, 0.9728445499721009, -0.23145883974024534, -0.12015287102663876, -1.7199016033350223e-11, 0.2314588729656778, 0.9728446896218625, 3.859570163466941e-10, 0.0, 0.0, 0.0, 1.0]}, {"left_foot_pose": [0.9999998476412664, -0.000550490017456871, 4.096566609635835e-05, -0.02987109707185056, 0.0005520121774038018, 0.9972468615483949, -0.07415114573918213, -0.00013207151723498844, -3.341643348990741e-08, 0.07415115705515364, 0.9972470134863186, 0.006000008463540256, 0.0, 0.0, 0.0, 1.0], "right_foot_pose": [0.9999998564521507, -0.0005213390284160372, 0.0001236984045636698, -0.0290319117885327, 0.0005358130997292406, 0.9729865937582007, -0.23086099989200512, -0.12015287100516868, -3.9927174750793516e-11, 0.2308610330316305, 0.9729867334283486, 4.360990041307744e-10, 0.0, 0.0, 0.0, 1.0]}, {"left_foot_pose": [0.9999997528812137, -0.0007014352707390821, 4.7181286637122886e-05, -0.03743057531407841, 0.0007030202784984087, 0.9977479919743182, -0.06707048735252195, -0.0001338539585365242, -2.9428546373517183e-08, 0.06707050394754538, 0.9977482385352646, 0.006000007816104054, 0.0, 0.0, 0.0, 1.0], "right_foot_pose": [0.999999856452163, -0.0005221411927219691, 0.0001202673208536883, -0.029031911894276306, 0.0005358130771102783, 0.9744838402959489, -0.22445702908665227, -0.12015287097090765, -2.998054693307762e-10, 0.22445706130713428, 0.9744839801809806, 7.287397352229164e-10, 0.0, 0.0, 0.0, 1.0]}, {"left_foot_pose": [0.9999996436222192, -0.0008432225354581665, 4.1607588287655484e-05, -0.04450048168608347, 0.000844248444059799, 0.9987856528253556, -0.04925958744035112, -0.00013552162376575215, -2.0268013552664008e-08, 0.04925960501246999, 0.9987860087696544, 0.005390338702270986, 0.0, 0.0, 0.0, 1.0], "right_foot_pose": [0.9999998564521893, -0.0005240642008947796, 0.00011158993909649446, -0.029031911968117684, 0.000535813028178943, 0.978073108095702, -0.2082611536614835, -0.1201528709907029, -9.034935655359897e-10, 0.2082611835573938, 0.9780732484958748, 1.389984717603543e-09, 0.0, 0.0, 0.0, 1.0]}, {"left_foot_pose": [0.9999995325969881, -0.0009664711536172661, 2.7190362877756322e-05, -0.0506381100421412, 0.0009668535600033684, 0.9996043311710185, -0.028111319754417705, -0.00013696957733916673, -1.0824866388812198e-08, 0.028111332904200984, 0.9996047983890184, 0.003801256830208037, 0.0, 0.0, 0.0, 1.0], "right_foot_pose": [0.9999998564522189, -0.0005261774550967442, 0.0001011574347396003, -0.02903191202534484, 0.0005358129718963394, 0.9820174697526549, -0.1887893058545762, -0.12015287105104532, -1.691605892934277e-09, 0.1887893329557559, 0.9820176107189322, 2.2445890354716447e-09, 0.0, 0.0, 0.0, 1.0]}, {"left_foot_pose": [0.9999994360860265, -0.0010619916534789949, 1.1652807525221701e-06, -0.05540076056546734, 0.0010619922927832311, 0.9999988370139938, -0.001094597200233297, -0.00013809290264031777, -2.8263070663266058e-09, 0.0010945978204934996, 0.9999994009276267, 0.001919562650443761, 0.0, 0.0, 0.0, 1.0], "right_foot_pose": [0.9999998564522481, -0.0005286415540174237, 8.737042112844529e-05, -0.029031912062242888, 0.0005358129180180984, 0.9866165873715842, -0.163056500722193, -0.12015287112711816, -2.6647965695447222e-09, 0.16305652412999896, 0.9866167289979646, 3.338356119320096e-09, 0.0, 0.0, 0.0, 1.0]}, {"left_foot_pose": [0.9999993718796774, -0.001120281548306475, -3.4777926047703e-05, -0.058345734625340935, 0.001120821239813401, 0.9995178572895645, 0.03102896580659859, -0.0001387867996352713, -1.9732359369659304e-11, -0.031028985296513066, 0.999518485107439, 0.0004361477604103853, 0.0, 0.0, 0.0, 1.0], "right_foot_pose": [0.9999998564522622, -0.0005311603076585255, 7.045695671343164e-05, -0.02903191203451984, 0.0005358128919390033, 0.9913175239650882, -0.13148870515854946, -0.12015287119776741, -3.634789640739427e-09, 0.13148872403538875, 0.9913176662662405, 4.517841128981459e-09, 0.0, 0.0, 0.0, 1.0]}, {"left_foot_pose": [0.9999993549643487, -0.0011332664667739185, -7.601317641806672e-05, -0.05909621510491089, 0.0011358128752955777, 0.9977571880260437, 0.06692760022199377, -0.00013896248854311163, -4.111877563271794e-09, -0.06692764338805034, 0.99775783161573, 4.8667609942043555e-09, 0.0, 0.0, 0.0, 1.0], "right_foot_pose": [0.9999998564522462, -0.0005333526488468231, 5.1287803143123024e-05, -0.02903191188712539, 0.0005358129214248913, 0.9954089375942237, -0.09571185852365494, -0.1201528712397914, -4.164368604932028e-09, 0.0957118722651001, 0.9954090804827476, 5.308507841639276e-09, 0.0, 0.0, 0.0, 1.0]}, {"left_foot_pose": [0.9999993549642752, -0.0011296621870801856, -0.00011804396276691253, -0.05909621484556158, 0.00113581293972574, 0.9945836982588334, 0.1039325602818885, -0.00013896255649862785, -4.0823114171236145e-09, -0.10393262731753483, 0.9945843398017461, 4.807620329616569e-09, 0.0, 0.0, 0.0, 1.0], "right_foot_pose": [0.999999856452208, -0.0005348934817087436, 3.137716292789705e-05, -0.029031911659282518, 0.0005358129926676103, 0.9982841965497611, -0.05855233405625536, -0.12015287128684718, -4.0640579427822506e-09, 0.05855234246348846, 0.9982843398511462, 5.358084906315064e-09, 0.0, 0.0, 0.0, 1.0]}, {"left_foot_pose": [0.9999993549642574, -0.0011248077459203476, -0.00015772952915597106, -0.059096214554673614, 0.0011358129553932768, 0.9903096641769596, 0.13887216771782848, -0.00013896259436857895, -3.4128928570468413e-09, -0.1388722572915596, 0.9903103029630399, 4.16581179968345e-09, 0.0, 0.0, 0.0, 1.0], "right_foot_pose": [0.9999998564521678, -0.0005356701919609083, 1.2372910224605227e-05, -0.02903191148979521, 0.0005358130676380658, 0.9997333484769537, -0.023085598268496866, -0.1201528712767682, -3.3441132529206955e-09, 0.02308560158417607, 0.9997334919864875, 4.747476668731654e-09, 0.0, 0.0, 0.0, 1.0]}, {"left_foot_pose": [0.9999993549642959, -0.0011194596841595386, -0.00019204428811662314, -0.05909621443202353, 0.0011358129216783013, 0.9856011753194216, 0.1690829179366809, -0.00013896249868699043, -2.4338295509487777e-09, -0.16908302699854605, 0.985601811068248, 3.0049948571142515e-09, 0.0, 0.0, 0.0, 1.0], "right_foot_pose": [0.9999998462348251, -0.0005545370342209952, -4.3593409061411935e-06, -0.02996784001083259, 0.0005545541688364545, 0.9999689286991578, 0.007863466534083055, -0.12015365224126218, -1.3779548297517244e-09, -0.007863467742446615, 0.9999690824595846, 0.0005400725334642337, 0.0, 0.0, 0.0, 1.0]}, {"left_foot_pose": [0.9999993549643575, -0.0011143615463676813, -0.00021970255738027624, -0.059096214361821435, 0.0011358128673953406, 0.981112793342022, 0.19343318399319645, -0.00013896243775303203, -1.5122579198887146e-09, -0.19343330876289028, 0.9811134261954838, 1.962347152828503e-09, 0.0, 0.0, 0.0, 1.0], "right_foot_pose": [0.9999998095459164, -0.0006168344677614776, -2.057595924442344e-05, -0.033095244084568064, 0.0006171775519856151, 0.9994442694277553, 0.03332823727546194, -0.12015626572103776, 6.519053515516214e-09, -0.03332824362698342, 0.9994444597759, 0.002090425201953759, 0.0, 0.0, 0.0, 1.0]}, {"left_foot_pose": [0.9999993549644179, -0.0011100835268989427, -0.0002403857563076723, -0.059096214321078096, 0.0011358128140357923, 0.9773464707231917, 0.21164259045422257, -0.00013896241778491372, -7.827143986111539e-10, -0.2116427269704437, 0.9773471011470363, 1.189865685147229e-09, 0.0, 0.0, 0.0, 1.0], "right_foot_pose": [0.9999997441881762, -0.0007142714335319271, -3.79460241657297e-05, -0.03799439919048058, 0.0007152786738242097, 0.9985928107685353, 0.05302722562811329, -0.12016036067321859, 1.6794463394766346e-08, -0.053027239205104056, 0.9985930662198113, 0.003974032457252065, 0.0, 0.0, 0.0, 1.0]}, {"left_foot_pose": [0.9999993549644641, -0.0011070154760951737, -0.000254140497334889, -0.05909621429948681, 0.0011358127736120639, 0.9746454026657186, 0.2237522044403659, -0.00013896242622554907, -2.8576770258041833e-10, -0.22375234876826622, 0.9746460313471169, 7.009942487590237e-10, 0.0, 0.0, 0.0, 1.0], "right_foot_pose": [0.9999996471881274, -0.0008381512887801406, -5.591098177758882e-05, -0.04422366804026965, 0.0008400140594560959, 0.997784171191864, 0.06652850588540732, -0.12016556761988167, 2.613966498184887e-08, -0.06652852937937152, 0.9977845232206286, 0.00550000212308379, 0.0, 0.0, 0.0, 1.0]}, {"left_foot_pose": [0.9999993549644894, -0.0011056515476553165, -0.0002600101172866374, -0.05909621430110139, 0.001135812751259976, 0.9734446349665855, 0.22891975140683216, -0.00013896244069704251, -2.372225780155237e-11, -0.22891989906827032, 0.9734452628733543, 4.839478540130671e-10, 0.0, 0.0, 0.0, 1.0], "right_foot_pose": [0.9999995173072995, -0.000979969915384575, -7.102205730351871e-05, -0.051341412887626656, 0.0009825401603436206, 0.9973859190781098, 0.07225207982852337, -0.12017151699768523, 3.1535342495386135e-08, -0.0722521147349956, 0.9973864005070049, 0.006000007463053229, 0.0, 0.0, 0.0, 1.0]}, {"left_foot_pose": [0.9999993549644883, -0.0011057171798803456, -0.00025973087310397156, -0.05909621437914859, 0.0011358127523172445, 0.9735024164004938, 0.22867390579554983, -0.00013896246257835178, -3.364837083017457e-11, -0.22867405329839796, 0.9735030443445376, 5.123966667630597e-10, 0.0, 0.0, 0.0, 1.0], "right_foot_pose": [0.9999993570064567, -0.001131079655188471, -8.151985355014016e-05, -0.05890599086462698, 0