{"LoopMode": "Wrap", "FrameDuration": 0.005, "EnableCycleOffsetPosition": true, "EnableCycleOffsetRotation": false, "Debug_info": [{"left_foot_pose": [0.9804619560983615, 0.1965064460551473, 0.008920162697583124, 0.014326619092196164, -0.19670880164287444, 0.9794533489237753, 0.04446104630152467, -0.0007097472698473564, -1.0304869825487625e-09, -0.045347038941673995, 0.9989712939115034, 3.0570501408089257e-09, 0.0, 0.0, 0.0, 1.0], "right_foot_pose": [0.9951035011881544, 0.0987105762379216, 0.005024346908228713, -1.6538455414188968e-09, -0.09883836260823405, 0.9938169500102827, 0.05058505657981162, -0.14495000014338463, -1.0361083798908443e-09, -0.05083396513195665, 0.998707118222837, 3.310619840768414e-09, 0.0, 0.0, 0.0, 1.0]}, {"left_foot_pose": [0.9804619561106043, 0.19639884188274545, 0.011038456725688497, 0.014326620468124556, -0.19670880158185206, 0.9789170144777386, 0.05501932520690282, -0.0007097473605117664, -1.3505472352031717e-09, -0.05611571681006904, 0.9984242717036147, 2.73392016664209e-09, 0.0, 0.0, 0.0, 1.0], "right_foot_pose": [0.9951025641694619, 0.09866027899726594, 0.006085731800154249, -6.793861633005126e-07, -0.0988477960470383, 0.9932148701452501, 0.06126446718120547, -0.14494989820985676, -6.989491248048397e-08, -0.06156598956027223, 0.9981030151890431, 1.1922773841745171e-05, 0.0, 0.0, 0.0, 1.0]}, {"left_foot_pose": [0.9804619561132094, 0.19627508606944596, 0.013055389810019762, 0.014326620718070652, -0.19670880156886703, 0.9783001745242502, 0.06507238977601902, -0.0007097471924034735, -1.2255920137893716e-09, -0.06636911265230046, 0.9977951397384873, 2.4167083612081086e-09, 0.0, 0.0, 0.0, 1.0], "right_foot_pose": [0.9950369450700596, 0.09924750417734186, 0.007170136694089146, -4.808383018090241e-05, -0.09950617038732702, 0.9924508550367408, 0.07169255464614513, -0.144942802260732, -7.01176051449611e-07, -0.07205021340295117, 0.9974010059891146, 0.0008178780340389394, 0.0, 0.0, 0.0, 1.0]}, {"left_foot_pose": [0.980461956115235, 0.19613912265755454, 0.014959852065196028, 0.014326620941185081, -0.19670880155877013, 0.9776224878100298, 0.07456486248522826, -0.0007097470895378599, -1.0843132330425995e-09, -0.07605074550097186, 0.9971039484972204, 2.1454117440922182e-09, 0.0, 0.0, 0.0, 1.0], "right_foot_pose": [0.9948705822044573, 0.1008109897168972, 0.008346796778622434, -0.00016688595752320382, -0.10115594229707785, 0.9914791641698203, 0.08207644214453173, -0.14492502503347093, -1.4677285321574737e-06, -0.08249976587490469, 0.9965910839599315, 0.002744340463398165, 0.0, 0.0, 0.0, 1.0]}, {"left_foot_pose": [0.9804619561166525, 0.19599483293167044, 0.016744493781382725, 0.014326621127456925, -0.19670880155170495, 0.9769032999447524, 0.08346010992770878, -0.0007097470404680666, -9.291972925643184e-10, -0.08512325194175822, 0.9963704290969605, 1.9001708956301044e-09, 0.0, 0.0, 0.0, 1.0], "right_foot_pose": [0.994605200889711, 0.10328315174350891, 0.00964805312302298, -0.00035248880682402554, -0.10373280270771011, 0.9902959920413003, 0.09248434348223467, -0.1448972547288475, -2.3538569569010548e-06, -0.09298622861942532, 0.9956673949073532, 0.005588801680298142, 0.0, 0.0, 0.0, 1.0]}, {"left_foot_pose": [0.9804619561174841, 0.1958461817067079, 0.018401785706305317, 0.014326621271459627, -0.19670880154756043, 0.9761623728843778, 0.09172060378379714, -0.000709747036135789, -7.654864985608994e-10, -0.09354835581476102, 0.9956147372976939, 1.6686397055765134e-09, 0.0, 0.0, 0.0, 1.0], "right_foot_pose": [0.9942404729204335, 0.10659589072693615, 0.011099463369175005, -0.0006002957079015786, -0.1071722071983539, 0.9888971950221345, 0.10293908723894656, -0.14486017945528767, -3.3444971746984384e-06, -0.1035357607664399, 0.9946257317359777, 0.009148757920796065, 0.0, 0.0, 0.0, 1.0]}, {"left_foot_pose": [0.9804619561178103, 0.19569683205487515, 0.019927431578698827, 0.01432662137234235, -0.19670880154593387, 0.9754179646028023, 0.09932493002509128, -0.0007097470681485746, -6.002737326515322e-10, -0.10130421636740036, 0.9948554949067671, 1.4469372922043533e-09, 0.0, 0.0, 0.0, 1.0], "right_foot_pose": [0.99377459394905, 0.11068077570816696, 0.01272093982528532, -0.0009057101784095432, -0.11140940894659297, 0.9872797004604323, 0.1134316386945437, -0.14481448708915326, -4.4238997223715075e-06, -0.11414271307182597, 0.9934643632426036, 0.01322170895422567, 0.0, 0.0, 0.0, 1.0]}, {"left_foot_pose": [0.9804619561177006, 0.1955501783673762, 0.021318544658137175, 0.014326621431250018, -0.19670880154648268, 0.9746869938772613, 0.10625870016452695, -0.000709747129670377, -4.364192622679237e-10, -0.10837615838825387, 0.9941099578482276, 1.2286602221744936e-09, 0.0, 0.0, 0.0, 1.0], "right_foot_pose": [0.993204820204041, 0.11546960083477767, 0.014524338419195565, -0.0012641357867091622, -0.11637948742106828, 0.9854456488627766, 0.12390596452564583, -0.14476086537534993, -5.573832982259714e-06, -0.12475433627925865, 0.9921876614574754, 0.017605156012954794, 0.0, 0.0, 0.0, 1.0]}, {"left_foot_pose": [0.9804619561172369, 0.19540944671875712, 0.022572123068771516, 0.014326621450531233, -0.19670880154879292, 0.9739855405397067, 0.11250695184215745, -0.0007097472135935189, -2.76776749008936e-10, -0.11474892135721963, 0.9933945263828241, 1.0122422483549443e-09, 0.0, 0.0, 0.0, 1.0], "right_foot_pose": [0.992527964230011, 0.12089523994052924, 0.016510032742290407, -0.0016709760835916026, -0.12201737653128018, 0.9834076561136383, 0.13424284607197357, -0.14470000198216243, -6.771515284422472e-06, -0.13525428960591873, 0.9908109189433395, 0.022096600579106916, 0.0, 0.0, 0.0, 1.0]}, {"left_foot_pose": [0.9804619561165225, 0.1952776067047086, 0.02368562703085795, 0.01432662143372629, -0.19670880155235465, 0.9733284060475467, 0.11805702593568572, -0.000709747311843879, -1.247854416312422e-10, -0.12040959388945774, 0.9927242969220494, 8.00983702975433e-10, 0.0, 0.0, 0.0, 1.0], "right_foot_pose": [0.9917408493565428, 0.1268926736899662, 0.018663790648588727, -0.0021216345932464934, -0.12825789509326252, 0.9811934758406551, 0.14425420380002493, -0.14463258450915567, -7.988007648812265e-06, -0.14545656510293808, 0.9893646383435413, 0.026493543936842334, 0.0, 0.0, 0.0, 1.0]}, {"left_foot_pose": [0.9804619561156548, 0.19515732782755474, 0.024657047776912445, 0.014326621384765259, -0.19670880155667794, 0.9727288960928819, 0.1228989100686389, -0.0007097474159004635, 1.6968728498238057e-11, -0.12534796408850205, 0.9921128403054104, 5.999887739416288e-10, 0.0, 0.0, 0.0, 1.0], "right_foot_pose": [0.9908407226243363, 0.13340029584978794, 0.020952886590440478, -0.002611514843156419, -0.1350357815724538, 0.9788507081468724, 0.1536770277415691, -0.14455930046866222, -9.186910732220232e-06, -0.15509884663515586, 0.987898956213663, 0.030593487082547104, 0.0, 0.0, 0.0, 1.0]}, {"left_foot_pose": [0.9804619561147329, 0.195051025117381, 0.0254843130637649, 0.014326621308006935, -0.196708801561275, 0.972199047993638, 0.12702227548186823, -0.0007097475165211038, 1.4611643452791388e-10, -0.12955349737048266, 0.991572433722861, 4.169264447573262e-10, 0.0, 0.0, 0.0, 1.0], "right_foot_pose": [0.9898256259051732, 0.1403613928734994, 0.02332187153818091, -0.003136020427238526, -0.14228573433361194, 0.976450630163001, 0.16216946894968504, -0.14448083722411986, -1.0323616703935863e-05, -0.16383786572367587, 0.9864872800236878, 0.03419393075388309, 0.0, 0.0, 0.0, 1.0]}, {"left_foot_pose": [0.9804619561138516, 0.19496084628797822, 0.026165263768525498, 0.014326621208277754, -0.1967088015656673, 0.9717495666744431, 0.13041636037948448, -0.0007097476036998524, 2.603948755098203e-10, -0.1330152174854747, 0.9911139954199483, 2.6199187957987036e-10, 0.0, 0.0, 0.0, 1.0], "right_foot_pose": [0.988694724953938, 0.14772529560312772, 0.025690034784428502, -0.003690555092707947, -0.1499424580281513, 0.9740880971062785, 0.16932111019109622, -0.14439788192008776, -1.1346042928750337e-05, -0.17125891543168742, 0.9852260571850648, 0.03709237549849551, 0.0, 0.0, 0.0, 1.0]}, {"left_foot_pose": [0.9804619561131037, 0.19488865371189923, 0.026697664115624173, 0.014326621091082847, -0.19670880156939377, 0.9713897348242195, 0.13307002090353112, -0.0007097476666932511, 3.5760092498745955e-10, -0.13572175850797458, 0.9907469930650833, 1.4805793396854838e-10, 0.0, 0.0, 0.0, 1.0], "right_foot_pose": [0.9874485961539282, 0.15544762583342223, 0.027951843881738752, -0.004270522821907305, -0.15794071610848676, 0.9718754062755255, 0.17467949184698445, -0.14431112142661864, -1.2197339312471226e-05, -0.17690175324042093, 0.9842285149047911, 0.03908632177555836, 0.0, 0.0, 0.0, 1.0]}, {"left_foot_pose": [0.9804619561125757, 0.1948359816355311, 0.02707938101253747, 0.014326620962949317, -0.19670880157202697, 0.9711271996416775, 0.13497262500303903, -0.0007097476940151051, 4.35655801477876e-10, -0.13766227651841745, 0.9904792262454413, 9.115744270538073e-11, 0.0, 0.0, 0.0, 1.0], "right_foot_pose": [0.9860894707569547, 0.1634889108546766, 0.029982189543471333, -0.004871327855260215, -0.16621538887206333, 0.9699282742966486, 0.1777964769674413, -0.14422124233109274, -1.2820990328668491e-05, -0.18030673516947945, 0.9836104315673687, 0.03997327012699636, 0.0, 0.0, 0.0, 1.0]}, {"left_foot_pose": [0.9804619561079679, 0.19483595744385682, 0.027079555237742955, 0.014326620763138344, -0.19670880159499282, 0.9711270790968315, 0.13497349228614927, -0.0007097475820819809, 2.1784220097970085e-10, -0.13766316112814356, 0.9904791032970902, 2.538174531663273e-11, 0.0, 0.0, 0.0, 1.0], "right_foot_pose": [0.9846214368931462, 0.17181990879337772, 0.0315997619090883, -0.005488374529146564, -0.17470153358677, 0.9683941491145076, 0.17802288089798884, -0.14412893145951905, -1.314938714585765e-05, -0.18080567165612987, 0.9835188401469841, 0.040000000039848764, 0.0, 0.0, 0.0, 1.0]}, {"left_foot_pose": [0.9804619561084713, 0.19482974248927823, 0.02712423391567846, 0.014326620693084583, -0.1967088015924828, 0.9710961017008599, 0.135196185735557, -0.0007097475728397506, 2.3525332680504005e-10, -0.1378902922723559, 0.9904475086025736, 1.599959748022073e-11, 0.0, 0.0, 0.0, 1.0], "right_foot_pose": [0.9830505932109918, 0.18030502831361941, 0.03319078113485671, -0.006117065496681317, -0.1833344785060126, 0.966819683534455, 0.17789932130636338, -0.14403487845117346, -1.3358347946078008e-05, -0.18096904789261967, 0.9834887917644987, 0.04000000002580441, 0.0, 0.0, 0.0, 1.0]}, {"left_foot_pose": [0.9804619561092337, 0.19484290933785803, 0.027029489510821833, 0.014326620619018725, -0.19670880158868403, 0.971161729663631, 0.1347239481840148, -0.0007097475629012119, 2.364013022251329e-10, -0.13740864426048602, 0.9905144443583328, 3.1672123257386886e-11, 0.0, 0.0, 0.0, 1.0], "right_foot_pose": [0.9813851753730288, 0.1889006543762363, 0.03463640186681267, -0.006752804228833081, -0.192049830456315, 0.9653052984432744, 0.17692524811072577, -0.14393977110381392, -1.3407097250886203e-05, -0.18028373075119955, 0.9836146482473096, 0.040000000042802755, 0.0, 0.0, 0.0, 1.0]}, {"left_foot_pose": [0.9804619561102489, 0.19487524068264178, 0.026795394928013513, 0.01432662054238565, -0.19670880158362433, 0.9713228798550324, 0.13355714301250018, -0.0007097475524278068, 2.2111565249084487e-10, -0.1362185877147818, 0.9906788058503074, 7.236458654524824e-11, 0.0, 0.0, 0.0, 1.0], "right_foot_pose": [0.9796356257208881, 0.1975474466476519, 0.03590330265361168, -0.007390994361396378, -0.20078356666239563, 0.9638582296677135, 0.17510931574347607, -0.14384429703958568, -1.3295525593180209e-05, -0.17875211725966858, 0.9838941408497227, 0.040000000090907914, 0.0, 0.0, 0.0, 1.0]}, {"left_foot_pose": [0.9804619561115059, 0.1949262624901603, 0.026421673104064222, 0.014326620464419218, -0.196708801577359, 0.9715771895343044, 0.1316943892450318, -0.0007097475415034152, 1.892171876200752e-10, -0.1343187141400633, 0.9909381832545163, 1.3825997291494474e-10, 0.0, 0.0, 0.0, 1.0], "right_foot_pose": [0.9778146269483737, 0.20618603596951307, 0.03695773122083144, -0.00802703952956137, -0.20947208681859236, 0.962486326165027, 0.17245728975376082, -0.14374914388061377, -1.3025997758882646e-05, -0.17637287352800965, 0.984323427189354, 0.04000000017068023, 0.0, 0.0, 0.0, 1.0]}, {"left_foot_pose": [0.9804619561129824, 0.19499524336730076, 0.025907676067769322, 0.014326620386573237, -0.19670880156999893, 0.9719210131941161, 0.12913245717719019, -0.0007097475301861729, 1.405921097857141e-10, -0.13170572947237866, 0.9912888584182462, 2.295524326179077e-10, 0.0, 0.0, 0.0, 1.0], "right_foot_pose": [0.9759370935287324, 0.21475690903500821, 0.03776585092937425, -0.008656343369140812, -0.21805226280835988, 0.9611980773478705, 0.16897179287357622, -0.14365499924876113, -1.260335108802201e-05, -0.17314076967741035, 0.9848970878810991, 0.040000000282902626, 0.0, 0.0, 0.0, 1.0]}, {"left_foot_pose": [0.9804619561146672, 0.19508116523070584, 0.02525255599006752, 0.014326620309134733, -0.19670880156160098, 0.9723492763681265, 0.1258671209433985, -0.0007097475039373625, 7.448446817336062e-11, -0.12837532363585946, 0.991725655754347, 3.482161850532073e-10, 0.0, 0.0, 0.0, 1.0], "right_foot_pose": [0.9740201222045548, 0.2232008098142967, 0.03829099161507459, -0.009274309435732087, -0.22646147883428944, 0.9600048328900898, 0.16463875434373612, -0.14356255055324685, -1.203371028661819e-05, -0.16903289421267292, 0.9856104101161254, 0.03998808042585123, 0.0, 0.0, 0.0, 1.0]}, {"left_foot_pose": [0.9804619561166297, 0.19518365160394954, 0.024447796516277414, 0.014326620237225291, -0.19670880155181963, 0.9728601025761038, 0.12185593218083672, -0.0007097473626811084, -1.3926824757672326e-11, -0.1242842023837384, 0.9922466613891118, 5.29211334476809e-10, 0.0, 0.0, 0.0, 1.0], "right_foot_pose": [0.9720829037932599, 0.23149583775786461, 0.03826885487766833, -0.009876341778943368, -0.23463765261808806, 0.9590744676660077, 0.15849712125157767, -0.14347248282506633, -1.1257753643617706e-05, -0.16305165614598457, 0.9866175334451112, 0.03918213205922428, 0.0, 0.0, 0.0, 1.0]}, {"left_foot_pose": [0.9804619561186463, 0.19530115161416572, 0.02349069565125337, 0.014326620186482567, -0.19670880154176887, 0.9734457617410803, 0.11708542327860293, -0.0007097472062790357, -1.185192219562343e-10, -0.11941862972965936, 0.9928439912058148, 7.65020484461143e-10, 0.0, 0.0, 0.0, 1.0], "right_foot_pose": [0.9701465900046026, 0.2395892701748386, 0.03758424562938134, -0.010457844717665166, -0.24251926479504526, 0.9584323399217264, 0.15030587478683138, -0.14338548505758736, -1.0281639593280436e-05, -0.15493363550001743, 0.9879248799807784, 0.03725568576841013, 0.0, 0.0, 0.0, 1.0]}, {"left_foot_pose": [0.9804619561206284, 0.19543105186494047, 0.02238429286521113, 0.014326620154276274, -0.19670880153189002, 0.9740932278223974, 0.11157074397184723, -0.0007097470456378669, -2.378236209593829e-10, -0.11379405730312583, 0.9935043595890731, 1.0402867803294136e-09, 0.0, 0.0, 0.0, 1.0], "right_foot_pose": [0.9682341249738898, 0.2473953398027373, 0.036307369498965146, -0.011014221152953484, -0.25004535419002866, 0.9579779710432466, 0.14055435903538396, -0.1433022459925698, -9.166752221425699e-06, -0.14516801589796807, 0.9894070179032581, 0.03441124101098482, 0.0, 0.0, 0.0, 1.0]}, {"left_foot_pose": [0.9804619561224758, 0.19557046246253595, 0.021131654187017984, 0.014326620138422485, -0.1967088015226817, 0.974788096624387, 0.10532717637397954, -0.000709746891342654, -3.701557580833524e-10, -0.10742607174980928, 0.9942130753054931, 1.3421256606083176e-09, 0.0, 0.0, 0.0, 1.0], "right_foot_pose": [0.9663700396847262, 0.25482729721054215, 0.03452528053630156, -0.011540874211754, -0.2571554905814228, 0.9576250344152264, 0.1297125557726151, -0.1432234540890861, -7.972959964100286e-06, -0.13422869312336347, 0.990950381138645, 0.03085129734377303, 0.0, 0.0, 0.0, 1.0]}, {"left_foot_pose": [0.9804619561240776, 0.19571619168376309, 0.01973638533654534, 0.014326620136816383, -0.19670880151469583, 0.975514459532716, 0.09837269259934647, -0.000709746753681159, -5.134881997348794e-10, -0.10033300332093216, 0.9949539127239023, 1.6588933490768731e-09, 0.0, 0.0, 0.0, 1.0], "right_foot_pose": [0.964580207265211, 0.2618011168801202, 0.032329536843633, -0.012033207277867407, -0.2637897338915688, 0.9573117173926344, 0.11819159037842107, -0.14314979750406953, -6.754071378473956e-06, -0.12253346866504217, 0.9924643817343252, 0.02677835423944709, 0.0, 0.0, 0.0, 1.0]}, {"left_foot_pose": [0.9804619561253377, 0.19586484522143674, 0.018202060247693965, 0.014326620146761108, -0.19670880150841744, 0.9762553981879554, 0.0907251063267471, -0.0007097466418573232, -6.665672267449476e-10, -0.09253302067510981, 0.9957096163464233, 1.9819086718997347e-09, 0.0, 0.0, 0.0, 1.0], "right_foot_pose": [0.9628915609427819, 0.2682377101924892, 0.029805581622617802, -0.01248662392944595, -0.26988857299691454, 0.9570039887320949, 0.10631803100391385, -0.14308196412832216, -5.555310661437446e-06, -0.11041692072119329, 0.9938853573665266, 0.022394910983269532, 0.0, 0.0, 0.0, 1.0]}, {"left_foot_pose": [0.9804619561261491, 0.1960128851022786, 0.0165318318152455, 0.014326620165687545, -0.19670880150437217, 0.9769932781508792, 0.08240013263771155, -0.0007097465644009676, -8.278875988969244e-10, -0.08404215205407384, 0.9964622003257931, 2.3033754903423187e-09, 0.0, 0.0, 0.0, 1.0], "right_foot_pose": [0.9613317750933563, 0.2740635030723701, 0.027026181372096482, -0.012896527855917567, -0.2753928433644967, 0.9566929324823477, 0.09432610859111949, -0.143020641667091, -4.412959003878156e-06, -0.09812150234289602, 0.9951744423760586, 0.017903466607697913, 0.0, 0.0, 0.0, 1.0]}, {"left_foot_pose": [0.9804619561263518, 0.1961564668242446, 0.014730686064057164, 0.014326620192383755, -0.19670880150336098, 0.9777089371384488, 0.07342262356192841, -0.0007097465306562696, -9.921354004701651e-10, -0.07488574472244026, 0.9971921205251105, 2.609155939914398e-09, 0.0, 0.0, 0.0, 1.0], "right_foot_pose": [0.9599289096829611, 0.27920956900578886, 0.02405212943759426, -0.013258322789654471, -0.2802436231988491, 0.9563879530266867, 0.08237472283295157, -0.14296651772703128, -3.3559795939789076e-06, -0.08581433377371066, 0.9963111462327977, 0.013506519866389725, 0.0, 0.0, 0.0, 1.0]}, {"left_foot_pose": [0.980461956125859, 0.19629154646230154, 0.012805521359692618, 0.014326620224340851, -0.1967088015058179, 0.9783822188812608, 0.0638269628536877, -0.0007097465469764353, -1.15728547399586e-09, -0.06509886761242173, 0.9978788190134019, 2.8926826003972117e-09, 0.0, 0.0, 0.0, 1.0], "right_foot_pose": [0.9587110182273024, 0.2836107283043851, 0.020931753873599763, -0.013567412447601243, -0.2843821083046062, 0.9561111594283354, 0.07055683732163047, -0.14292027981378033, -2.4074453143452213e-06, -0.07359623364860611, 0.997288120047032, 0.009406569313013542, 0.0, 0.0, 0.0, 1.0]}, {"left_foot_pose": [0.9804619561246068, 0.19641416082142987, 0.010762435650160348, 0.014326620259596383, -0.19670880151205797, 0.9789933694965136, 0.05364354471465515, -0.0007097466179694818, -1.3225241928401639e-09, -0.054712520602482585, 0.9985021482647517, 3.1513123152637768e-09, 0.0, 0.0, 0.0, 1.0], "right_foot_pose": [0.9577057190818099, 0.2872047250153299, 0.017697501712446544, -0.013819200539317348, -0.2877494667857411, 0.9558930144866843, 0.05889642790595424, -0.1428826153580283, -1.5858796790888752e-06, -0.0614978925202183, 0.9981072132857557, 0.00580611369520731, 0.0, 0.0, 0.0, 1.0]}, {"left_foot_pose": [0.9804619561224079, 0.19652024974367255, 0.008610693195482374, 0.01432662030094001, -0.1967088015230178, 0.9795221518000147, 0.04291854536732847, -0.0007097467512661819, -1.4731062413944076e-09, -0.04377380008354521, 0.9990414678211543, 3.355578093167111e-09, 0.0, 0.0, 0.0, 1.0], "right_foot_pose": [0.9569397295786732, 0.28993062715248114, 0.014373078753879793, -0.014009090839372955, -0.29028667546594683, 0.9557661592622463, 0.04737821077269922, -0.1428542117260562, -9.079146784392781e-07, -0.04951040545242231, 0.9987736078567118, 0.0029076530218348218, 0.0, 0.0, 0.0, 1.0]}, {"left_foot_pose": [0.9804619561192294, 0.1966056391440798, 0.006369871239155405, 0.01432662035140749, -0.19670880153886203, 0.9799477607662286, 0.031749544349485306, -0.000709746949268909, -1.5978157590802135e-09, -0.03238223009620195, 0.9994755580673287, 3.4863180814470596e-09, 0.0, 0.0, 0.0, 1.0], "right_foot_pose": [0.956438362265017, 0.29172759896856854, 0.010984861758172117, -0.014132487295070002, -0.29193434054194434, 0.9557610836256799, 0.035987384442410536, -0.14283575610712101, -3.9012092583331786e-07, -0.0376265734116173, 0.9992918697623572, 0.0009136904420736017, 0.0, 0.0, 0.0, 1.0]}, {"left_foot_pose": [0.9804619561151884, 0.1966668873493674, 0.004060545664141561, 0.014326620414868959, -0.19670880155900294, 0.980253041960494, 0.020239098705700707, -0.0007097472090352389, -1.694087743177811e-09, -0.020642411378268895, 0.9997869227252831, 3.5502658451980196e-09, 0.0, 0.0, 0.0, 1.0], "right_foot_pose": [0.9562249821190445, 0.29253513899764044, 0.007548246356884499, -0.014184794168011067, -0.29263250600613494, 0.9559068236700917, 0.024664972927729664, -0.14282793566344298, -4.891550229841869e-08, -0.025794125544151978, 0.9996672761911385, 2.6733500153738876e-05, 0.0, 0.0, 0.0, 1.0]}, {"left_foot_pose": [0.9804619560870862, 0.19670141487842466, 0.0017047142609096376, 0.014326621809306174, -0.19670880169907326, 0.9804251377916721, 0.008496853552704143, -0.0007097476412633412, -1.5983162882044665e-09, -0.008666173954372938, 0.9999624480094209, 3.667786963035269e-09, 0.0, 0.0, 0.0, 1.0], "right_foot_pose": [0.9562187494097565, 0.29262477727811786, 0.00405499693877342, -0.014186318943832734, -0.2926528716367591, 0.9561269535219491, 0.013249357403104189, -0.1428277084830769, -1.610448858823236e-09, -0.013855990465089693, 0.999904001156227, 3.814869087293005e-09, 0.0, 0.0, 0.0, 1.0]}, {"left_foot_pose": [0.9804619560637877, 0.19670765182776095, -0.0006726246954231604, 0.014326623093520879, -0.19670880181520195, 0.9804562241262491, -0.0033525901220043154, -0.0007097481034680567, -1.0613118930640384e-09, 0.0034193982668082354, 0.9999941538406583, 3.772132349533219e-09, 0.0, 0.0, 0.0, 1.0], "right_foot_pose": [0.9562187494117779, 0.29265243289376797, 0.0005067491828727418, -0.014186317549526007, -0.2926528716301544, 0.9562173158838021, 0.0016557568062588316, -0.14282770850129772, -1.0858409901863958e-09, -0.0017315673061749758, 0.9999985008362083, 3.947161958395284e-09, 0.0, 0.0, 0.0, 1.0]}, {"left_foot_pose": [0.9804619560540954, 0.19668516535060737, -0.003049337892496382, 0.01432662376830683, -0.19670880186351158, 0.9803441437807169, -0.015198915233504215, -0.0007097483726753086, -6.105344679639882e-10, 0.01550178976305161, 0.9998798400378635, 3.805548196011976e-09, 0.0, 0.0, 0.0, 1.0], "right_foot_pose": [0.9562187494161531, 0.29263698152497025, -0.0030496407922847575, -0.014186316828381543, -0.2926528716158578, 0.9561668298524978, -0.009964448043763896, -0.14282770843904793, -6.29541813320931e-10, 0.010420678182288963, 0.9999457032590425, 3.9493281908664635e-09, 0.0, 0.0, 0.0, 1.0]}, {"left_foot_pose": [0.980461956056698, 0.1966346090068564, -0.005402153847833033, 0.014326623781600045, -0.19670880185053938, 0.9800921542236819, -0.02692613050010552, -0.0007097483485941029, -5.407856416403067e-10, 0.027462697789990602, 0.9996228289860616, 3.746432782059106e-09, 0.0, 0.0, 0.0, 1.0], "right_foot_pose": [0.9562187494196306, 0.29257915857268285, -0.006568045923893589, -0.01418631685840586, -0.2926528716044956, 0.955977898219453, -0.021460541874794774, -0.14282770837316083, -5.46508666979478e-10, 0.022443130013841357, 0.9997481212361352, 3.808017595696711e-09, 0.0, 0.0, 0.0, 1.0]}, {"left_foot_pose": [0.9804619560683104, 0.19655782586929266, -0.00770543913352499, 0.014326623142597267, -0.19670880179265862, 0.9797094417854161, -0.03840647046795383, -0.000709748036655241, -8.622771912644183e-10, 0.039171810859931454, 0.9992324900812399, 3.5888551921936518e-09, 0.0, 0.0, 0.0, 1.0], "right_foot_pose": [0.9562187494179533, 0.29248176568970274, -0.010005998230999224, -0.014186317602460965, -0.2926528716099757, 0.9556596750526578, -0.03269376418651498, -0.14282770832191308, -8.583006404753513e-10, 0.03419067441982092, 0.9994153279706681, 3.53524504115299e-09, 0.0, 0.0, 0.0, 1.0]}, {"left_foot_pose": [0.9804619560848132, 0.1964579404246883, -0.009931279596943158, 0.014326621930635951, -0.1967088017104036, 0.9792115798408078, -0.04950080035037249, -0.0007097475471029117, -1.302244640583045e-09, 0.050487221648255365, 0.9987247070390524, 3.348512501999412e-09, 0.0, 0.0, 0.0, 1.0], "right_foot_pose": [0.9562187494077474, 0.29234936354308727, -0.01332489838742266, -0.014186318915359562, -0.29265287164332293, 0.9552270619056753, -0.04353799400486555, -0.14282770823983848, -1.300455949335504e-09, 0.045531415956489074, 0.998962907299864, 3.1634608613217985e-09, 0.0, 0.0, 0.0, 1.0]}, {"left_foot_pose": [0.9804600912995725, 0.19634854682336308, -0.012052283152551115, 0.014327286217436726, -0.19671809619054134, 0.9786182459519644, -0.060069287669077674, -0.0007099158642342902, 6.685592785093728e-08, 0.06126644146884302, 0.9981214470943612, 1.1922770006396466e-05, 0.0, 0.0, 0.0, 1.0], "right_foot_pose": [0.9562187493902695, 0.29218799970154824, -0.01648866716616174, -0.014186320363553004, -0.29265287170043003, 0.9546998188067362, -0.053875343672934915, -0.1428277080855983, -1.3451292162858394e-09, 0.056342069546594487, 0.9984115239715569, 2.7544196160023127e-09, 0.0, 0.0, 0.0, 1.0]}, {"left_foot_pose": [0.9803297208852945, 0.19685822599391983, -0.014158997404068778, 0.014373756543218614, -0.19736676100214506, 0.9778040570374975, -0.07032487250278661, -0.0007216623056407172, 6.954611346761395e-07, 0.0717360780886293, 0.9974236487571263, 0.000817878132484115, 0.0, 0.0, 0.0, 1.0], "right_foot_pose": [0.9562187493875712, 0.29200414761081084, -0.01947514050662627, -0.01418632054023533, -0.292652871709247, 0.9540990974579663, -0.06363339461497604, -0.14282770828882826, -1.1738893686495642e-09, 0.06654690081422333, 0.9977832981123816, 2.455493884612192e-09, 0.0, 0.0, 0.0, 1.0]}, {"left_foot_pose": [0.9800011118928608, 0.19831899925748397, -0.01635222377133647, 0.014490218513101037, -0.19899201161511107, 0.9766872453856559, -0.08052455535022604, -0.0007510943804400032, 1.4591584455597866e-06, 0.0821681156805381, 0.9966184830532602, 0.002744340680775642, 0.0, 0.0, 0.0, 1.0], "right_foot_pose": [0.9562187493858542, 0.2918035320198925, -0.02228008132094714, -0.014186320675628233, -0.29265287171485677, 0.9534436028031054, -0.07279830321430333, -0.14282770843966583, -9.9759884519178e-10, 0.07613143223760889, 0.9970977911044886, 2.192206326190327e-09, 0.0, 0.0, 0.0, 1.0]}, {"left_foot_pose": [0.9794823373963865, 0.20066328600987876, -0.018670735824550172, 0.014672166311215293, -0.2015300243711254, 0.9752708659272041, -0.09073250437729478, -0.0007970730401114356, 2.342218853183756e-06, 0.09263359931104866, 0.9957002642729363, 0.0055888020292121365, 0.0, 0.0, 0.0, 1.0], "right_foot_pose": [0.9562187493850417, 0.2915918016814191, -0.024898283408513997, -0.014186320775283522, -0.29265287171751225, 0.9527517916661683, -0.08135305865423777, -0.14282770853734383, -8.184098134233096e-10, 0.0850778741453411, 0.9963743048327319, 1.9479469426375573e-09, 0.0, 0.0, 0.0, 1.0]}, {"left_foot_pose": [0.9787794502653697, 0.20382296685845855, -0.021142041510638174, 0.014915094099973082, -0.2049165384422056, 0.97355770519102, -0.10096834620840306, -0.0008584592919567129, 3.329533161376323e-06, 0.10315809635802531, 0.9946649723121371, 0.009148758402246243, 0.0, 0.0, 0.0, 1.0], "right_foot_pose": [0.9562187493850022, 0.29137451066752135, -0.027323942941034886, -0.01418632084247248, -0.2926528717176415, 0.9520418115091119, -0.08927869742478453, -0.1428277085835056, -6.400259220414049e-10, 0.09336639476659218, 0.9956318176556478, 1.713638703160214e-09, 0.0, 0.0, 0.0, 1.0]}, {"left_foot_pose": [0.9778970544609762, 0.20772970755609999, -0.02378485810772867, 0.01521449599938068, -0.2090869456880098, 0.9715516648494346, -0.1112205541757099, -0.0009341143466608682, 4.405299623392999e-06, 0.11373535565931146, 0.9935110813944875, 0.013221709553413556, 0.0, 0.0, 0.0, 1.0], "right_foot_pose": [0.9562187493855464, 0.2911566817826233, -0.029554863844613186, -0.014186320880013262, -0.2926528717158629, 0.951330073919494, -0.09656804405593357, -0.1428277085832203, -4.675875037239884e-10, 0.10098949009507037, 0.9948874925791046, 1.487570885916334e-09, 0.0, 0.0, 0.0, 1.0]}, {"left_foot_pose": [0.9768388362903679, 0.21231591818883208, -0.026605240057433255, 0.015565866108158905, -0.21397637225652716, 0.9692618037701236, -0.12143174160088258, -0.001022899536497597, 5.5512525443877195e-06, 0.12431213390462204, 0.99224316240187, 0.017605156700730137, 0.0, 0.0, 0.0, 1.0], "right_foot_pose": [0.9562187493865432, 0.2909429480682377, -0.03158962315379026, -0.01418632088828179, -0.2926528717126069, 0.950631716968758, -0.10321644913188918, -0.14282770854269877, -3.0248366956683714e-10, 0.1079422978372904, 0.9941571607837495, 1.2642285759922878e-09, 0.0, 0.0, 0.0, 1.0]}, {"left_foot_pose": [0.9756080555045803, 0.21753257099849438, -0.029470367988166227, 0.0159646993988107, -0.21951975307351634, 0.9667805614472229, -0.13094435466386378, -0.0011236763210233057, 6.716781886360022e-06, 0.13421969513666182, 0.9909515999241877, 0.022096601505393332, 0.0, 0.0, 0.0, 1.0], "right_foot_pose": [0.9562187494159623, 0.29076010365624566, -0.03323048881948906, -0.014186320654103895, -0.29265287161648157, 0.9500342884937181, -0.10857784037667143, -0.14282770852654683, -3.2077065153997354e-10, 0.11354916471750943, 0.993532378532253, 1.0269557218500758e-09, 0.0, 0.0, 0.0, 1.0]}, {"left_foot_pose": [0.9742079925300796, 0.2232915546773553, -0.03255255597158149, 0.016406488026693592, -0.2256519160739014, 0.9640226547019618, -0.1405045692977994, -0.001235306029323608, 7.917707280200623e-06, 0.14422622102500257, 0.9895447423467812, 0.026493544809845414, 0.0, 0.0, 0.0, 1.0], "right_foot_pose": [0.9562187493993893, 0.2905726660853913, -0.034831437252795285, -0.014186320615906092, -0.2926528716706325, 0.9494218517939911, -0.11380880475165872, -0.14282770843561599, -1.6348618862255117e-10, 0.11901963308671619, 0.9928919009337839, 8.048040706087889e-10, 0.0, 0.0, 0.0, 1.0]}, {"left_foot_pose": [0.9726423586670357, 0.22954797790740605, -0.035701091933541096, 0.01688672699865083, -0.23230764525484285, 0.9610940022024247, -0.14943720047791423, -0.0013566503280296911, 9.098135554866699e-06, 0.15364258774554446, 0.9881264874235879, 0.030593487844616324, 0.0, 0.0, 0.0, 1.0], "right_foot_pose": [0.9562187494003406, 0.29040251582395826, -0.03622267381578019, -0.014186320560257187, -0.29265287166752474, 0.948865900116939, -0.11835455335568018, -0.14282770832999667, -5.885811219517781e-11, 0.12377351250726827, 0.9923104945538032, 5.923422446985072e-10, 0.0, 0.0, 0.0, 1.0]}, {"left_foot_pose": [0.9709156596679899, 0.2362525466056127, -0.038826743796452366, 0.017400910349904562, -0.2394217653162574, 0.9580705946111264, -0.15741014590657768, -0.0014865709311240906, 1.0213683890935192e-05, 0.1621279431925478, 0.9867697451441425, 0.034193931346542736, 0.0, 0.0, 0.0, 1.0], "right_foot_pose": [0.9562187494010633, 0.2902530954075344, -0.03740112164375014, -0.014186320488966241, -0.2926528716651621, 0.9483776814668601, -0.1222050326364565, -0.14282770821989219, 3.164941882196996e-11, 0.1278002891306899, 0.9917999224128381, 3.9741790414105083e-10, 0.0, 0.0, 0.0, 1.0]}, {"left_foot_pose": [0.9690335190528641, 0.24336402579042757, -0.041808969170497486, 0.017944532098235988, -0.24692921825150643, 0.9550501879881045, -0.16402774032945433, -0.0016239297506564256, 1.1212637989558795e-05, 0.16927223450691245, 0.9855693331771819, 0.03709237587544038, 0.0, 0.0, 0.0, 1.0], "right_foot_pose": [0.9562187494014914, 0.2901274864739395, -0.03836332734998216, -0.014186320404622303, -0.2926528716637646, 0.9479672648346875, -0.12534895894579176, -0.1428277081164154, 1.0685257349968482e-10, 0.13108816267747295, 0.9913707145189656, 2.3114067604357302e-10, 0.0, 0.0, 0.0, 1.0]}, {"left_foot_pose": [0.967002958224221, 0.25084876829769026, -0.04449914863386306, 0.01851308625767244, -0.25476514408504686, 0.952145962199984, -0.16885730077669903, -0.001767588938878982, 1.2038775161895114e-05, 0.1746223413821926, 0.9846354847075492, 0.039086321924182425, 0.0, 0.0, 0.0, 1.0], "right_foot_pose": [0.9562187494015665, 0.2900283745302525, -0.03910556559165474, -0.014186320310637572, -0.29265287166351817, 0.9476434248875949, -0.1277741600418711, -0.14282770803163417, 1.6552993984983708e-10, 0.13362440358949723, 0.9910320472948141, 1.0848818371433921e-10, 0.0, 0.0, 0.0, 1.0]}, {"left_foot_pose": [0.9648326337688503, 0.2586778819704002, -0.04673052743092584, 0.01910206685963066, -0.2628649627755364, 0.9494727078983795, -0.17147474537416563, -0.00191641088797425, 1.2636476557803042e-05, 0.17772824855781033, 0.9840796052682395, 0.039973270092729336, 0.0, 0.0, 0.0, 1.0], "right_foot_pose": [0.9562187494012467, 0.28995798289908514, -0.03962412707693853, -0.014186320211068151, -0.2926528716645635, 0.9474134261440988, -0.12946851612799457, -0.14282770797856598, 2.065203354837618e-10, 0.13539633715501348, 0.9907915178709424, 4.9126015755351915e-11, 0.0, 0.0, 0.0, 1.0]}, {"left_foot_pose": [0.9625330303902848, 0.2667914972736866, -0.0485021895398622, 0.019706968391439608, -0.27116446160692376, 0.9470192087527708, -0.17211755580039984, -0.002069257658855881, 1.3004741741217565e-05, 0.1788209026812611, 0.9838816415581381, 0.04000000002901013, 0.0, 0.0, 0.0, 1.0], "right_foot_pose": [0.9562187494005397, 0.28991708624452955, -0.039922254424686617, -0.014186320132090558, -0.29265287166687315, 0.9472797997530903, -0.13044262219412045, -0.14282770798402242, 2.2849371333019437e-10, 0.1364150434637888, 0.9906517732870478, 2.1473330058530138e-11, 0.0, 0.0, 0.0, 1.0]}, {"left_foot_pose": [0.9601166123272554, 0.2750805075771918, -0.05006800459685584, 0.020323284935231653, -0.27959987582009077, 0.9446060375744137, -0.17188177105020663, -0.002224988918576913, 1.3214607736024268e-05, 0.1790255516093737, 0.9838444245389281, 0.040000000019344346, 0.0, 0.0, 0.0, 1.0], "right_foot_pose": [0.9562187493994857, 0.2899046522384317, -0.04001244690589324, -0.014186320058850281, -0.2926528716703167, 0.9472391726699108, -0.13073731855419102, -0.1428277079980138, 2.335992435513151e-10, 0.13672323273729628, 0.9906092860607875, 1.1726279669499462e-11, 0.0, 0.0, 0.0, 1.0]}, {"left_foot_pose": [0.957597938147739, 0.2834847836424637, -0.05140589750588863, 0.020946510519801332, -0.2881079462271545, 0.9422399284153258, -0.17081489578094136, -0.002382465942637843, 1.326541270380615e-05, 0.17838243955913516, 0.9839612314928677, 0.04000000004067498, 0.0, 0.0, 0.0, 1.0], "right_foot_pose": [0.9562187493981049, 0.28992081924403856, -0.039895135898877235, -0.014186319986936865, -0.29265287167482973, 0.9472919969851955, -0.13035401469949442, -0.14282770801149228, 2.2221612283612947e-10, 0.1363223790016365, 0.990664528982104, 2.6985545742430617e-11, 0.0, 0.0, 0.0, 1.0]}, {"left_foot_pose": [0.9549937269676066, 0.29194599383954806, -0.0524835034421288, 0.02157213925046598, -0.2966259956231355, 0.939934207438148, -0.16892810425800944, -0.0025405501787287843, 1.315692641933546e-05, 0.17689325133724024, 0.9842300429565417, 0.04000000009271896, 0.0, 0.0, 0.0, 1.0], "right_foot_pose": [0.9562187493964317, 0.28996534365784965, -0.03957022592947059, -0.014186319917806424, -0.2926528716802966, 0.9474374767455156, -0.12929239867589398, -0.14282770802423322, 1.94464144245606e-10, 0.13521215601962575, 0.9908166696541416, 6.716324024713671e-11, 0.0, 0.0, 0.0, 1.0]}, {"left_foot_pose": [0.9523228855305607, 0.30040584568475975, -0.05326771604989124, 0.022195665231914997, -0.30509198863385323, 0.9377028002056899, -0.16622977157491897, -0.0026981030744879404, 1.289139259649353e-05, 0.1745559691469572, 0.9846472533191669, 0.0400000001757015, 0.0, 0.0, 0.0, 1.0], "right_foot_pose": [0.9562187493945099, 0.29003759753941766, -0.039037101838663955, -0.014186319852722796, -0.2926528716865757, 0.947673560208963, -0.12755046050277422, -0.14282770803610217, 1.5041541674371935e-10, 0.1333904617820627, 0.9910635623942434, 1.3239508794837818e-10, 0.0, 0.0, 0.0, 1.0]}, {"left_foot_pose": [0.9496064947630583, 0.30880597177849556, -0.05372501184511463, 0.022812582569424752, -0.31344458034591915, 0.9355602627493422, -0.16272519723802237, -0.0028539860779114024, 1.2473532091930345e-05, 0.17136471795069694, 0.9852076599814326, 0.04000000029007448, 0.0, 0.0, 0.0, 1.0], "right_foot_pose": [0.9562187493923997, 0.29013656635932544, -0.03829459716011921, -0.014186319793150763, -0.29265287169347065, 0.9479969324870168, -0.1251243888487429, -0.14282770804699121, 9.023553005393834e-11, 0.13085331045268656, 0.9914017405389061, 2.228409193283376e-10, 0.0, 0.0, 0.0, 1.0]}, {"left_foot_pose": [0.946867756537936, 0.31708852774518814, -0.05381744328009911, 0.02341838524445701, -0.3216231513541668, 0.9335238897158669, -0.1584035853217155, -0.0030070608400046654, 1.1909326178733602e-05, 0.1672961831667074, 0.9859066826814901, 0.039988080425896286, 0.0, 0.0, 0.0, 1.0], "right_foot_pose": [0.9562187493901484, 0.2902608045070838, -0.03734124638573996, -0.014186319740641279, -0.2926528717008257, 0.9484028701695992, -0.1220093952912063, -0.14282770806910047, 1.329754118311619e-11, 0.12759569436688026, 0.9918262644127916, 3.411692317545345e-10, 0.0, 0.0, 0.0, 1.0]}, {"left_foot_pose": [0.9441319037538274, 0.3252470733473706, -0.053191066854732544, 0.024008566680577558, -0.32956782031939613, 0.9317594655787282, -0.1523461522794913, -0.003156191186798645, 1.1139861490430431e-05, 0.1613649267449838, 0.9868948071058486, 0.03918213210024904, 0.0, 0.0, 0.0, 1.0], "right_foot_pose": [0.9562187493877038, 0.2904098679369955, -0.036163682393141584, -0.014186319702971972, -0.2926528717088134, 0.9488899223727167, -0.11816180389653864, -0.14282770819486643, -8.605130637140843e-11, 0.12357193785126154, 0.992335616702174, 5.33259734980529e-10, 0.0, 0.0, 0.0, 1.0]}, {"left_foot_pose": [0.9414260650334879, 0.33323136236488565, -0.05170902447355023, 0.02457862194235444, -0.33721945965809563, 0.9302969940973977, -0.14432788642964836, -0.0033002372443106907, 1.0171813256109944e-05, 0.1533113234884815, 0.9881779384234125, 0.03725568596514316, 0.0, 0.0, 0.0, 1.0], "right_foot_pose": [0.9562187493853741, 0.29058168742436696, -0.03475609669508715, -0.014186319684888737, -0.2926528717164257, 0.9494513280861165, -0.11356263589596058, -0.14282770834239678, -2.0076731385351085e-10, 0.11876219318081294, 0.9929227268377349, 7.889853353981735e-10, 0.0, 0.0, 0.0, 1.0]}, {"left_foot_pose": [0.938779097521092, 0.3409468189977472, -0.0494881063772168, 0.025124045151058153, -0.3445196742934864, 0.9290472300967415, -0.13482373038261133, -0.003438059474532792, 9.066153124673376e-06, 0.1436193262234947, 0.9896330072571927, 0.03441124138927686, 0.0, 0.0, 0.0, 1.0], "right_foot_pose": [0.9562187493833009, 0.2907725778776188, -0.03312116064149371, -0.014186319685471134, -0.2926528717231995, 0.9500750465855583, -0.10822061969705155, -0.14282770849752924, -3.293903158503811e-10, 0.11317558840073888, 0.9935750028005668, 1.0891339635721309e-09, 0.0, 0.0, 0.0, 1.0]}, {"left_foot_pose": [0.9362213849547186, 0.3482992576009403, -0.04665989185695999, 0.025640330403502068, -0.3514107543763254, 0.92793477635616, -0.12428810296044632, -0.0035685185883831023, 7.882325338043142e-06, 0.13275796768359546, 0.9911484863300711, 0.03085129786872287, 0.0, 0.0, 0.0, 1.0], "right_foot_pose": [0.9562187493816402, 0.2909783520037678, -0.03126182969985855, -0.014186319703686402, -0.2926528717286258, 0.9507473962461754, -0.10214541203650124, -0.14282770864746616, -4.700951056090947e-10, 0.10682222238977018, 0.9942781365411341, 1.4175323345688717e-09, 0.0, 0.0, 0.0, 1.0]}, {"left_foot_pose": [0.9337845981892455, 0.3551995113827298, -0.043354714830341985, 0.026122971795783184, -0.35783561049734997, 0.9269078642464714, -0.113117138657387, -0.003690475556029943, 6.673748290486913e-06, 0.12114090271875887, 0.9926353215778424, 0.0267783