{"LoopMode": "Wrap", "FrameDuration": 0.005, "EnableCycleOffsetPosition": true, "EnableCycleOffsetRotation": false, "Debug_info": [{"left_foot_pose": [0.9547435384539872, -0.2969875470970272, -0.016222596883716033, 0.03746315845119936, 0.2974302872613359, 0.9533223538194666, 0.05207411955810808, 0.002833854319053069, -7.885516582847169e-10, -0.054542520820032796, 0.9985114488189895, 5.484592092985796e-09, 0.0, 0.0, 0.0, 1.0], "right_foot_pose": [0.9886211454089588, -0.1501111668913621, -0.009740042340341856, 0.030000001808469314, 0.150426828891252, 0.9865465806659139, 0.06401260286939968, -0.1475500007261607, -1.046073549370219e-09, -0.06474937645187905, 0.9979015573938608, 4.487245526541006e-09, 0.0, 0.0, 0.0, 1.0]}, {"left_foot_pose": [0.9547435384169345, -0.2968053543182974, -0.019270638264000065, 0.03746315587319977, 0.2974302873802737, 0.9527375191687479, 0.061858255043837726, 0.002833855190334994, -1.2133562855720284e-09, -0.06479044077771386, 0.9978988920646374, 4.385884252999794e-09, 0.0, 0.0, 0.0, 1.0], "right_foot_pose": [0.9886189701681254, -0.15000847257387928, -0.011401314826229475, 0.030003828906572032, 0.15044112411072608, 0.9857758787140283, 0.07492252746595408, -0.14754911733689802, 1.2723477922368208e-07, -0.07578505856458308, 0.9971241772709888, 1.1924087069570266e-05, 0.0, 0.0, 0.0, 1.0]}, {"left_foot_pose": [0.9547435384113874, -0.2966046162505859, -0.02214672618124676, 0.037463155684853915, 0.29743028739808036, 0.9520931550996722, 0.07109042235525036, 0.00283385559248772, -1.0367396609445931e-09, -0.07446022851962678, 0.9972239840521314, 4.066345989095499e-09, 0.0, 0.0, 0.0, 1.0], "right_foot_pose": [0.9884666457099928, -0.15087304661397147, -0.013077236873818844, 0.030271124642892486, 0.15143873453381487, 0.9847750318949356, 0.08534896741686634, -0.14748751390149578, 1.277619973387586e-06, -0.08634500774073155, 0.9962652958106192, 0.0008178780208313585, 0.0, 0.0, 0.0, 1.0]}, {"left_foot_pose": [0.9547435384073276, -0.29639078094493676, -0.024845137156129092, 0.03746315552684603, 0.29743028741111177, 0.9514067492708987, 0.07975225120537743, 0.0028338558983575, -8.399765347652914e-10, -0.08353264279688825, 0.9965050414259672, 3.7349319401136505e-09, 0.0, 0.0, 0.0, 1.0], "right_foot_pose": [0.9880804823235342, -0.1532181240617163, -0.014871681488666872, 0.030941001673198718, 0.15393817084934833, 0.9834603715787841, 0.09543970394797467, -0.14733313333967107, 2.617002931271706e-06, -0.09659142815554976, 0.9953241160546763, 0.002744341657467779, 0.0, 0.0, 0.0, 1.0]}, {"left_foot_pose": [0.9547435384046926, -0.29616906656533737, -0.027361649882724184, 0.03746315539718363, 0.29743028741957034, 0.9506950518523032, 0.08783019132997166, 0.0028338561054610835, -6.284320041476604e-10, -0.09199349103803083, 0.9957596083426147, 3.3752646094731276e-09, 0.0, 0.0, 0.0, 1.0], "right_foot_pose": [0.9874645361035584, -0.1569412477816979, -0.01682957760929877, 0.03198754090574036, 0.15784102736892244, 0.9818382288024488, 0.1052611159982317, -0.14709194946235138, 4.111783750625917e-06, -0.10659801689897364, 0.9943021989195735, 0.005588804377314807, 0.0, 0.0, 0.0, 1.0]}, {"left_foot_pose": [0.9547435384033204, -0.2959445968300075, -0.02969126949513437, 0.0374631552966064, 0.2974302874239753, 0.9499745098430565, 0.09530820935961869, 0.002833856219646787, -4.0826430950804277e-10, -0.09982597986280754, 0.9950049114172409, 2.992391300027375e-09, 0.0, 0.0, 0.0, 1.0], "right_foot_pose": [0.9866181268312298, -0.16193905102265962, -0.018984613820552144, 0.03338482414229671, 0.16304806584313974, 0.9799114725408384, 0.11484264977636499, -0.1467699357602532, 5.731162803990296e-06, -0.1164012445669123, 0.9932022705523922, 0.009148761487641356, 0.0, 0.0, 0.0, 1.0]}, {"left_foot_pose": [0.9547435384029507, -0.29572199054295606, -0.031832062250601735, 0.03746315522516033, 0.29743028742516225, 0.9492599494784095, 0.10218009805453149, 0.0028338562535317764, -1.867607326705103e-10, -0.10702360779547622, 0.994256479674355, 2.6020515672686706e-09, 0.0, 0.0, 0.0, 1.0], "right_foot_pose": [0.9855371806513946, -0.16810753642537316, -0.021361688853927963, 0.035106934015943767, 0.1694593328744792, 0.9776809747730466, 0.12419116743376518, -0.14637306524765767, 7.445578425582762e-06, -0.1260149505567373, 0.9920283424281517, 0.013221712832026736, 0.0, 0.0, 0.0, 1.0]}, {"left_foot_pose": [0.9547435384033841, -0.29550554623355796, -0.03378236259045479, 0.037463155183808126, 0.2974302874237703, 0.9485651689215512, 0.10844051102721528, 0.0028338562201443585, 3.224018582440017e-11, -0.11358077501952793, 0.9935287653339305, 2.210508262545652e-09, 0.0, 0.0, 0.0, 1.0], "right_foot_pose": [0.9842154796048461, -0.17534288852600316, -0.02397417672330181, 0.03712795355758795, 0.1769742625951948, 0.9751498987934031, 0.1332770995411543, -0.14590731069756036, 9.224397469106183e-06, -0.13541619669217336, 0.9907888037257672, 0.017605159965559843, 0.0, 0.0, 0.0, 1.0]}, {"left_foot_pose": [0.9547435384044004, -0.29529944983027867, -0.03553886330456056, 0.037463155172366494, 0.29743028742050753, 0.9479036048889556, 0.11407883223226625, 0.002833856133307139, 2.4457971717100026e-10, -0.11948636226974971, 0.9928358420361056, 1.824701639785431e-09, 0.0, 0.0, 0.0, 1.0], "right_foot_pose": [0.9826458162818763, -0.18354261742009625, -0.026819905561071482, 0.03942196596128612, 0.18549177777463494, 0.9723287032073816, 0.14202004540577093, -0.145378644777875, 1.1033134444986242e-05, -0.1445302754084141, 0.989500378660179, 0.022096604619081375, 0.0, 0.0, 0.0, 1.0]}, {"left_foot_pose": [0.9547435384057433, -0.2951076453585496, -0.0370978910911906, 0.03746315518847115, 0.297430287416197, 0.9472879175936554, 0.11908327048160473, 0.0028338560079150905, 4.454681928310058e-10, -0.12472801943432327, 0.9921909701100854, 1.4539505432953348e-09, 0.0, 0.0, 0.0, 1.0], "right_foot_pose": [0.980821052011861, -0.19260680280408551, -0.029877808553069617, 0.04196305455229858, 0.19491039932672363, 0.9692390641964921, 0.15028497153676298, -0.14479304007886346, 1.2831325020173325e-05, -0.15322615948034687, 0.9881911474437829, 0.026493548200089985, 0.0, 0.0, 0.0, 1.0]}, {"left_foot_pose": [0.9547435384071714, -0.29493375706392994, -0.03845588139556155, 0.037463155228776, 0.2974302874116134, 0.9467297407637775, 0.12344238365973309, 0.0028338558585183178, 6.307701986908908e-10, -0.12929376202085807, 0.9916063347430245, 1.1068959915316867e-09, 0.0, 0.0, 0.0, 1.0], "right_foot_pose": [0.9787350771164403, -0.2024396468499223, -0.03310344702828494, 0.04472530284362602, 0.2051283710498626, 0.9659177458810345, 0.15787735614245296, -0.14415646908609653, 1.4570711375428718e-05, -0.1613105625040711, 0.9869036944972466, 0.030593491723634354, 0.0, 0.0, 0.0, 1.0]}, {"left_foot_pose": [0.9547435384084505, -0.2947811388965358, -0.039608787133328216, 0.037463155288802376, 0.29743028740750693, 0.9462398404861694, 0.12714318074280462, 0.0028338556997985495, 7.965988995885535e-10, -0.1331699832078192, 0.9910932123531221, 7.940622256952246e-10, 0.0, 0.0, 0.0, 1.0], "right_foot_pose": [0.9763836718315894, -0.21295124185019645, -0.036423810551918546, 0.047682794608465265, 0.21604380370290244, 0.962419846911012, 0.16453909308540016, -0.1434749041038187, 1.619396985210188e-05, -0.16852242244355328, 0.9856978202631431, 0.034193935860867, 0.0, 0.0, 0.0, 1.0]}, {"left_foot_pose": [0.9547435384093628, -0.29465283538973597, -0.040552218957285946, 0.037463155363268635, 0.29743028740457944, 0.9458279896282267, 0.1301715720511095, 0.002833855546802282, 9.39334469010812e-10, -0.13634192543974474, 0.9906618390588103, 5.28877580618925e-10, 0.0, 0.0, 0.0, 1.0], "right_foot_pose": [0.9737652665920574, -0.22405892512830444, -0.03973416224418752, 0.05080961388513037, 0.22755484013287014, 0.9588188802230946, 0.16995631691653806, -0.1427543171795316, 1.7635262489668242e-05, -0.17453925918852675, 0.9846502154018539, 0.03709238103311372, 0.0, 0.0, 0.0, 1.0]}, {"left_foot_pose": [0.9547435384097119, -0.29455154876032186, -0.04128148480614214, 0.03746315544653704, 0.29743028740345895, 0.9455028622305044, 0.13251249619949237, 0.0028338554145908076, 1.0556754369069661e-09, -0.1387938133953394, 0.9903213000653784, 3.27783418463401e-10, 0.0, 0.0, 0.0, 1.0], "right_foot_pose": [0.9708816005500757, -0.23568759222987454, -0.04289844498588872, 0.054079844812965655, 0.23955984087281593, 0.9552023212233315, 0.1737803446036123, -0.14200068007326164, 1.8823230889108436e-05, -0.1789968837674098, 0.9838496405687416, 0.03908632756383817, 0.0, 0.0, 0.0, 1.0]}, {"left_foot_pose": [0.9547435384093341, -0.294479589683599, -0.04179171120454279, 0.037463155533440894, 0.2974302874046705, 0.9452718754962793, 0.13415030946711515, 0.00283385531779406, 1.1427127970716143e-09, -0.140509261814041, 0.9900793641645474, 2.0995163940717987e-10, 0.0, 0.0, 0.0, 1.0], "right_foot_pose": [0.9677382774586514, -0.2477681372233724, -0.045755617340628454, 0.057467571226317044, 0.25195758760907, 0.9516612947208781, 0.17566489170121619, -0.1412199643277212, 1.9687046779844287e-05, -0.18152611466960422, 0.9833861242184463, 0.039973275928508786, 0.0, 0.0, 0.0, 1.0]}, {"left_foot_pose": [0.9547435384227567, -0.29452319709995983, -0.041483276269029874, 0.037463155669636046, 0.2974302873615844, 0.9454118540355817, 0.1331602433499211, 0.0028338552853053025, 5.309462811071895e-10, -0.1394722646945368, 0.9902259779368437, 2.46759057631607e-10, 0.0, 0.0, 0.0, 1.0], "right_foot_pose": [0.9643452229831553, -0.260296438337387, -0.04779178902739819, 0.0609468676100645, 0.26464748347301803, 0.9485041695253975, 0.17407340372479221, -0.14041814449683018, 2.0024162736005017e-05, -0.18051483202719612, 0.983572262224401, 0.040000006635416044, 0.0, 0.0, 0.0, 1.0]}, {"left_foot_pose": [0.9547435384200788, -0.29452028193061847, -0.041503968203258974, 0.037463155786940344, 0.2974302873701807, 0.9454024963898979, 0.13322666390269558, 0.0028338553135723457, 5.361499512396249e-10, -0.13954183369606046, 0.9902161767254372, 2.2167213203916347e-10, 0.0, 0.0, 0.0, 1.0], "right_foot_pose": [0.9607170073561938, -0.27295843783317963, -0.05016495781149943, 0.06449181934522656, 0.27752987472103946, 0.9449054437389908, 0.17358246175736067, -0.13960119406745636, 2.034412449570157e-05, -0.18068589764586426, 0.9835408511993924, 0.040000006931901456, 0.0, 0.0, 0.0, 1.0]}, {"left_foot_pose": [0.9547435384169324, -0.2945468546265156, -0.04131496436815829, 0.03746315590346285, 0.2974302873802803, 0.9454877940134637, 0.1326199665225366, 0.002833855342968398, 5.203077411615183e-10, -0.13890637782758924, 0.9903055176049563, 2.2714084779718036e-10, 0.0, 0.0, 0.0, 1.0], "right_foot_pose": [0.9568731374180617, -0.2857330534868598, -0.0524444566450126, 0.06807651082815558, 0.29050610745494776, 0.9411643015045877, 0.17267298313504648, -0.1387750856241178, 2.0471680228957466e-05, -0.18046157407730049, 0.9835820351462574, 0.04000000710725624, 0.0, 0.0, 0.0, 1.0]}, {"left_foot_pose": [0.9547435384133879, -0.2946026062926251, -0.040915525457666246, 0.037463156016636745, 0.2974302873916585, 0.9456667553622691, 0.13133777805610447, 0.0028338553728396772, 4.834825450320513e-10, -0.1375634114442919, 0.9904929620304275, 2.6309948664149374e-10, 0.0, 0.0, 0.0, 1.0], "right_foot_pose": [0.9528381769735735, -0.2985268180660809, -0.05459988458795661, 0.07167502487148071, 0.30347884289554455, 0.937302306321284, 0.17136212673628648, -0.13794579190375225, 2.0407317547556907e-05, -0.17985028623870122, 0.9836939941482812, 0.040000007157369226, 0.0, 0.0, 0.0, 1.0]}, {"left_foot_pose": [0.9547435384095289, -0.2946868303884364, -0.040304439716617624, 0.0374631561242928, 0.29743028740404653, 0.945937112461051, 0.1293762088005221, 0.0028338554024997156, 4.2579915195990014e-10, -0.1355088604647933, 0.9907761345205759, 3.298562811782091e-10, 0.0, 0.0, 0.0, 1.0], "right_foot_pose": [0.9486417994379809, -0.31124849300511764, -0.056596041920902916, 0.07526144428342492, 0.3163522339939925, 0.9333486622774754, 0.1696512265557111, -0.13711928564067036, 2.01514151396919e-05, -0.1788425291335658, 0.9838777105753693, 0.04000000708282761, 0.0, 0.0, 0.0, 1.0]}, {"left_foot_pose": [0.9547435384054698, -0.29479841526303774, -0.039479997864811434, 0.037463156223994924, 0.29743028741707545, 0.9462952969413776, 0.1267297720096853, 0.0028338554310975584, 3.476253233793941e-10, -0.13273697806200205, 0.9911512975600489, 4.2792600019048166e-10, 0.0, 0.0, 0.0, 1.0], "right_foot_pose": [0.9443187377022302, -0.3238093315523461, -0.05839210926220577, 0.07880985187293776, 0.3290320975774352, 0.9293400772526931, 0.16752581763940558, -0.13630153956536756, 1.970430510976226e-05, -0.177410646838292, 0.9841369122231719, 0.040000006888331115, 0.0, 0.0, 0.0, 1.0]}, {"left_foot_pose": [0.9547435384012981, -0.29493579646803314, -0.038440237287723215, 0.037463156297191415, 0.2974302874304663, 0.9467362869662103, 0.12339216774359983, 0.0028338554643258136, 2.485032033811108e-10, -0.12924116566791408, 0.9916131912680469, 5.572738173698077e-10, 0.0, 0.0, 0.0, 1.0], "right_foot_pose": [0.9399086394016796, -0.33612410385299335, -0.05993610253516108, 0.08229433154927357, 0.34142605233728707, 0.9253227534851913, 0.16494257384908118, -0.1354985258634109, 1.9064608777376528e-05, -0.1754946970469641, 0.9844803761096178, 0.03998808662471369, 0.0, 0.0, 0.0, 1.0]}, {"left_foot_pose": [0.9547435383968876, -0.29509852778915957, -0.03717034821012182, 0.03746315625095377, 0.2974302874446234, 0.9472586501966443, 0.1193158570276436, 0.002833855560741328, 1.220996362409045e-10, -0.1249716308779831, 0.9921603154106186, 7.429862627916783e-10, 0.0, 0.0, 0.0, 1.0], "right_foot_pose": [0.9354558349738331, -0.3481733086428159, -0.06080894639872568, 0.08568897088533878, 0.35344360297646155, 0.9215158160507423, 0.16089195220194244, -0.13471621340174256, 1.8122531655432664e-05, -0.17199984859600642, 0.9850969758122927, 0.03918213817846202, 0.0, 0.0, 0.0, 1.0]}, {"left_foot_pose": [0.9547435383928415, -0.29528446254619983, -0.03566317534823975, 0.03746315619958295, 0.29743028745761174, 0.9478554958570623, 0.11447787155798239, 0.002833855676208562, -2.288872329320168e-11, -0.11990431665442772, 0.9927854525765553, 9.931353031622514e-10, 0.0, 0.0, 0.0, 1.0], "right_foot_pose": [0.9310090047802645, -0.35989710489936455, -0.06079726065471225, 0.08896784313300186, 0.3649962092044686, 0.9180102299419789, 0.1550322062935401, -0.13396057919740362, 1.6865022268589776e-05, -0.16652714975922353, 0.9860368695483147, 0.0372556918361621, 0.0, 0.0, 0.0, 1.0]}, {"left_foot_pose": [0.9547435383894128, -0.29548966888468714, -0.033920959392126006, 0.03746315614051692, 0.29743028746861766, 0.9485142028020452, 0.10888540388471352, 0.0028338557955291544, -1.8416671123767483e-10, -0.11404675648706325, 0.9934753833562167, 1.2884814673541634e-09, 0.0, 0.0, 0.0, 1.0], "right_foot_pose": [0.9266207702345394, -0.37118502786002844, -0.059963516095190884, 0.09210503134758877, 0.37599727117873244, 0.9147678258742115, 0.1477358345545007, -0.13323759689896897, 1.5365385134022753e-05, -0.159441211228208, 0.9872074249751098, 0.03441124693819237, 0.0, 0.0, 0.0, 1.0]}, {"left_foot_pose": [0.9547435383868762, -0.29570963258224614, -0.03194666033532543, 0.03746315607159647, 0.2974302874767596, 0.9492202805007351, 0.10254795550179756, 0.0028338559058713455, -3.5893800895983085e-10, -0.10740890225758466, 0.9942149303424392, 1.6158510432462414e-09, 0.0, 0.0, 0.0, 1.0], "right_foot_pose": [0.9223472074694954, -0.38192408844777, -0.05839194753185944, 0.09507461927807984, 0.3863620435363707, 0.9117580053339103, 0.13936179901224408, -0.13255323963384447, 1.369755701777091e-05, -0.15110039832134625, 0.9885184213961355, 0.030851302993716488, 0.0, 0.0, 0.0, 1.0]}, {"left_foot_pose": [0.9547435383855183, -0.2959392217888487, -0.02974479648798164, 0.037463155991523986, 0.2974302874811188, 0.9499572558537592, 0.09548003005705114, 0.0028338559959524817, -5.438082207359708e-10, -0.10000594511231267, 0.9949868395824107, 1.9653609018011053e-09, 0.0, 0.0, 0.0, 1.0], "right_foot_pose": [0.9182472802756225, -0.3920030729267056, -0.05617404278171476, 0.09785069088439807, 0.3960074899848299, 0.9089662612564738, 0.13022443616058563, -0.13191348017617033, 1.1930501859223503e-05, -0.14182357601417173, 0.989891950237103, 0.026778359485445838, 0.0, 0.0, 0.0, 1.0]}, {"left_foot_pose": [0.9547435383855873, -0.29617285967717333, -0.027320561883214377, 0.03746315590004428, 0.29743028748089767, 0.9507072273952843, 0.08769830025378438, 0.0028338560563426355, -7.361188621969692e-10, -0.09185534806976409, 0.9957723610499458, 2.3314957880993248e-09, 0.0, 0.0, 0.0, 1.0], "right_foot_pose": [0.9143821981903748, -0.4013154994986502, -0.05339536959967883, 0.10040733002360647, 0.4048520662291649, 0.9063979520837573, 0.12057179159466107, -0.13132429110811503, 1.0124886645589578e-05, -0.13186592554757812, 0.9912675610434186, 0.022394915726396257, 0.0, 0.0, 0.0, 1.0]}, {"left_foot_pose": [0.9547435383873326, -0.29640463740884276, -0.024679279368906532, 0.03746315579749988, 0.29743028747529443, 0.9514512279125326, 0.07921985228526227, 0.0028338560781996152, -9.326530067966414e-10, -0.08297500723873033, 0.9965516284537064, 2.709956564705962e-09, 0.0, 0.0, 0.0, 1.0], "right_foot_pose": [0.910814701970037, -0.40976070069159, -0.050127306370573714, 0.10271862034614909, 0.412815429224492, 0.9040773568631569, 0.11057827183279123, -0.13079164493954684, 8.332502708424041e-06, -0.1214096411989816, 0.9926024878845027, 0.01790347076082518, 0.0, 0.0, 0.0, 1.0]}, {"left_foot_pose": [0.9547435383910562, -0.2966280916964891, -0.021830050779265652, 0.037463155685288456, 0.297430287463342, 0.9521685104271186, 0.07007390277754741, 0.0028338560514751055, -1.1255875793200396e-09, -0.073395524165323, 0.9973029113727176, 3.0889835064829008e-09, 0.0, 0.0, 0.0, 1.0], "right_foot_pose": [0.9076082778473051, -0.41724281937783336, -0.046428909751201466, 0.10475864531261317, 0.41981807243079633, 0.9020425542702359, 0.10035943576026238, -0.13032151418008112, 6.598416175499633e-06, -0.11057875005291207, 0.9938673653929865, 0.013506523318167284, 0.0, 0.0, 0.0, 1.0]}, {"left_foot_pose": [0.9547435383968929, -0.2968364159117597, -0.018786113968614192, 0.0374631555664599, 0.2974302874446064, 0.9528372258412033, 0.06030294488546325, 0.0028338559691573574, -1.3105345347293534e-09, -0.06316140625335225, 0.9980033250245711, 3.4657895442435915e-09, 0.0, 0.0, 0.0, 1.0], "right_foot_pose": [0.904826300985178, -0.4236698828586844, -0.04234613800558663, 0.10650148819353109, 0.42578088851057205, 0.9003413652273107, 0.08997811422657104, -0.12991987131794025, 4.962589837336836e-06, -0.09944474053026028, 0.9950430862813137, 0.009406571879084266, 0.0, 0.0, 0.0, 1.0]}, {"left_foot_pose": [0.9547435384049006, -0.2970229516949237, -0.015560913871808477, 0.03746315544555776, 0.29743028741890265, 0.9534360009935523, 0.049950136489631286, 0.002833855825253767, -1.4839726901313573e-09, -0.05231785714131133, 0.9986304831238343, 3.842681825516614e-09, 0.0, 0.0, 0.0, 1.0], "right_foot_pose": [0.9025311070675168, -0.42895306326497196, -0.03790607195528596, 0.1079212320855806, 0.4306246634407988, 0.8990283664716928, 0.07943799793384686, -0.12959268882184802, 3.4613959590797306e-06, -0.08801855369656986, 0.9961188353771766, 0.005806115130305094, 0.0, 0.0, 0.0, 1.0]}, {"left_foot_pose": [0.954743538415142, -0.2971810195549118, -0.01217445977602378, 0.03746315533298905, 0.2974302873860278, 0.9539433948931719, 0.039079706820238695, 0.0028338556105145206, -1.6270152651702354e-09, -0.04093215063973373, 0.99916192833995, 4.191499446137836e-09, 0.0, 0.0, 0.0, 1.0], "right_foot_pose": [0.9007829894299629, -0.4330041393940438, -0.03312734853927364, 0.10899195982650653, 0.43426950842659495, 0.8981586736477971, 0.06870946806774844, -0.12934593916392237, 2.13133660426698e-06, -0.07627851741383608, 0.9970865497922455, 0.002907653236160511, 0.0, 0.0, 0.0, 1.0]}, {"left_foot_pose": [0.954743538427301, -0.2973040654686983, -0.008664207240228214, 0.037463155245742785, 0.2974302873469983, 0.9543383692898268, 0.027811887205243125, 0.002833855320424298, -1.7256473607529306e-09, -0.029130217249770076, 0.9995756251744949, 4.495856485708938e-09, 0.0, 0.0, 0.0, 1.0], "right_foot_pose": [0.899639117661602, -0.43573313744961784, -0.028037312663060743, 0.10968775374210032, 0.4366342382040494, 0.8977826426794787, 0.05776563451932586, -0.12918559479522085, 1.0114903996222058e-06, -0.06421027512605341, 0.9979363910426422, 0.0009136900435457451, 0.0, 0.0, 0.0, 1.0]}, {"left_foot_pose": [0.9547435384408234, -0.2973870814715548, -0.0050694752516885055, 0.03746315520598482, 0.2974302873035912, 0.954604848734322, 0.016272890567635128, 0.002833854954111476, -1.77721471250422e-09, -0.017044252601792705, 0.9998547361758344, 4.765826185082478e-09, 0.0, 0.0, 0.0, 1.0], "right_foot_pose": [0.8991523717615904, -0.43704916391756216, -0.022650401198799495, 0.10998269575332134, 0.437635707358856, 0.8979472952297987, 0.046536465637199625, -0.12911762832020182, 1.4309391519350002e-07, -0.051755997801688415, 0.9986597602244376, 2.673435842188293e-05, 0.0, 0.0, 0.0, 1.0]}, {"left_foot_pose": [0.9547435385338554, -0.29742674791847906, -0.001450948135216973, 0.03746315349650182, 0.29743028700496177, 0.9547321781418173, 0.004657509283737856, 0.0028338532554138037, -9.661559262680814e-10, -0.004878282814597331, 0.9999881011075994, 5.2533012592781425e-09, 0.0, 0.0, 0.0, 1.0], "right_foot_pose": [0.8991381556763284, -0.4373326489153253, -0.017050841611941342, 0.10999129939546015, 0.4376649140689379, 0.8984555505271427, 0.0350292266542993, -0.12911564746497925, -1.1947723417280555e-09, -0.03895866937760827, 0.9992408228652023, 4.774875737856288e-09, 0.0, 0.0, 0.0, 1.0]}, {"left_foot_pose": [0.9547435385982718, -0.2974227045369548, 0.0021237539345078968, 0.03746315223109517, 0.2974302867981861, 0.954719199717613, -0.006817197790187638, 0.0028338516425038263, 7.473702926120693e-10, 0.007140344283357222, 0.9999745074168224, 5.697957251860064e-09, 0.0, 0.0, 0.0, 1.0], "right_foot_pose": [0.8991381556536178, -0.437515489612455, -0.01143561965893338, 0.10999129785184603, 0.4376649141155936, 0.8988311782056709, 0.023493318999140044, -0.12911564835447123, 5.270204963487921e-10, -0.02612870901095475, 0.9996585870012925, 4.498059265334309e-09, 0.0, 0.0, 0.0, 1.0]}, {"left_foot_pose": [0.9547435386167364, -0.29737660845781183, 0.005650505439564987, 0.037463151670489546, 0.29743028673891564, 0.9545712325931497, -0.018137983239675425, 0.002833850750762897, 1.9978595122480503e-09, 0.018997753754728102, 0.9998195263907762, 5.937371504172173e-09, 0.0, 0.0, 0.0, 1.0], "right_foot_pose": [0.8991381556226967, -0.43762570739978934, -0.005858099200999123, 0.10999129711976588, 0.4376649141791181, 0.8990576093280167, 0.012034866263343286, -0.12911564861929814, 1.8008991278112564e-09, -0.01338489193924656, 0.9999104183214487, 4.269594351680173e-09, 0.0, 0.0, 0.0, 1.0]}, {"left_foot_pose": [0.9547435385997908, -0.29729029992004397, 0.009124312324844293, 0.03746315165135791, 0.297430286793311, 0.954294184136105, -0.029288813940747498, 0.0028338507292457755, 2.0949067770441308e-09, 0.030677152694749982, 0.9995293453933928, 5.9049823086798625e-09, 0.0, 0.0, 0.0, 1.0], "right_foot_pose": [0.8991381555999248, -0.43766476372807395, -0.0003629534599876046, 0.10999129715294202, 0.4376649142259006, 0.8991378464210482, 0.0007456466687634768, -0.1291156485232906, 1.9192553573670492e-09, -0.000829291365414861, 0.9999996561378564, 4.046820933911732e-09, 0.0, 0.0, 0.0, 1.0]}, {"left_foot_pose": [0.9547435385580048, -0.2971660927100579, 0.012533512084716416, 0.0374631521587457, 0.29743028692744233, 0.953895481800431, -0.04023225346639174, 0.002833851587664353, 1.014826033489648e-09, 0.042139330134230796, 0.9991117439284953, 5.57216191937604e-09, 0.0, 0.0, 0.0, 1.0], "right_foot_pose": [0.8991381555999484, -0.4376361792137436, 0.005015155782131634, 0.10999129787776696, 0.4376649142258527, 0.8990791224110725, -0.010303130602550099, -0.12911564811786533, 8.514864416546521e-10, 0.011458895572097984, 0.9999343447008247, 3.839913075009971e-09, 0.0, 0.0, 0.0, 1.0]}, {"left_foot_pose": [0.9547435385025037, -0.29700714951190443, 0.015859660353612887, 0.03746315330469866, 0.29743028710559877, 0.953385277862961, -0.050909098071432096, 0.002833853168766236, -5.906236834046987e-10, 0.05332227576706211, 0.9985773554948173, 4.957517264758682e-09, 0.0, 0.0, 0.0, 1.0], "right_foot_pose": [0.8991381556348345, -0.4375448246128631, 0.010252001564912131, 0.1099912992231964, 0.4376649141541827, 0.8988914438983328, -0.02106169520200833, -0.12911564724712205, -7.563195479522674e-10, 0.02342431516329245, 0.999725613085476, 3.705608930815174e-09, 0.0, 0.0, 0.0, 1.0]}, {"left_foot_pose": [0.9547392377414959, -0.29683126011615735, 0.019083787219575942, 0.03746482734190022, 0.29744409208585054, 0.9527721869110596, -0.06125497475260089, 0.002834517401112192, -1.1033954291647112e-07, 0.06415888766625871, 0.9979396961407124, 1.1923756778199623e-05, 0.0, 0.0, 0.0, 1.0], "right_foot_pose": [0.8991381557030834, -0.43739642708927556, 0.015327835085010618, 0.10999130093331173, 0.43766491401397173, 0.8985865766853203, -0.03148947827607845, -0.12911564581885016, -1.5681749025581583e-09, 0.03502184704570689, 0.9993865469524326, 3.7015883899704782e-09, 0.0, 0.0, 0.0, 1.0]}, {"left_foot_pose": [0.9544385816376247, -0.29756815293286826, 0.022364888590841653, 0.03758153255033659, 0.29840742933164993, 0.9517544847472884, -0.07152906320580872, 0.0028807880993107302, -1.1117980361635745e-06, 0.07494394654370158, 0.9971877480571146, 0.000817878175987552, 0.0, 0.0, 0.0, 1.0], "right_foot_pose": [0.8991381557166684, -0.4371993391005337, 0.020182042128703767, 0.10999130140272954, 0.43766491398606333, 0.8981816795064734, -0.04146195442212187, -0.1291156457303489, -1.4238614514973153e-09, 0.04611299696383735, 0.9989362299521494, 3.5434274750500983e-09, 0.0, 0.0, 0.0, 1.0]}, {"left_foot_pose": [0.9536808326508762, -0.29970659781686626, 0.02586164456045174, 0.03787400689040787, 0.3008203274861803, 0.9501506784254237, -0.08198060050289516, 0.0029967541618775902, -2.3322606041723906e-06, 0.08596303573482587, 0.9962983270495915, 0.0027443404128625615, 0.0, 0.0, 0.0, 1.0], "right_foot_pose": [0.8991381557277827, -0.4369632347659704, 0.02477313822067415, 0.10999130178571415, 0.43766491396322954, 0.8976966271776359, -0.05089389589582892, -0.1291156456041633, -1.2448206188877896e-09, 0.05660297710152773, 0.9983967663124936, 3.376898767559755e-09, 0.0, 0.0, 0.0, 1.0]}, {"left_foot_pose": [0.9524848030497, -0.3031411164999972, 0.029633822677980728, 0.03833093398175287, 0.30458611252857104, 0.9479672912106393, -0.09265697410069616, 0.0031779290907990206, -3.7560318656698366e-06, 0.09728041057632955, 0.9952570128886279, 0.0055888019215041135, 0.0, 0.0, 0.0, 1.0], "right_foot_pose": [0.899138155736229, -0.4366976002172403, 0.02908234625603381, 0.10999130207568242, 0.4376649139458776, 0.8971509079916586, -0.059746727027424784, -0.12911564545252086, -1.0364176689494275e-09, 0.06644888452220564, 0.9977898304481533, 3.179369274797228e-09, 0.0, 0.0, 0.0, 1.0]}, {"left_foot_pose": [0.9508647478147908, -0.3077645043452527, 0.033723007402011104, 0.03894099770187541, 0.30960657508250394, 0.9452092616406472, -0.10355298341634535, 0.003419826402562949, -5.366312153387397e-06, 0.10890574628487062, 0.9940520803244363, 0.00914875872148127, 0.0, 0.0, 0.0, 1.0], "right_foot_pose": [0.8991381557420222, -0.4364121903449048, 0.03309043679369396, 0.10999130227162238, 0.4376649139339763, 0.8965645623818169, -0.0679809428609687, -0.12911564528604122, -8.072941895692696e-10, 0.07560678276096472, 0.9971377108506808, 2.9471504403577597e-09, 0.0, 0.0, 0.0, 1.0]}, {"left_foot_pose": [0.9488316744091494, -0.3134687056607074, 0.03815526450348666, 0.03969288236072478, 0.3157822882729682, 0.9418827806345538, -0.11462274624702687, 0.0037179595088295235, -7.142721059797123e-06, 0.12080644898151259, 0.9926760810221328, 0.013221710464024879, 0.0, 0.0, 0.0, 1.0], "right_foot_pose": [0.8991381557454234, -0.4361162248582265, 0.03678607478553731, 0.10999130237801631, 0.43766491392698853, 0.8959565313084602, -0.07557325666526417, -0.12911564511380988, -5.682068543364721e-10, 0.08405077287640492, 0.9964614732034945, 2.6897121405133895e-09, 0.0, 0.0, 0.0, 1.0]}, {"left_foot_pose": [0.9463945627057496, -0.32014686884714727, 0.0429338333760297, 0.040575272583404896, 0.32301289695450935, 0.9380011217333712, -0.12576392180587484, 0.004067841772638903, -9.05808694140918e-06, 0.13289047367778423, 0.9911307289775889, 0.017605158341717005, 0.0, 0.0, 0.0, 1.0], "right_foot_pose": [0.8991381557467248, -0.4358183210595184, 0.04016177173931545, 0.10999130239986275, 0.4376649139243152, 0.8953445181481389, -0.08250828407922883, -0.12911564494327002, -3.2500176480248175e-10, 0.09176374475216006, 0.9957808067788113, 2.41222573860167e-09, 0.0, 0.0, 0.0, 1.0]}, {"left_foot_pose": [0.9435614718668831, -0.32760643793441446, 0.04863918823671699, 0.041576852010867554, 0.3311974466743642, 0.9333358576068194, -0.13853673960984575, 0.004464986501964731, -1.1170679587200812e-05, 0.14682710488621925, 0.9891621713075914, 0.022096602493990702, 0.0, 0.0, 0.0, 1.0], "right_foot_pose": [0.899138123871909, -0.43550139273731125, 0.04346459621307595, 0.10999130175434903, 0.4376649794078838, 0.8946932514601347, -0.08929362570524946, -0.12911564512085943, 1.7447921444567512e-08, 0.09931023469690616, 0.9950565196432034, 1.7705236374232491e-09, 0.0, 0.0, 0.0, 1.0]}, {"left_foot_pose": [0.9403406628426252, -0.3359313224688035, 0.053940563484762234, 0.042686308517473334, 0.3402343863108275, 0.9284540312414098, -0.1490425249493281, 0.004904906866651317, -1.3281104543598181e-05, 0.15850318121708767, 0.9873584664992126, 0.02649354743185392, 0.0, 0.0, 0.0, 1.0], "right_foot_pose": [0.8991381557095277, -0.43523114181452577, 0.04609154089519227, 0.10999130192659673, 0.437664914000733, 0.8941382177460014, -0.09469039348706423, -0.12911564511044824, -1.529525308777448e-10, 0.10531239604542382, 0.9944391883062391, 1.6337332389704251e-09, 0.0, 0.0, 0.0, 1.0]}, {"left_foot_pose": [0.936741353545963, -0.34495228119069526, 0.05935958438376558, 0.04389232589328425, 0.35002233689017165, 0.9231801255567714, -0.15881693692716833, 0.005383116832117403, -1.532387965710766e-05, 0.1695475729060142, 0.9855220039587445, 0.030593491603893172, 0.0, 0.0, 0.0, 1.0], "right_foot_pose": [0.899138155707978, -0.43498344160518354, 0.04837336539217986, 0.10999130176010398, 0.43766491400391644, 0.8936293427544745, -0.09937817073256243, -0.12911564501400405, 3.4416971208490252e-12, 0.11052602995455701, 0.9938732296940515, 1.3578623225818376e-09, 0.0, 0.0, 0.0, 1.0]}, {"left_foot_pose": [0.9327747148863479, -0.3546012936737912, 0.0647244451004947, 0.04518358972686314, 0.3604598881578337, 0.9176228203920644, -0.16744261263178079, 0.005895129273447413, -1.7260806078483293e-05, 0.1795168014994363, 0.9837549073226917, 0.0341939362979463, 0.0, 0.0, 0.0, 1.0], "right_foot_pose": [0.899138155706817, -0.43476401503821, 0.050307337238206795, 0.10999130155296848, 0.4376649140063018, 0.8931785530949441, -0.10335131996776216, -0.12911564494461947, 1.4420197850863932e-10, 0.11494487165192441, 0.9933718722014038, 1.1120586118629205e-09, 0.0, 0.0, 0.0, 1.0]}, {"left_foot_pose": [0.9284545187123002, -0.3648274434396965, 0.06980790210260145, 0.04654878549999556, 0.3714461015031494, 0.9119203460667761, -0.17443931927052678, 0.006436457238363641, -1.8995358772820884e-05, 0.18788884730794284, 0.9821902975984185, 0.03709238205005222, 0.0, 0.0, 0.0, 1.0], "right_foot_pose": [0.8991381557062361, -0.43457789306755296, 0.051890575350000454, 0.10999130131623365, 0.43766491400749435, 0.8927961843546056, -0.10660392229495838, -0.1291156449114618, 2.6723448810710363e-10, 0.11856233828169704, 0.9929466108211341, 9.110621701502453e-10, 0.0, 0.0, 0.0, 1.0]}, {"left_foot_pose": [0.9237977759008903, -0.3755955564042973, 0.07433469748317656, 0.04797659830263667, 0.3828807501343927, 0.9062307351616962, -0.1792991517682614, 0.0070026133785190195, -2.0422876982676558e-05, 0.19409748235780755, 0.9809822459786249, 0.03908632934473216, 0.0, 0.0, 0.0, 1.0], "right_foot_pose": [0.8991381557064086, -0.43442936094208195, 0.05311974495732665, 0.10999130106232571, 0.43766491400713986, 0.8924910401449936, -0.10912912676288626, -0.12911564492295508, 3.705668591259516e-10, 0.12137081038026183, 0.9926072367193574, 7.704944182673756e-10, 0.0, 0.0, 0.0, 1.0]}, {"left_foot_pose": [0.9188252550264262, -0.3868798062510517, 0.07800106563869656, 0.04945571236683473, 0.39466460477971127, 0.9007120698907987, -0.18154232808661666, 0.0075891097468466714, -2.1440568603227844e-05, 0.19758993564496885, 0.9802847631541154, 0.039973278771096854, 0.0, 0.0, 0.0, 1.0], "right_foot_pose": [0.8991381557074835, -0.43432191406951615, 0.05399122067463024, 0.10999130080441173, 0.43766491400493235, 0.8922703014288407, -0.11091948538079892, -0.1291156449862352, 4.5233075266539117e-10, 0.12336200447089792, 0.9923617363909808, 7.062010073943803e-10, 0.0, 0.0, 0.0, 1.0]}, {"left_foot_pose": [0.9135618924892526, -0.398595993552194, 0.08078305834514553, 0.05097480230803354, 0.40669972720139846, 0.8953693907694144, -0.18140834040230175, 0.00819145486337608, -2.2040053672914575e-05, 0.1985821945627264, 0.9800842369495026, 0.040000009343255295, 0.0, 0.0, 0.0, 1.0], "right_foot_pose": [0.8991381557094109, -0.43425685025088967, 0.054512062496801926, 0.10999130067597802, 0.4376649140009728, 0.892136634408206, -0.1119895021835537, -0.12911564503852282, 5.08848277563897e-10, 0.12455205159681386, 0.9922130751219843, 6.767126373152799e-10, 0.0, 0.0, 0.0, 1.0]}, {"left_foot_pose": [0.9080371026862727, -0.410567697554586, 0.0830830059028063, 0.052522556493343614, 0.41888974640851956, 0.8900077764006152, -0.18004871090968613, 0.008805165567788289, -2.2336654375027368e-05, 0.1982935290703135, 0.980142681363237, 0.04000000964569646, 0.0, 0.0, 0.0, 1.0], "right_foot_pose": [0.8991381557122111, -0.43423280622467847, 0.0547032626146176, 0.10999130057631504, 0.4376649139952195, 0.8920872384003985, -0.11238230350329849, -0.1291156450840892, 5.428649048233014e-10, 0.1249889158341302, 0.992158138059961, 6.674655550487074e-10, 0.0, 0.0, 0.0, 1.0]}, {"left_foot_pose": [0.9022850029554841, -0.42270842476140363, 0.08484904877107212, 0.05408766132558983, 0.43114008505716883, 0.8846495108732679, -0.17752033677465362, 0.009425756042575877, -2.232757226331339e-05, 0.1967557636955565, 0.9804525327388671, 0.04000000978689208, 0.0, 0.0, 0.0, 1.0], "right_foot_pose": [0.8991381557159156, -0.43425003287629493, 0.054566343864313825, 0.10999130047327137, 0.43766491398760965, 0.8921226288243576, -0.11210101785325487, -0.12911564513407717, 5.546765089148834e-10, 0.12467607664044564, 0.9921974984414875, 6.866467047728086e-10, 0.0, 0.0, 0.0, 1.0]}, {"left_foot_pose": [0.89634452033396, -0.43493390194285797, 0.08601745060186636, 0.05565880115210371, 0.44335820775382573, 0.879322594856211, -0.17385417392934988, 0.010048739436208026, -2.2013630004818236e-05, 0.19396977887315636, 0.9810075047619669, 0.04000000976138248, 0.0, 0.0, 0.0, 1.0], "right_foot_pose": [0.8991381557204892, -0.4343081195880199, 0.054102071933293354, 0.1099913003685215, 0.43766491397821355, 0.8922419621075554, -0.11114721825984954, -0.12911564518727525, 5.4402862673897e-10, 0.12361528349835159, 0.9923302180653486, 7.347223038300932e-10, 0.0, 0.0, 0.0, 1.0]}, {"left_foot_pose": [0.8902594083140958, -0.4471585909182894, 0.08652965084990755, 0.05722466032338358, 0.45545382362008807, 0.8740539375615921, -0.16909029771964937, 0.010669628897193105, -2.140277491884446e-05, 0.18994448873565054, 0.9817948312864939, 0.04000000957037821, 0.0, 0.0, 0.0, 1.0], "right_foot_pose": [0.8991381557258739, -0.4344059977603515, 0.05331046827507182, 0.10999130026353034, 0.43766491396715124, 0.892443042920269, -0.10952094879673584, -0.12911564524278618, 5.107966912724225e-10, 0.12180658542560253, 0.9925538553383166, 8.123999736819876e-10, 0.0, 0.0, 0.0, 1.0]}, {"left_foot_pose": [0.8840781713420234, -0.45929537813175175, 0.08633390170353725, 0.05877392319331204, 0.4673390488027771, 0.86886984338237, -0.1632770918555703, 0.011283937574642244, -2.0510007684479672e-05, 0.18469691629127938, 0.9827955274073201, 0.040000009222328055, 0.0, 0.0, 0.0, 1.0], "right_foot_pose": [0.8991381557319622, -0.4345419448413646, 0.052190756656803554, 0.10999130016011244, 0.43766491395464313, 0.8927223324533475, -0.10722061477220447, -0.12911564529974862, 4.5503366013516007e-10, 0.1192482088441547, 0.9928644744815179, 9.203777254218615e-10, 0.0, 0.0, 0.0, 1.0]}, {"left_foot_pose": [0.8778539009999154, -0.4712566228676343, 0.08537987996374745, 0.0602952752898832, 0.4789285208928432, 0.8637988688169344, -0.156457617602913, 0.011887178834958552, -1.9355238946079225e-05, 0.17823778957891587, 0.9839874440212121, 0.03998808887414035, 0.0, 0.0, 0.0, 1.0], "right_foot_pose": [0.8991381557386804, -0.4347135237983604, 0.050741788711641554, 0.10999130004814124, 0.4376649139408418, 0.8930748240694514, -0.10424385698195343, -0.1291156453792794, 3.76338798299317e-10, 0.11593752990352515, 0.9932565072325824, 1.0641626260743386e-09, 0.0, 0.0, 0.0, 1.0]}, {"left_foot_pose": [0.8716440339584088, -0.483037940990285, 0.08313257862341604, 0.06177740522200882, 0.49013944724520114, 0.8590211826801993, -0.1478036872370967, 0.012474864529997111, -1.7857254562407604e-05, 0.16957875831181904, 0.9855166383225302, 0.03918214048387013, 0.0, 0.0, 0.0, 1.0], "right_foot_pose": [0.8991381557462497, -0.43491937338516967, 0.04894604718957417, 0.10999129988088384, 0.43766491392529144, 0.8934977212277645, -0.1005546880038892, -0.12911564561147615, 2.706016156338088e-10, 0.11183452425366451, 0.993726843345271, 1.2931373194469131e-09, 0.0, 0.0, 0.0, 1.0]}, {"left_foot_pose": [0.8655100116616029, -0.49455323941575013, 0.07943244360411053, 0.06320898753696855, 0.5008916244618901, 0.8545627501358272, -0.13722276277725165, 0.013042505428080954, -1.6045603268869402e-05, 0.15855472072341648, 0.987350191309476, 0.037255693473312854, 0.0, 0.0, 0.0, 1.0], "right_foot_pose": [0.8991381557537858, -0.4351556787617189, 0.04679863362437831, 0.10999129975651058, 0.43766491390980955, 0.8939831867190117, -0.09614304444961104, -0.1291156458381013, 1.4407127987445064e-10, 0.1069279996312875, 0.9942667664640368, 1.5727976282464695e-09, 0.0, 0.0, 0.0, 1.0]}, {"left_foot_pose": [0.8595168800664902, -0.5056438875939427, 0.07453181749864418, 0.06457870778962528, 0.5111073592540989, 0.8503330965401172, -0.12531118164313373, 0.013585616363415542, -1.4038119360224361e-05, 0.14580083630549173, 0.9893139622665553, 0.034411247597772546, 0.0, 0.0, 0.0, 1.0], "right_foot_pose": [0.8991381557609279, -0.4354163635132235, 0.044307643130247626, 0.10999129966915182, 0.4376649138951361, 0.8945187371617888, -0.09102555691475765, -0.12911564605230674, -8.94650200639959e-13, 0.10123645218694269, 0.9948623928707935, 1.8867904461039586e-09, 0.0, 0.0, 0.0, 1.0]}, {"left_foot_pose": [0.8537328227452659, -0.5161586338912894, 0.06870612801547556, 0.06587525163360214, 0.5207113089079878, 0.8462715061057909, -0.11262446771802188, 0.014099711992272989, -1.1947034286211197e-05, 0.13192726258402765, 0.9912593995742761, 0.03085130273820079, 0.0, 0.0, 0.0, 1.0], "right_foot_pose": [0.899138155767283, -0.435694664915172, 0.04148175270965575, 0.10999129961500559, 0.43766491388208073, 0.8950904792206927, -0.0852200514260683, -0.12911564624714703, -1.6166544542487866e-10, 0.09477970760097715, 0.995498270730328, 2.222790791706064e-09, 0.0, 0.0, 0.0, 1.0]}, {"left_foot_pose": [0.848228622373376, -0.5259624040685471, 0.06222341756123759, 0.06708730451358777, 0.52963025224126, 0.8423565742382291, -0.09963532379881884, 0.014580306620431815, -9.870418904204016e-06, 0.11746893778386844, 0.9930765572494932, 0.026778358618974665, 0.0, 0.0, 0.0, 1.0], "right_foot_pose": [0.8991381557724321, -0.43598315540673105, 0.03833099314836097, 0.10999129959130978, 0.4376649138715023, 0.8956831537213719, -0.07874713522146647, -0.1291156464154646, -3.3530084642133345e-10, 0.08758068475027801, 0.9961574291539829, 2.5705744130521957e-09, 0.0, 0.0, 0.0, 1.0]}, {"l