{"LoopMode": "Wrap", "FrameDuration": 0.005, "EnableCycleOffsetPosition": true, "EnableCycleOffsetRotation": false, "Debug_info": [{"left_foot_pose": [0.9796672793145561, -0.20042380207417088, -0.00907311426965199, -0.01462515393071553, 0.20062906529318406, 0.9786649832741047, 0.04430382232585367, -0.0007391987378662004, -1.2920135039729216e-09, -0.045223335516423296, 0.9989769015972143, 3.166815587540839e-09, 0.0, 0.0, 0.0, 1.0], "right_foot_pose": [0.9949038343650587, -0.10069796890608082, -0.005126346056757689, 1.2864895658102823e-09, 0.10082837083729786, 0.9936171186711716, 0.05058320984175359, -0.1450500000654621, -1.293587806643744e-09, -0.05084231054730426, 0.9987066934081352, 3.355685528061425e-09, 0.0, 0.0, 0.0, 1.0]}, {"left_foot_pose": [0.9796672793020675, -0.20031376004741466, -0.011243638225780483, -0.014625155418820953, 0.20062906535416444, 0.9781276501015234, 0.054902442950997304, -0.0007391987555957682, -1.3469290176286153e-09, -0.05604192754125944, 0.998428416240975, 2.7566031401971003e-09, 0.0, 0.0, 0.0, 1.0], "right_foot_pose": [0.9949028591847044, -0.10064632526411399, -0.006214338012194043, 6.927947040983717e-07, 0.10083799277105293, 0.9930118425612342, 0.06131215007686018, -0.14504989404416793, 6.864050920875146e-08, -0.0616262747857806, 0.9980992947878594, 1.1922773973452316e-05, 0.0, 0.0, 0.0, 1.0]}, {"left_foot_pose": [0.9796672793001427, -0.20018823412201042, -0.01329258393872882, -0.014625155579855869, 0.20062906536356379, 0.9775147097305457, 0.06490739859023098, -0.0007391985369994518, -1.1747966447326337e-09, -0.06625453327523562, 0.9978027544662733, 2.457119632759408e-09, 0.0, 0.0, 0.0, 1.0], "right_foot_pose": [0.9948345666116637, -0.10124528720308443, -0.007319623880219639, 4.9064846811351e-05, 0.10150953193702726, 0.9922453676271905, 0.07172827439934265, -0.1450425048780269, 7.131457779792324e-07, -0.07210077836990889, 0.997397351990642, 0.0008178781297559015, 0.0, 0.0, 0.0, 1.0]}, {"left_foot_pose": [0.979667279298906, -0.20005115594712186, -0.015216992978266213, -0.014625155703894336, 0.200629065369603, 0.9768453600211869, 0.07430424438750566, -0.0007391983745846879, -9.97203911243441e-10, -0.07584640801843422, 0.9971195125914957, 2.193432449559829e-09, 0.0, 0.0, 0.0, 1.0], "right_foot_pose": [0.9946614260189649, -0.10284006381255498, -0.00851873611218611, 0.00017029223584061868, 0.10319228453563453, 0.9912675972577782, 0.08209691248218683, -0.14502399279893954, 1.495359117696455e-06, -0.08253769988205896, 0.9965879429814225, 0.0027443406761594596, 0.0, 0.0, 0.0, 1.0]}, {"left_foot_pose": [0.9796672792983039, -0.1999064005053825, -0.01701331564515128, -0.014625155796569901, 0.20062906537254285, 0.9761385224246651, 0.08307564725196345, -0.0007391982686111298, -8.163926903378756e-10, -0.08479985893605162, 0.9963980047774218, 1.9489474825662434e-09, 0.0, 0.0, 0.0, 1.0], "right_foot_pose": [0.9943852337206418, -0.10536171990919213, -0.00984453839045407, 0.000359684718926021, 0.10582063575970381, 0.9900749591217198, 0.09248550355345986, -0.14499507437362896, 2.3992234405891755e-06, -0.09300797437801728, 0.9956653638127326, 0.005588802024720285, 0.0, 0.0, 0.0, 1.0]}, {"left_foot_pose": [0.9796672792982456, -0.19975777715706025, -0.01867758918180733, -0.014625155861018556, 0.20062906537282738, 0.9754127979574648, 0.09120225714540549, -0.0007391982171242352, -6.361463998418965e-10, -0.09309513438446221, 0.9956572180996531, 1.7145656908135187e-09, 0.0, 0.0, 0.0, 1.0], "right_foot_pose": [0.9940056492647626, -0.108740793624959, -0.011322942707239986, 0.0006125520484762636, 0.10932872092050637, 0.9886635025869596, 0.1029160309882346, -0.1449564661084894, 3.409310139876082e-06, -0.1035370390454515, 0.9946255986722224, 0.009148758398015877, 0.0, 0.0, 0.0, 1.0]}, {"left_foot_pose": [0.9796672792985995, -0.19960873150241326, -0.020208319565921555, -0.014625155899613468, 0.20062906537109984, 0.9746850114015445, 0.09867677881594687, -0.0007391982147773287, -4.616793686497027e-10, -0.10072478769979988, 0.994914326534115, 1.4885453009094718e-09, 0.0, 0.0, 0.0, 1.0], "right_foot_pose": [0.993520796370678, -0.11290748714922251, -0.012974071243136967, 0.0009242039618917008, 0.11365046044182325, 0.9870303272663202, 0.11337859541334112, -0.1449088843013427, 4.50948046111329e-06, -0.11411850157703926, 0.9934671446894838, 0.013221709549040242, 0.0, 0.0, 0.0, 1.0]}, {"left_foot_pose": [0.9796672792992729, -0.19946244239255545, -0.021604535291410983, -0.014625155912164973, 0.2006290653678111, 0.9739706850109597, 0.10549446842807221, -0.0007391982553202501, -2.944487644327302e-10, -0.10768397658927446, 0.9941851744951348, 1.2653241093785184e-09, 0.0, 0.0, 0.0, 1.0], "right_foot_pose": [0.9929278215650029, -0.11779223598609155, -0.014809804305748594, 0.001289950189991129, 0.11871959033749656, 0.9851777315503779, 0.1238163806907149, -0.14485304512611566, 5.681077377655507e-06, -0.12469894305345178, 0.9921946248438746, 0.01760515669591573, 0.0, 0.0, 0.0, 1.0]}, {"left_foot_pose": [0.9796672793001686, -0.19932195775290076, -0.022864361485870784, -0.014625155898328595, 0.20062906536343594, 0.9732847017320863, 0.1116461710300834, -0.0007391983311454903, -1.362613640478792e-10, -0.11396335609236533, 0.9934849538207237, 1.0434192745933935e-09, 0.0, 0.0, 0.0, 1.0], "right_foot_pose": [0.9922234101732575, -0.12332657983946142, -0.01683030033162225, 0.0017051004576862942, 0.12446969212033256, 0.98311846244707, 0.13410959898224473, -0.14478966467857837, 6.9008184249920306e-06, -0.13516154593970078, 0.990823574836393, 0.02209660130887446, 0.0, 0.0, 0.0, 1.0]}, {"left_foot_pose": [0.9796672793011775, -0.199190119915922, -0.023985787343970725, -0.01462515585870716, 0.20062906535851105, 0.9726409406046678, 0.11712206791650463, -0.0007391984332080518, 1.0293792511569293e-11, -0.11955290371859889, 0.9928278316064939, 8.258731337695835e-10, 0.0, 0.0, 0.0, 1.0], "right_foot_pose": [0.9914042593497835, -0.12944420594370495, -0.019020833070884507, 0.0021649644796473528, 0.13083422517392285, 0.9808803448401696, 0.14406996435541142, -0.14471945898216543, 8.139165392247488e-06, -0.14532015226331826, 0.9893846841749269, 0.026493544661482432, 0.0, 0.0, 0.0, 1.0]}, {"left_foot_pose": [0.9796672793021999, -0.19906952405473682, -0.024966907242329923, -0.014625155794009642, 0.2006290653535192, 0.9720520737953354, 0.12191285398005522, -0.0007391985518351166, 1.4319815334829944e-10, -0.12444312123540394, 0.9922267430266086, 6.174560307492527e-10, 0.0, 0.0, 0.0, 1.0], "right_foot_pose": [0.9904675078516446, -0.13608227194098754, -0.02134786063124761, 0.0026648519540793127, 0.13774656366879354, 0.9785109333576516, 0.15343479884620861, -0.14464314397291966, 9.359009670627624e-06, -0.15491277727455754, 0.9879281509044533, 0.030593487741577788, 0.0, 0.0, 0.0, 1.0]}, {"left_foot_pose": [0.9796672793031418, -0.19896255919334432, -0.025805462639046213, -0.01462515570550558, 0.20062906534891797, 0.9715297668493611, 0.12600750081977952, -0.0007391986765329815, 2.60491508802516e-10, -0.12862275135007034, 0.9916935957417184, 4.258320848715691e-10, 0.0, 0.0, 0.0, 1.0], "right_foot_pose": [0.9894111222711667, -0.14318289946392546, -0.0237547558862152, 0.003200072559601231, 0.14514003932597963, 0.9760812668632077, 0.16186330486916467, -0.14456143544642056, 1.0514911462877661e-05, -0.16359712032862472, 0.9865272333339906, 0.034193931284660146, 0.0, 0.0, 0.0, 1.0]}, {"left_foot_pose": [0.9796672793039174, -0.1988713861709044, -0.02649893627533607, -0.014625155595145285, 0.20062906534513256, 0.971084571090819, 0.12939371672573471, -0.0007391987959136023, 3.6024523507235943e-10, -0.13207924724128337, 0.9912391600659133, 2.619674616122225e-10, 0.0, 0.0, 0.0, 1.0], "right_foot_pose": [0.9882342394449337, -0.1506943288058763, -0.026159267085297425, 0.0037659359612555758, 0.15294799068703777, 0.9736856953433946, 0.16894697046247348, -0.144475049000902, 1.1553843992754043e-05, -0.1709601882000501, 0.9852779373948816, 0.03709237585016769, 0.0, 0.0, 0.0, 1.0]}, {"left_foot_pose": [0.9796672793044474, -0.19879791119612963, -0.02704463651593254, -0.01462515546564351, 0.20062906534254524, 0.9707257944894166, 0.13205835851118441, -0.0007391988976814239, 4.405928253428822e-10, -0.13479919293878395, 0.9908729371534242, 1.4072998322234298e-10, 0.0, 0.0, 0.0, 1.0], "right_foot_pose": [0.9869374647828308, -0.15857115086521917, -0.028454010636784478, 0.00435775182909427, 0.16110381886793676, 0.9714357054906475, 0.17423613185575235, -0.1443846999958912, 1.2417946312395098e-05, -0.17654421602297835, 0.9842927103431309, 0.03908632193126731, 0.0, 0.0, 0.0, 1.0]}, {"left_foot_pose": [0.9796672793046666, -0.1987437403521617, -0.027439889406231224, -0.014625155320333134, 0.20062906534147484, 0.9704612795090738, 0.1339883693229335, -0.000739198968668895, 4.998318082501448e-10, -0.13676926059771288, 0.9906029322365023, 8.174255022863619e-11, 0.0, 0.0, 0.0, 1.0], "right_foot_pose": [0.9855231263053489, -0.16677288396460724, -0.030511845100862328, 0.004970829868473647, 0.16954104915045218, 0.9694459386747755, 0.17728622236357558, -0.14429110355184985, 1.3049723740400748e-05, -0.17989268234453273, 0.9836862419839943, 0.039973270128906106, 0.0, 0.0, 0.0, 1.0]}, {"left_foot_pose": [0.9796672793090302, -0.19876000652829318, -0.027321816486399655, -0.014625155195980304, 0.20062906532016683, 0.9705407068147435, 0.13341182318031392, -0.0007391988843504487, 2.379020584678148e-10, -0.13618074834723118, 0.9906840080366642, 2.3018545403097335e-11, 0.0, 0.0, 0.0, 1.0], "right_foot_pose": [0.9839954865367352, -0.17530732649184055, -0.03194094165200604, 0.00560048047153548, 0.17819338455342168, 0.9680718530994449, 0.17630656521526156, -0.14419497499822517, 1.3293983951687543e-05, -0.17917652891740637, 0.9838169399376997, 0.040000000027812496, 0.0, 0.0, 0.0, 1.0]}, {"left_foot_pose": [0.9796672793082772, -0.19875143484214836, -0.02738410124334896, -0.014625155120241066, 0.200629065323843, 0.9704988514466953, 0.13371595823957397, -0.0007391988772305928, 2.4316195898958974e-10, -0.13649119564584938, 0.9906412839727446, 1.3346844462969187e-11, 0.0, 0.0, 0.0, 1.0], "right_foot_pose": [0.9823608947003726, -0.1839596842242397, -0.033554539835924345, 0.006242013124417469, 0.18699484586753648, 0.9664288983095063, 0.1762047449169576, -0.14409703230116255, 1.3507733178559466e-05, -0.1793711768718484, 0.9837814700049748, 0.04000000001856115, 0.0, 0.0, 0.0, 1.0]}, {"left_foot_pose": [0.979667279307297, -0.19876245304734738, -0.027304012768100253, -0.014625155045868058, 0.20062906532863, 0.9705526530661388, 0.13332488804285858, -0.0007391988704204336, 2.317695759445293e-10, -0.13609200889428227, 0.9906962022310976, 2.8681626518256564e-11, 0.0, 0.0, 0.0, 1.0], "right_foot_pose": [0.9806279291861879, -0.19272369884216986, -0.035020571163265526, 0.006890737494583911, 0.19587971900163548, 0.9648403925433385, 0.1752545366050666, -0.14399799166225472, 1.3559094858031134e-05, -0.1787193129502488, 0.9839001001091227, 0.04000000004022297, 0.0, 0.0, 0.0, 1.0]}, {"left_foot_pose": [0.9796672793061142, -0.19879289575088907, -0.027081478097279302, -0.014625154974362089, 0.2006290653344061, 0.9707013040636208, 0.1322382563112124, -0.0007391988640084472, 2.0384486893407803e-10, -0.1349828244191215, 0.9908479384405247, 6.893782766859147e-11, 0.0, 0.0, 0.0, 1.0], "right_foot_pose": [0.9788074622785148, -0.20153881013915698, -0.03630509324580466, 0.00754196333218547, 0.20478269362191942, 0.9633141896854678, 0.17346417596605312, -0.14389856914121382, 1.3447855569932101e-05, -0.17722268466063712, 0.9841707777925697, 0.04000000009250766, 0.0, 0.0, 0.0, 1.0]}, {"left_foot_pose": [0.9796672793047589, -0.19884233336512774, -0.02671606860156046, -0.014625154907019246, 0.20062906534102193, 0.9709427067735508, 0.13045397005702752, -0.0007391988580115116, 1.5946300007835022e-10, -0.1331615057933906, 0.991094351398916, 1.3425421885315814e-10, 0.0, 0.0, 0.0, 1.0], "right_foot_pose": [0.9769126966375793, -0.21034445528159187, -0.03737369771086788, 0.00819100038672844, 0.21363890791397896, 0.9618588453944533, 0.17083904284961238, -0.14379948079774416, 1.3176319266458078e-05, -0.17487930600485493, 0.9845898781511238, 0.04000000017564429, 0.0, 0.0, 0.0, 1.0]}, {"left_foot_pose": [0.9796672793032746, -0.19891007051840887, -0.02620697824782787, -0.014625154845337255, 0.2006290653482705, 0.9712734657136126, 0.12796809343796745, -0.00073919885240252, 9.879644256436464e-11, -0.1306240354874652, 0.9914319751515839, 2.2479461347924001e-10, 0.0, 0.0, 0.0, 1.0], "right_foot_pose": [0.9749591559578971, -0.2190799526421934, -0.038191865156849, 0.008833158408352523, 0.22238400133849512, 0.9604836376421669, 0.16738141405290724, -0.14370144269124288, 1.2749310295141699e-05, -0.17168330196022216, 0.9851521931485969, 0.040000000290096566, 0.0, 0.0, 0.0, 1.0]}, {"left_foot_pose": [0.9796672793016942, -0.19899511541243145, -0.025553197600501964, -0.014625154789549323, 0.20062906535598815, 0.9716887379563778, 0.12477569740588644, -0.0007391988348535491, 2.1230632487113247e-11, -0.12736538215204193, 0.9918558662574244, 3.433150638776361e-10, 0.0, 0.0, 0.0, 1.0], "right_foot_pose": [0.972964633025319, -0.2276849003647462, -0.03872220329218875, 0.009463747044020901, 0.23095415721247742, 0.9592007285051695, 0.16307709741538173, -0.14360517066683826, 1.2172930399427043e-05, -0.16761130206834898, 0.9858531590813979, 0.039988080425923035, 0.0, 0.0, 0.0, 1.0]}, {"left_foot_pose": [0.9796672792999813, -0.19909715736374853, -0.024745581396440737, -0.014625154737738951, 0.20062906536435152, 0.9721870064387655, 0.12083212587163784, -0.0007391987123423387, -7.886947768172655e-11, -0.12333996287216593, 0.9923644761672467, 5.362661911756383e-10, 0.0, 0.0, 0.0, 1.0], "right_foot_pose": [0.9709490975048187, -0.23613626159450563, -0.03869775206325661, 0.010078075615753626, 0.23928612564232693, 0.9581756170148722, 0.1569765493099314, -0.14351137834311098, 1.1386948246680442e-05, -0.16167607404418285, 0.9868438817523254, 0.03918213209930406, 0.0, 0.0, 0.0, 1.0]}, {"left_foot_pose": [0.9796672792983524, -0.19921477476313887, -0.023780146934711702, -0.014625154703858306, 0.20062906537230527, 0.9727613294864678, 0.11611793136099124, -0.00073919856626094, -1.944479208219485e-10, -0.11852792654810265, 0.9929507191337386, 7.929426698582986e-10, 0.0, 0.0, 0.0, 1.0], "right_foot_pose": [0.9689345570905978, -0.24438015529163987, -0.038002154876807664, 0.010671454697935059, 0.24731725367941032, 0.9574341108004555, 0.14884253259137767, -0.14342078318844365, 1.0398134295709233e-05, -0.1536172619707013, 0.988130424952346, 0.03725568596239636, 0.0, 0.0, 0.0, 1.0]}, {"left_foot_pose": [0.9796672792969069, -0.1993454408440351, -0.02265870891500349, -0.014625154688355829, 0.20062906537936548, 0.9733993689600742, 0.11064197500556831, -0.0007391984108504265, -3.2402554688822253e-10, -0.11293831822206189, 0.9936020009426175, 1.0940698069727972e-09, 0.0, 0.0, 0.0, 1.0], "right_foot_pose": [0.9669448819164245, -0.25232964715000555, -0.03670619164099532, 0.011239193944937206, 0.25498548046844205, 0.9568787774484059, 0.13915965657877216, -0.14333410225046586, 9.268740185019214e-06, -0.14391926360983714, 0.9895894327831579, 0.03441124138477787, 0.0, 0.0, 0.0, 1.0]}, {"left_foot_pose": [0.9796672792957529, -0.19948628318655304, -0.021383280797673817, -0.014625154691432132, 0.20062906538499833, 0.9740870989032944, 0.10441408847903152, -0.0007391982589913726, -4.657533905556151e-10, -0.10658117362170133, 0.9943040045325282, 1.423420485646698e-09, 0.0, 0.0, 0.0, 1.0], "right_foot_pose": [0.9650055904431606, -0.25989682585051604, -0.03489771233581718, 0.011776603016700353, 0.26222930871375183, 0.9564261273341192, 0.1283933510901845, -0.1432520523255195, 8.059453515827755e-06, -0.1330515045592725, 0.9911091247030059, 0.030851297863130622, 0.0, 0.0, 0.0, 1.0]}, {"left_foot_pose": [0.9796672792950082, -0.19963404406989685, -0.019956711327674674, -0.014625154713271932, 0.20062906538863653, 0.9748086119444915, 0.09744818212843781, -0.0007391981223999755, -6.172525770911389e-10, -0.0994706917999135, 0.9950404923785, 1.7666864984833275e-09, 0.0, 0.0, 0.0, 1.0], "right_foot_pose": [0.9631435947926135, -0.2669965199346993, -0.032669162106206864, 0.012278991603368226, 0.2689877613635681, 0.9560167920867798, 0.11695074811525895, -0.14317534995029252, 6.824806405008339e-06, -0.12142796873398827, 0.9926002460016617, 0.02677835484072398, 0.0, 0.0, 0.0, 1.0]}, {"left_foot_pose": [0.9796672792947748, -0.19978517701622556, -0.01838219039642063, -0.014625154753969373, 0.20062906538977585, 0.9755465907170189, 0.08975983211452648, -0.000739198011159941, -7.76808200658674e-10, -0.09162277219664489, 0.9957937876965305, 2.112936818565725e-09, 0.0, 0.0, 0.0, 1.0], "right_foot_pose": [0.9613869073843592, -0.273548521348241, -0.0301068227836872, 0.01274166942404425, 0.2752003166394584, 0.9556187429646814, 0.10515514165338848, -0.14310471143260006, 5.6106317584170734e-06, -0.10938018359279437, 0.9939999876286354, 0.022394911597199113, 0.0, 0.0, 0.0, 1.0]}, {"left_foot_pose": [0.979667279295159, -0.19993591121220144, -0.016662931499844255, -0.01462515481383064, 0.2006290653878992, 0.9762826224291207, 0.08136472985574308, -0.0007391979343905168, -9.422180230266168e-10, -0.08305343190179804, 0.9965450955422611, 2.452173727962581e-09, 0.0, 0.0, 0.0, 1.0], "right_foot_pose": [0.9597643093461482, -0.27947816645041285, -0.027284152594980342, 0.013159946223410147, 0.2808068205821843, 0.9552246683893666, 0.09323820255104295, -0.1430408529180687, 4.453722727354978e-06, -0.09714827521855382, 0.9952699194702028, 0.017903467174587462, 0.0, 0.0, 0.0, 1.0]}, {"left_foot_pose": [0.9796672792962928, -0.2000820997696282, -0.014804567807848593, -0.014625154893121028, 0.2006290653823637, 0.9769964579257046, 0.0722903819634932, -0.0007391979018610047, -1.1070152729128324e-09, -0.07379074842014388, 0.9972737464947107, 2.767680015725027e-09, 0.0, 0.0, 0.0, 1.0], "right_foot_pose": [0.9583049810180407, -0.28471546155431093, -0.024262508277750512, 0.013529131769690072, 0.285747376793846, 0.9548452737987396, 0.0813568667024855, -0.14298449046212278, 3.3835057021448185e-06, -0.08489763869581898, 0.9963896782546603, 0.013506520345370893, 0.0, 0.0, 0.0, 1.0]}, {"left_foot_pose": [0.9796672792982386, -0.20021935177907485, -0.01281534414502631, -0.014625154991258257, 0.20062906537286293, 0.9776666564973188, 0.06257704771692607, -0.0007391979206445316, -1.2680011206382397e-09, -0.06387581660160545, 0.9979578548483293, 3.0499516731619103e-09, 0.0, 0.0, 0.0, 1.0], "right_foot_pose": [0.9570380946815328, -0.28919417471080816, -0.021090629238507273, 0.013844535829542702, 0.289962213611478, 0.9545037429691745, 0.06960258138436941, -0.1429363400179537, 2.4234685354484058e-06, -0.07272780741346987, 0.9973518266003005, 0.00940656969076141, 0.0, 0.0, 0.0, 1.0]}, {"left_foot_pose": [0.9796672793010281, -0.20034334948751817, -0.01070346593604191, -0.01462515510688669, 0.20062906535923947, 0.9782721346537976, 0.05226479401070065, -0.0007391979964796701, -1.4229330826352078e-09, -0.05334953491854461, 0.9985758995309151, 3.29343954885708e-09, 0.0, 0.0, 0.0, 1.0], "right_foot_pose": [0.9559923693110012, -0.29285100231234124, -0.017801130969562658, 0.014101468176960558, 0.29339152989921546, 0.9542314335666133, 0.05799811528665107, -0.14289711746151867, 1.5925302701533059e-06, -0.060668456697554544, 0.9981579726473163, 0.005806113991277929, 0.0, 0.0, 0.0, 1.0]}, {"left_foot_pose": [0.9796672793047091, -0.200449720224428, -0.008481245289398559, -0.014625155235241718, 0.20062906534126737, 0.9787915407465556, 0.04141374051295488, -0.0007391981379301048, -1.5550091552845454e-09, -0.04227327080950002, 0.9991060857461874, 3.4665625786578502e-09, 0.0, 0.0, 0.0, 1.0], "right_foot_pose": [0.9551955868239234, -0.29562394853036766, -0.014417765687337412, 0.014295238614279018, 0.2959753214564963, 0.9540617569864241, 0.046527120528789344, -0.14286753861744983, 9.077790106355699e-07, -0.048709803030718674, 0.9988129730274256, 0.002907653272033295, 0.0, 0.0, 0.0, 1.0]}, {"left_foot_pose": [0.9796672793091645, -0.2005340978193226, -0.006172314215153656, -0.014625155367154703, 0.2006290653195105, 0.9792035548572725, 0.030139281741626604, -0.0007391983486040553, -1.6518052224726847e-09, -0.030764813775996595, 0.9995266510870681, 3.5518679664114927e-09, 0.0, 0.0, 0.0, 1.0], "right_foot_pose": [0.9546740690193315, -0.29745108161682504, -0.010967040943347361, 0.014421156951077437, 0.29765319071349294, 0.9540258848661419, 0.035173698461377856, -0.1428483191850282, 3.862885391166566e-07, -0.036843792562055604, 0.9993210369793557, 0.0009136906390858554, 0.0, 0.0, 0.0, 1.0]}, {"left_foot_pose": [0.9796672793141776, -0.2005930459933983, -0.003801544455695774, -0.014625155490203361, 0.2006290652950324, 0.9794913977009702, 0.018562865852093782, -0.0007391986267273349, -1.7113068412712913e-09, -0.018948132596418765, 0.9998204680196887, 3.564610967510262e-09, 0.0, 0.0, 0.0, 1.0], "right_foot_pose": [0.95445211399021, -0.2982707607074776, -0.007464275356758308, 0.014474533048690499, 0.29836414345496814, 0.9541533909820092, 0.023877696243904567, -0.1428401749159322, 4.502026276477475e-08, -0.02501718978054217, 0.9996870211298544, 2.6733513494039962e-05, 0.0, 0.0, 0.0, 1.0]}, {"left_foot_pose": [0.97966727934338, -0.200624177307396, -0.0014004512383693729, -0.0146251568432567, 0.20062906515243661, 0.9796434120581454, 0.006838378984458098, -0.000739198966432552, -1.328296098471478e-09, -0.006980307357568896, 0.9999756373578284, 3.6132818889700324e-09, 0.0, 0.0, 0.0, 1.0], "right_foot_pose": [0.9544456308200457, -0.2983591747044087, -0.003916717787768684, 0.014476089106741733, 0.29838488200397306, 0.9543634006581472, 0.012528434686422688, -0.1428399383576232, -1.3260261993540107e-09, -0.013126399122416773, 0.9999138451117072, 3.697688759352058e-09, 0.0, 0.0, 0.0, 1.0]}, {"left_foot_pose": [0.979667279364422, -0.20062658894920857, 0.0009967694404580995, -0.014625157918818571, 0.20062906504968878, 0.9796551886336988, -0.004867200464456039, -0.0007391992978693154, -5.273007089701559e-10, 0.004968217958043783, 0.9999876583290027, 3.677219785613861e-09, 0.0, 0.0, 0.0, 1.0], "right_foot_pose": [0.9544456308169501, -0.29838467696145704, -0.00034981286567367447, 0.014476087939035799, 0.2983848820138749, 0.9544449749123736, 0.001118950438914321, -0.1428399383833373, -5.334495741454841e-10, -0.0011723562281736525, 0.9999993127902009, 3.768939153825368e-09, 0.0, 0.0, 0.0, 1.0]}, {"left_foot_pose": [0.979667279371143, -0.20060065203005065, 0.0033764085448895515, -0.014625158419823064, 0.20062906501687033, 0.9795285393807522, -0.016486928430363833, -0.0007391994868290609, 6.277512005991038e-11, 0.016829110010037177, 0.9998583805000942, 3.6975344105960595e-09, 0.0, 0.0, 0.0, 1.0], "right_foot_pose": [0.9544456308106515, -0.29836768065595576, 0.0032038986319182137, 0.014476087398695735, 0.29838488203402325, 0.9543906086504329, -0.010248331249436145, -0.14283993830428576, 6.011735299039784e-11, 0.010737469899458273, 0.9999423517084165, 3.74181349793723e-09, 0.0, 0.0, 0.0, 1.0]}, {"left_foot_pose": [0.9796672793665079, -0.200547375327039, 0.00572468235458404, -0.014625158406664736, 0.20062906503950337, 0.979268390291708, -0.027953497757213678, -0.0007391994616005697, 1.3211449357062633e-10, 0.028533664765035313, 0.9995928320946872, 3.646024419878824e-09, 0.0, 0.0, 0.0, 1.0], "right_foot_pose": [0.9544456308049072, -0.2983093606057454, 0.006712913854211307, 0.014476087452448546, 0.29838488205239677, 0.9542040598601143, -0.021472640942678325, -0.14283993823095953, 1.3694734757534799e-10, 0.02249750033819847, 0.9997468992092611, 3.6056392732630727e-09, 0.0, 0.0, 0.0, 1.0]}, {"left_foot_pose": [0.9796672793540316, -0.20046846608596647, 0.008025949676565532, -0.014625157894004568, 0.20062906510042658, 0.9788830779903287, -0.03919053279952186, -0.0007391992226563893, -3.277802362474738e-10, 0.04000392142429461, 0.9991995227534288, 3.5145841861816685e-09, 0.0, 0.0, 0.0, 1.0], "right_foot_pose": [0.9544456308041832, -0.29821224547564673, 0.010148619964170678, 0.014476088056138004, 0.29838488205471225, 0.9538934171107109, -0.03246245452899558, -0.14283993818096025, -3.178381342007084e-10, 0.03401184266140632, 0.9994214299077118, 3.3713691699466253e-09, 0.0, 0.0, 0.0, 1.0]}, {"left_foot_pose": [0.9796672793374644, -0.2003664103723291, 0.010262718452677427, -0.014625156858343027, 0.20062906518132323, 0.9783847419864536, -0.05011262168925115, -0.0007391988498402554, -1.0231808618429893e-09, 0.05115269536015576, 0.9986908439338932, 3.319044192262588e-09, 0.0, 0.0, 0.0, 1.0], "right_foot_pose": [0.9544456308129748, -0.2980799889450752, 0.013485474130577022, 0.014476089164772582, 0.2983848820265909, 0.9534703675166233, -0.04313606896429947, -0.1428399380816661, -1.015404969915861e-09, 0.04519489416094751, 0.9989781887217462, 3.069039994363365e-09, 0.0, 0.0, 0.0, 1.0]}, {"left_foot_pose": [0.9796653389301749, -0.20025387293816782, 0.01241813480721962, -0.014625834212514038, 0.20063853991399844, 0.977787133134609, -0.06063413706471328, -0.0007393741734556328, -7.165255776815987e-08, 0.06189271887441643, 0.9980828078623181, 1.1922781734799437e-05, 0.0, 0.0, 0.0, 1.0], "right_foot_pose": [0.9544456308322415, -0.2979172190621289, 0.01669935242850749, 0.014476090553500593, 0.29838488196496143, 0.9529497147665562, -0.05341632092436909, -0.14283993785283924, -1.351214185949384e-09, 0.0559658084246683, 0.9984326859069536, 2.740585154648034e-09, 0.0, 0.0, 0.0, 1.0]}, {"left_foot_pose": [0.9795296841656366, -0.20077164313370816, 0.014572067518368963, -0.014673215382883048, 0.20129977108246455, 0.9769600588752527, -0.07090448169623059, -0.0007516031026883179, -7.186449840196591e-07, 0.07238639841748248, 0.9973766637151834, 0.0008178780202961061, 0.0, 0.0, 0.0, 1.0], "right_foot_pose": [0.9544456308363221, -0.2977298912946117, 0.019759797750828687, 0.014476090822250594, 0.2983848819519094, 0.9523505083026333, -0.06320578737948754, -0.14283993799445016, -1.2262738575626298e-09, 0.0662225125271959, 0.9978048801416964, 2.4206142992810875e-09, 0.0, 0.0, 0.0, 1.0]}, {"left_foot_pose": [0.9791877566917071, -0.20225867570151693, 0.01681562513056668, -0.014791959778820994, 0.20295649076292777, 0.9758216786135171, -0.08112160257968529, -0.0007822443147382802, -1.503633293325352e-06, 0.0828461203157226, 0.9965623514594426, 0.0027443404383876505, 0.0, 0.0, 0.0, 1.0], "right_foot_pose": [0.9544456308395071, -0.2975239990116036, 0.022649675130534834, 0.014476091057335098, 0.29838488194172214, 0.9516919193791465, -0.07244965712175919, -0.14283993807335463, -1.0844075188138262e-09, 0.07590757933552625, 0.9971148576765972, 2.1471334502032313e-09, 0.0, 0.0, 0.0, 1.0]}, {"left_foot_pose": [0.9786479594995674, -0.20464597285666325, 0.019188464265915136, -0.014977472727764011, 0.20554359966081068, 0.9743752133366946, -0.09134972508742753, -0.0008301118508465197, -2.4106019994140204e-06, 0.09334328807483604, 0.9956339842359584, 0.005588801653241958, 0.0, 0.0, 0.0, 1.0], "right_foot_pose": [0.9544456308417492, -0.2973054335383525, 0.02535777899712521, 0.014476091249891916, 0.298384881934549, 0.9509927926151344, -0.08111208681185073, -0.14283993810221726, -9.281958835009324e-10, 0.08498345475820705, 0.9963823625583502, 1.900256632603181e-09, 0.0, 0.0, 0.0, 1.0]}, {"left_foot_pose": [0.9779165948978908, -0.20786396528905374, 0.021718778916547766, -0.015225159831228293, 0.20899553442978167, 0.9726235418228807, -0.10160862404504084, -0.0008940198738527222, -3.424172314098046e-06, 0.10390388744521219, 0.9945873426512369, 0.009148757896353443, 0.0, 0.0, 0.0, 1.0], "right_foot_pose": [0.9544456308430821, -0.29708021513258737, 0.02787263068543067, 0.014476091395393291, 0.2983848819302862, 0.9502723850491179, -0.0891563595516899, -0.14283993809079243, -7.629832880951547e-10, 0.09341166945214384, 0.9956275709371268, 1.6675530956078433e-09, 0.0, 0.0, 0.0, 1.0]}, {"left_foot_pose": [0.9769984588592644, -0.21184284553171892, 0.024425809784879442, -0.015530426850243537, 0.21324636307828987, 0.9705706076423888, -0.11188692602162251, -0.0009727827972136581, -4.528258850521663e-06, 0.11452206939149301, 0.9934207042345081, 0.013221708933694676, 0.0, 0.0, 0.0, 1.0], "right_foot_pose": [0.9544456308436284, -0.29685390806750084, 0.03018766351607928, 0.014476091493833367, 0.2983848819285392, 0.9495484951614666, -0.09656147043767735, -0.14283993804763845, -5.959648106836041e-10, 0.10117021598102093, 0.9948691307897506, 1.445055443360932e-09, 0.0, 0.0, 0.0, 1.0]}, {"left_foot_pose": [0.9758973937362277, -0.21651355711111256, 0.027315865095806777, -0.015888679581273494, 0.21822987161775342, 0.9682255155200181, -0.12212728699883123, -0.0010652151707598138, -5.704235816554545e-06, 0.1251448388192212, 0.992138482916762, 0.017605155996163267, 0.0, 0.0, 0.0, 1.0], "right_foot_pose": [0.954445630843494, -0.2966316692860987, 0.03229846033957291, 0.01447609154703194, 0.2983848819289683, 0.9488376185020068, -0.10331329029547039, -0.14283993797952477, -4.3009730839540646e-10, 0.10824429080548799, 0.9941243249755117, 1.2262848791966263e-09, 0.0, 0.0, 0.0, 1.0]}, {"left_foot_pose": [0.9746167977655201, -0.22178141429906373, 0.030579434016852036, -0.016295324606264937, 0.22387964950980616, 0.9654867906748364, -0.13309079445165342, -0.0011701316612029548, -6.974985909980995e-06, 0.13655863687044031, 0.9906319895134815, 0.02209660035651878, 0.0, 0.0, 0.0, 1.0], "right_foot_pose": [0.9544456308690478, -0.2964096136605917, 0.03427650280532351, 0.014476091311403443, 0.29838488184722856, 0.9481273280572833, -0.10964046732831974, -0.14283993800682138, -4.5760545942912665e-10, 0.11487345524765791, 0.9933801333223168, 9.612687659754648e-10, 0.0, 0.0, 0.0, 1.0]}, {"left_foot_pose": [0.9731600956993615, -0.2276408782500531, 0.033749943525219414, -0.016745765898394334, 0.2301291551953665, 0.9626430128030738, -0.14268497408798658, -0.0012863468062011968, -8.214502575798923e-06, 0.1466221690296756, 0.9891925694633762, 0.026493543743615212, 0.0, 0.0, 0.0, 1.0], "right_foot_pose": [0.9544456308313644, -0.2962149309425332, 0.03592008454373802, 0.014476091286284281, 0.2983848819677682, 0.9475045947004601, -0.11489780343678535, -0.1428399379186442, -2.3674485178216745e-10, 0.1203817166692161, 0.9927276778108753, 7.487641340286899e-10, 0.0, 0.0, 0.0, 1.0]}, {"left_foot_pose": [0.9715311580967122, -0.23400655539897205, 0.03698838841540466, -0.017235410085139558, 0.23691181641762046, 0.9596234390363069, -0.1516431551169932, -0.0014126754931767169, -9.432116841895599e-06, 0.1560890363941055, 0.9877429891568937, 0.030593486925819424, 0.0, 0.0, 0.0, 1.0], "right_foot_pose": [0.9544456308302045, -0.2960389949807475, 0.03734235182633639, 0.014476091236322009, 0.2983848819714781, 0.9469418271568988, -0.11944721927119684, -0.1428399378254729, -1.2247676421599505e-10, 0.12514826979044985, 0.9921380501565581, 5.481916726113312e-10, 0.0, 0.0, 0.0, 1.0]}, {"left_foot_pose": [0.9697346839194245, -0.24082858540823737, 0.04020242845851236, -0.017759662975160732, 0.24416109987408055, 0.956506069872504, -0.15962924420461544, -0.0015479326690310963, -1.0581772598792757e-05, 0.1646138838230985, 0.9863580836292175, 0.03419393063840046, 0.0, 0.0, 0.0, 1.0], "right_foot_pose": [0.9544456308292116, -0.29588540973778243, 0.03854039563019957, 0.014476091166599592, 0.29838488197465307, 0.9464505530043217, -0.12327940998717682, -0.14283993773605108, -2.0919960709342327e-11, 0.1291633656348374, 0.991623328173496, 3.6690794152915984e-10, 0.0, 0.0, 0.0, 1.0]}, {"left_foot_pose": [0.9677765358077592, -0.2480655204104982, 0.04326747419716233, -0.01831393052418408, 0.2518105966895294, 0.9533911105016922, -0.16624323688864537, -0.0016909335181071357, -1.161019992868436e-05, 0.17178151239239794, 0.9851350729039062, 0.037092375423454275, 0.0, 0.0, 0.0, 1.0], "right_foot_pose": [0.954445630828472, -0.2957573436841227, 0.03951115601132495, 0.014476091082653082, 0.29838488197701896, 0.9460409072524314, -0.12638458771763755, -0.14283993765981173, 6.643502871365231e-11, 0.13241674917437157, 0.9911941306011107, 2.1481125905831178e-10, 0.0, 0.0, 0.0, 1.0]}, {"left_foot_pose": [0.9656640311757422, -0.2556838125076475, 0.04603006533745411, -0.01889361891062697, 0.25979410835924643, 0.9503944090766159, -0.171048205070195, -0.0018404935250311283, -1.2459551210326271e-05, 0.17713343901552087, 0.9841868443681288, 0.03908632173034289, 0.0, 0.0, 0.0, 1.0], "right_foot_pose": [0.9544456308280652, -0.295657504982586, 0.04025142905151015, 0.014476090990658975, 0.298384881978321, 0.945721552521654, -0.1287525040642542, -0.14283993760681712, 1.3808812610579253e-10, 0.1348976828692936, 0.9908595335144611, 1.045156114432011e-10, 0.0, 0.0, 0.0, 1.0]}, {"left_foot_pose": [0.9634061887331575, -0.263654830091176, 0.04831817546477789, -0.019494134550047715, 0.2680457336719931, 0.9476332542591522, -0.17361653170839816, -0.0019954284818766398, -1.3072686955248958e-05, 0.18021472190640536, 0.9836272941705625, 0.039973270087382606, 0.0, 0.0, 0.0, 1.0], "right_foot_pose": [0.9544456308280603, -0.2955880744890121, 0.040758164986955406, 0.014476090897750513, 0.2983848819783361, 0.945499464731904, -0.13037340372352593, -0.1428399375877168, 1.9259459814268293e-10, 0.1365959458093882, 0.9906268457842432, 5.185356310999367e-11, 0.0, 0.0, 0.0, 1.0]}, {"left_foot_pose": [0.961013928718551, -0.2719173552857113, 0.05013163375914671, -0.020110883818779124, 0.2764999613527277, 0.9450952629961985, -0.1741916049472184, -0.0021545537595986652, -1.344906180891075e-05, 0.18126195341706886, 0.9834348499329034, 0.04000000004280097, 0.0, 0.0, 0.0, 1.0], "right_foot_pose": [0.9544456308284727, -0.2955495255686985, 0.04103676069764312, 0.014476090827151445, 0.29838488197701707, 0.9453761580419398, -0.13126454972087195, -0.1428399376012425, 2.271679517488773e-10, 0.1375296249612383, 0.9904976538377165, 2.4800050901774284e-11, 0.0, 0.0, 0.0, 1.0]}, {"left_foot_pose": [0.9585002298759667, -0.28035854113423214, 0.05173391286964811, -0.02073927170684918, 0.28509175565256506, 0.9425954956288037, -0.17388623430056016, -0.002316682021340645, -1.3662270353006748e-05, 0.1814189075961376, 0.9834059079444091, 0.040000000028643595, 0.0, 0.0, 0.0, 1.0], "right_foot_pose": [0.9544456308292764, -0.29554033482330144, 0.04110289872302115, 0.014476090756831088, 0.298384881974446, 0.9453467595464368, -0.13147610590577893, -0.14283993761800318, 2.448840603445289e-10, 0.1377512784244941, 0.9904668521926502, 1.5600833125350988e-11, 0.0, 0.0, 0.0, 1.0]}, {"left_foot_pose": [0.955880248481346, -0.2889170320531878, 0.05310272264976747, -0.02137470396358614, 0.29375661758542265, 0.9401407353871951, -0.17274966654207077, -0.0024806277604648014, -1.3711777501616515e-05, 0.18072727036947644, 0.9835332498481109, 0.04000000004546879, 0.0, 0.0, 0.0, 1.0], "right_foot_pose": [0.9544456308304786, -0.2955605459263203, 0.04095731290434635, 0.014476090682564283, 0.2983848819706003, 0.9454114089441444, -0.13101041962240476, -0.14283993763591366, 2.4616986021862077e-10, 0.137263365578668, 0.9905345872154171, 3.1524276244976335e-11, 0.0, 0.0, 0.0, 1.0]}, {"left_foot_pose": [0.953171386548479, -0.2975333714943847, 0.05420517237713906, -0.0220125864405891, 0.3024306659060212, 0.9377446296028504, -0.17079432651775808, -0.002645205656152231, -1.3597492417790954e-05, 0.17918957139911365, 0.9838145644972486, 0.040000000093342244, 0.0, 0.0, 0.0, 1.0], "right_foot_pose": [0.9544456308320705, -0.2956098234355334, 0.04060012406364594, 0.014476090605805238, 0.29838488196550894, 0.9455690332537935, -0.12986787734430644, -0.1428399376546586, 2.3085204556097494e-10, 0.13606629134322437, 0.9906997347128447, 7.252783790212547e-11, 0.0, 0.0, 0.0, 1.0]}, {"left_foot_pose": [0.9503933193654661, -0.30614816117225074, 0.055007653252443695, -0.022648324988841236, 0.3110507005747137, 0.9354215307670262, -0.16802982309535147, -0.0028092303875440865, -1.3321846562229524e-05, 0.17680459040512628, 0.9842459736438881, 0.040000000172834095, 0.0, 0.0, 0.0, 1.0], "right_foot_pose": [0.954445630834034, -0.2956874412338073, 0.040030924026634995, 0.014476090527801518, 0.2983848819592281, 0.9458173098394482, -0.12804717344106806, -0.1428399376740209, 1.9875159289478009e-10, 0.13415868777188134, 0.9909598611928369, 1.3878763416297346e-10, 0.0, 0.0, 0.0, 1.0]}, {"left_foot_pose": [0.9475679808815669, -0.3147019494118785, 0.055476162848513366, -0.02327732545992707, 0.3195542543010262, 0.9331865372308498, -0.16446265621475314, -0.0029715166341119995, -1.2889791220536016e-05, 0.1735671909303714, 0.9848220296410894, 0.04000000028474599, 0.0, 0.0, 0.0, 1.0], "right_foot_pose": [0.9544456308363344, -0.2957922816331119, 0.03924874397619643, 0.014476090450026043, 0.2983848819518697, 0.946152663544374, -0.12554520895062338, -0.14283993769378392, 1.4976092157573098e-10, 0.13153730799345356, 0.9913112208614588, 2.3048949554516085e-10, 0.0, 0.0, 0.0, 1.0]}, {"left_foot_pose": [0.944719507738014, -0.32313586836254, 0.05557213579512968, -0.023894993600552562, 0.32787962966272943, 0.9310576701009495, -0.16008298909760457, -0.0031308792775574593, -1.2307583821730043e-05, 0.16945449396159248, 0.9855380126229253, 0.03998808042753164, 0.0, 0.0, 0.0, 1.0], "right_foot_pose": [0.9544456308389535, -0.2959227910479744, 0.03825231379679428, 0.014476090374365782, 0.29838488194349183, 0.9465701249041142, -0.12235792114357882, -0.14283993772841866, 8.313274044236937e-11, 0.1281978953703477, 0.9917486070686529, 3.496332182106876e-10, 0.0, 0.0, 0.0, 1.0]}, {"left_foot_pose": [0.941874145281792, -0.3314450193097631, 0.05492989736423128, -0.024496735394044858, 0.3359659124332556, 0.9292055085326136, -0.153961126897468, -0.0032861356177301716, -1.1514536490707443e-05, 0.16346657789101285, 0.9865488724741505, 0.03918213206025897, 0.0, 0.0, 0.0, 1.0], "right_foot_pose": [0.9544456308419983, -0.2960783838954497, 0.03702875040395403, 0.014476090316689885, 0.29838488193375273, 0.9470678208128827, -0.118444100799145, -0.14283993787713728, -5.936386368923762e-12, 0.12409727382419128, 0.9922700573076885, 5.312873405105556e-10, 0.0, 0.0, 0.0, 1.0]}, {"left_foot_pose": [0.9390601062374071, -0.33957870551692737, 0.053408048390084784, -0.025077957538757273, 0.34375298800560933, 0.9276616061308294, -0.14586921453132742, -0.003436099050072708, -1.0516904539905557e-05, 0.15533913631219504, 0.987861201090101, 0.03725568576687069, 0.0, 0.0, 0.0, 1.0], "right_foot_pose": [0.9544456308451208, -0.29625669412190897, 0.0355739925875127, 0.014476090281801234, 0.2983848819237643, 0.9476381829518732, -0.11379075731804209, -0.14283993803859146, -1.1130259580056416e-10, 0.11922183273054447, 0.9928676420351152, 7.676536073475404e-10, 0.0, 0.0, 0.0, 1.0]}, {"left_foot_pose": [0.936307396529845, -0.34743984690634216, 0.051127409333952385, -0.025634065268267288, 0.3511815187557122, 0.9263353739537851, -0.13628762176490447, -0.003579583060278408, -9.377403427424039e-06, 0.145562109573884, 0.9893491154129902, 0.03441124100619131, 0.0, 0.0, 0.0, 1.0], "right_foot_pose": [0.9544456308481841, -0.2964537466543752, 0.033892681354459206, 0.014476090265973754, 0.2983848819139659, 0.948268496226022, -0.10841273592354218, -0.14283993820221877, -2.3147541328633148e-10, 0.11358712585422062, 0.9935280392823232, 1.0434063404951566e-09, 0.0, 0.0, 0.0, 1.0]}, {"left_foot_pose": [0.9336476051942991, -0.3549318270353801, 0.04822393049386994, -0.026160464011400812, 0.3581928939111035, 0.9251505375817445, -0.12567550900553107, -0.003715401438767321, -8.157195773948478e-06, 0.13461010723395547, 0.9908986421243722, 0.03085129733606881, 0.0, 0.0, 0.0, 1.0], "right_foot_pose": [0.9544456308510327, -0.29666514761438056, 0.03198949734383481, 0.014476090265959241, 0.29838488190485357, 0.9489447059040854, -0.10232500861097302, -0.14283993835772124, -3.6474792628016857e-10, 0.10720883978267312, 0.9942365235055756, 1.3456878319995091e-09, 0.0, 0.0, 0.0, 1.0]}, {"left_foot_pose": [0.9311136553810437, -0.3619633100728696, 0.04483216394557942, -0.026652559421820144, 0.3647291607689006, 0.9240550699275816, -0.11443280572435162, -0.0038423683038642555, -6.911248825507296e-06, 0.12290154556483453, 0.992418868245667, 