{"LoopMode": "Wrap", "FrameDuration": 0.005, "EnableCycleOffsetPosition": true, "EnableCycleOffsetRotation": false, "Debug_info": [{"left_foot_pose": [0.9948025085671366, -0.10168092070605383, -0.005381385778958846, 0.012720099515325366, 0.10182322401364456, 0.9934122190379757, 0.05257560382452028, 0.00032443282722974254, -1.4153792867206793e-09, -0.05285029262373973, 0.9986024467071901, 3.18892703216056e-09, 0.0, 0.0, 0.0, 1.0], "right_foot_pose": [0.9986997818566584, -0.050930101182418024, -0.002206923879665258, 0.0100000003792008, 0.05097789441965975, 0.9977634709759299, 0.04323552088968366, -0.14255000033930287, -1.4232318035758646e-09, -0.04329180961351605, 0.9990624701290641, 3.2520496226484674e-09, 0.0, 0.0, 0.0, 1.0]}, {"left_foot_pose": [0.9948025085655018, -0.10161814347548612, -0.006459246734839431, 0.012720098796411549, 0.10182322402961948, 0.9927988916709638, 0.06310619418979935, 0.00032443294912464296, -1.2959935024293875e-09, -0.06343590161337846, 0.9979859149239025, 2.807587710929038e-09, 0.0, 0.0, 0.0, 1.0], "right_foot_pose": [0.9986995329005104, -0.05090861868963578, -0.002748731964982491, 0.010001301063599963, 0.050982771445863696, 0.997246988755138, 0.05384422378035515, -0.14254990005465484, 2.9617900364746842e-08, -0.05391433911236806, 0.9985455643274753, 1.1922757938480355e-05, 0.0, 0.0, 0.0, 1.0]}, {"left_foot_pose": [0.9948025085652152, -0.10154829605001063, -0.0074774675990872865, 0.012720098785850486, 0.10182322403241836, 0.9921164894039534, 0.07305410666362273, 0.0003244331990132649, -1.1471085869209042e-09, -0.0734357884285, 0.9972999473467775, 2.543847903158092e-09, 0.0, 0.0, 0.0, 1.0], "right_foot_pose": [0.9986820978527803, -0.05121726160265202, -0.0032953819649671466, 0.010092134616833982, 0.05132316658456598, 0.9966217249209439, 0.06411762618294102, -0.14254293365803938, 3.2002464602282414e-07, -0.06420225486326783, 0.9979369070589429, 0.0008178781851330072, 0.0, 0.0, 0.0, 1.0]}, {"left_foot_pose": [0.9948025085651361, -0.10147327081121836, -0.00843470588619998, 0.012720098781834003, 0.10182322403319205, 0.9913835004833834, 0.08240622559491828, 0.0003244333874131231, -9.993149036390484e-10, -0.08283676889031406, 0.9965631288181466, 2.305731681973011e-09, 0.0, 0.0, 0.0, 1.0], "right_foot_pose": [0.9986378937476463, -0.05203154089890661, -0.0038827725853830927, 0.010319774882684664, 0.05217621269124398, 0.9958698864827382, 0.07430216703472052, -0.1425254810425254, 6.800508991740568e-07, -0.074403547956686, 0.997228214628424, 0.0027443407002677236, 0.0, 0.0, 0.0, 1.0]}, {"left_foot_pose": [0.9948025085652424, -0.10139498909018345, -0.00932872658531985, 0.01272009877960292, 0.10182322403215359, 0.9906186961123917, 0.09114071516223589, 0.0003244335149805433, -8.532080870172077e-10, -0.09161689309285447, 0.9957943286141039, 2.074606680890767e-09, 0.0, 0.0, 0.0, 1.0], "right_foot_pose": [0.9985673757833166, -0.05331694578786551, -0.004527616710210972, 0.010675414239795313, 0.05350884057805823, 0.9949880285743328, 0.08447264038583448, -0.1424982177319406, 1.1012366235905593e-06, -0.08459389035631594, 0.9964155125815591, 0.005588802007111482, 0.0, 0.0, 0.0, 1.0]}, {"left_foot_pose": [0.9948025085654989, -0.10131535763738504, -0.010157128462316917, 0.012720098777193687, 0.10182322402964514, 0.9898407050398506, 0.09923411557736228, 0.00032443358468478654, -7.112302388958639e-10, -0.09975257867855529, 0.99501227281224, 1.8424135134198494e-09, 0.0, 0.0, 0.0, 1.0], "right_foot_pose": [0.9984704516000579, -0.05503877718366267, -0.0052431181279012215, 0.01115024520447787, 0.055287948769089455, 0.993973249293061, 0.09465950776705256, -0.14246181921522127, 1.5756057112202047e-06, -0.09480460271485407, 0.9954959001932636, 0.009148758370514147, 0.0, 0.0, 0.0, 1.0]}, {"left_foot_pose": [0.9948025085658585, -0.1012360981557017, -0.010918854394374618, 0.012720098774204323, 0.10182322402613506, 0.9890663481147488, 0.10667609889698339, 0.00032443360262153585, -5.773616752480157e-10, -0.10723344374384604, 0.9942338701446641, 1.609775292232829e-09, 0.0, 0.0, 0.0, 1.0], "right_foot_pose": [0.9983466345383162, -0.057162226172960996, -0.006039636161947865, 0.011735460448450885, 0.057480407980706, 0.9928241322553079, 0.10486298255278871, -0.14241696079318075, 2.0950057699682526e-06, -0.10503676646987078, 0.994468339207018, 0.013221709545488167, 0.0, 0.0, 0.0, 1.0]}, {"left_foot_pose": [0.9948025085662909, -0.10115879504012214, -0.01161323108552481, 0.012720098772201817, 0.10182322402190622, 0.988311104706962, 0.11346008709096797, 0.0003244335752639275, -4.5191769934658575e-10, -0.11405287589068458, 0.9934746808555642, 1.3736663126429072e-09, 0.0, 0.0, 0.0, 1.0], "right_foot_pose": [0.9981951860127606, -0.05965261997159094, -0.006923550496291865, 0.012422252744750785, 0.06005306498361311, 0.9915441207692461, 0.11503862809515804, -0.14236431765114832, 2.650225633560974e-06, -0.11524678519797044, 0.993336890734714, 0.0176051567406841, 0.0, 0.0, 0.0, 1.0]}, {"left_foot_pose": [0.9948025085667684, -0.10108496370337076, -0.012239242719773004, 0.012720098772866664, 0.10182322401724156, 0.9875897802365206, 0.11957615574652182, 0.00032443351026038153, -3.35544016803013e-10, -0.12020089885466761, 0.992749587718137, 1.134870052099668e-09, 0.0, 0.0, 0.0, 1.0], "right_foot_pose": [0.9980152469808126, -0.06247580381802602, -0.00789561467645809, 0.01320181493359941, 0.06297274635423597, 0.9901459472654326, 0.12508171861005135, -0.142304564896723, 3.229959961335796e-06, -0.12533067083172644, 0.9921150250542711, 0.022096601418376313, 0.0, 0.0, 0.0, 1.0]}, {"left_foot_pose": [0.9948025085672584, -0.10101600906672366, -0.0127958923300629, 0.012720098777241175, 0.10182322401245711, 0.9869161006321453, 0.12501456461049412, 0.0003244334167407338, -2.2967192704281102e-10, -0.12566772149312658, 0.99207238837432, 8.984135449474628e-10, 0.0, 0.0, 0.0, 1.0], "right_foot_pose": [0.9978059584847172, -0.06559859976882357, -0.008949464831151551, 0.014065339918241139, 0.06620626252705908, 0.9886555647871398, 0.1348217527612636, -0.14223837756185925, 3.820007667320608e-06, -0.13511845885663035, 0.9908294515513839, 0.02649354484688919, 0.0, 0.0, 0.0, 1.0]}, {"left_foot_pose": [0.9948025085677332, -0.1009532043665784, -0.013282299329028417, 0.012720098786108709, 0.10182322400781717, 0.9863025052759811, 0.12976671044215476, 0.0003244333045079959, -1.351994338730351e-10, -0.13044469561635694, 0.9914555871977105, 6.707723543275534e-10, 0.0, 0.0, 0.0, 1.0], "right_foot_pose": [0.9975665712483337, -0.06898939395628102, -0.010069729360237098, 0.015004020670169647, 0.06972041242319467, 0.9871162029222583, 0.14401620054661332, -0.14216643058630604, 4.402614934934329e-06, -0.14436781306748328, 0.9895240949722899, 0.030593488009760104, 0.0, 0.0, 0.0, 1.0]}, {"left_foot_pose": [0.9948025085681689, -0.10089771502728541, -0.013697446796847873, 0.012720098799786118, 0.10182322400356328, 0.9857603802379596, 0.1338226580465132, 0.000324433184304084, -5.302137695174192e-11, -0.134521834121404, 0.9909106297465048, 4.610607035049341e-10, 0.0, 0.0, 0.0, 1.0], "right_foot_pose": [0.9972965443088911, -0.07261880809351527, -0.011229934132525453, 0.016009050224935466, 0.07348198884747918, 0.9855917699609738, 0.1523458575092003, -0.14208939876514232, 4.95606791812566e-06, -0.1527591951283846, 0.9882634407278079, 0.034193931638218426, 0.0, 0.0, 0.0, 1.0]}, {"left_foot_pose": [0.994802508568542, -0.10085059075952377, -0.014040202605086987, 0.012720098818168745, 0.10182322399991511, 0.9852999810777174, 0.137171346652694, 0.00032443306784430553, 1.5915667681369833e-11, -0.13788801844868723, 0.9904478251620807, 2.813214800001518e-10, 0.0, 0.0, 0.0, 1.0], "right_foot_pose": [0.9969956326604764, -0.07646022654635673, -0.012391215130729747, 0.01707162164317746, 0.07745778480036188, 0.984166851850208, 0.1594236472204507, -0.14200795669649463, 5.45500248671347e-06, -0.1599044760966051, 0.9871324928774824, 0.03709237628842494, 0.0, 0.0, 0.0, 1.0]}, {"left_foot_pose": [0.9948025085688333, -0.10081275656654357, -0.01430933466699131, 0.012720098840806215, 0.10182322399706857, 0.9849303449765728, 0.13980073890782066, 0.00032443296768895017, 7.060772546603736e-11, -0.1405311483543227, 0.9900762578418979, 1.4672150300265585e-10, 0.0, 0.0, 0.0, 1.0], "right_foot_pose": [0.9966639638854907, -0.08048991512184309, -0.013502468505425292, 0.018182927915687295, 0.0816146007622711, 0.982941386893813, 0.16481895180373501, -0.14192277875168338, 5.871678058926018e-06, -0.16537110840453778, 0.9862314112167482, 0.039086322454377515, 0.0, 0.0, 0.0, 1.0]}, {"left_foot_pose": [0.9948025085690259, -0.10078499399168608, -0.014503583380327652, 0.012720098867170427, 0.10182322399518878, 0.984659107527939, 0.1416985286356537, 0.00032443289699282674, 1.1005515171449401e-10, -0.14243885336655632, 0.9898036032727004, 7.581739402962029e-11, 0.0, 0.0, 0.0, 1.0], "right_foot_pose": [0.9963021037513595, -0.08468639439395374, -0.014502850242848982, 0.01933416181801214, 0.0859192529206445, 0.9820182611807553, 0.16810120964788858, -0.14183453909452037, 6.178439305463316e-06, -0.16872566287342564, 0.9856630512755105, 0.039973270745182775, 0.0, 0.0, 0.0, 1.0]}, {"left_foot_pose": [0.9948025085697205, -0.1007905505128536, -0.014464918620844931, 0.012720098941306074, 0.10182322398839969, 0.9847133941660182, 0.14132077839669915, 0.0003244328903673618, 5.79587727454305e-11, -0.14205912951076632, 0.9898581735393429, 3.977718154857257e-11, 0.0, 0.0, 0.0, 1.0], "right_foot_pose": [0.9959111112766144, -0.08905003970859632, -0.01520358062024976, 0.020516512957261826, 0.09033857645591681, 0.9817177491097129, 0.16753866027540304, -0.1417439124762927, 6.300594669903191e-06, -0.16822708316693813, 0.9857482682964482, 0.040000000766792054, 0.0, 0.0, 0.0, 1.0]}, {"left_foot_pose": [0.9948025085696366, -0.10078633429115687, -0.014494266580616928, 0.01272009898215205, 0.10182322398922003, 0.9846722021072427, 0.1416075049342921, 0.000324432894896449, 6.142116690123563e-11, -0.1423473540935188, 0.9898167662666538, 2.4928802078161283e-11, 0.0, 0.0, 0.0, 1.0], "right_foot_pose": [0.9954925792668619, -0.09348100037135804, -0.015994598906513103, 0.021721175271633184, 0.09483946743598456, 0.9812446764167474, 0.16782240738426954, -0.14165157556890406, 6.40850142587464e-06, -0.1685828804278867, 0.9856874821085878, 0.04000000077966662, 0.0, 0.0, 0.0, 1.0]}, {"left_foot_pose": [0.994802508569466, -0.10079222203717637, -0.0144532667832264, 0.0127200990215505, 0.10182322399088846, 0.9847297247548279, 0.14120694119052032, 0.00032443289824452427, 5.1589091329653625e-11, -0.14194469754481934, 0.989874589450053, 3.478544535751027e-11, 0.0, 0.0, 0.0, 1.0], "right_foot_pose": [0.9950486716655197, -0.09797295249440807, -0.016716506698865877, 0.022939342109051936, 0.09938883727674866, 0.9808841867523932, 0.16729635741363919, -0.14155820357348167, 6.439001283796262e-06, -0.1681294523830511, 0.9857649249186716, 0.04000000080741938, 0.0, 0.0, 0.0, 1.0]}, {"left_foot_pose": [0.9948025085692135, -0.10080813126346541, -0.014341883264376305, 0.012720099058703112, 0.1018232239933559, 0.9848851562157576, 0.14011873579740208, 0.00032443290035377454, 2.8527993681515327e-11, -0.1408508066609177, 0.9900308329860087, 6.939069457922997e-11, 0.0, 0.0, 0.0, 1.0], "right_foot_pose": [0.9945821422426879, -0.10249509493832851, -0.01735274749221529, 0.024162206173772724, 0.10395365453455865, 0.9806375555920923, 0.165962713496964, -0.14146447156607986, 6.391807479000482e-06, -0.16686743264025133, 0.985979340495122, 0.040000000849591856, 0.0, 0.0, 0.0, 1.0]}, {"left_foot_pose": [0.9948025085688856, -0.10083385541017378, -0.014159892237346823, 0.012720099092909833, 0.10182322399655772, 0.9851364784228386, 0.13834070238218285, 0.00032443290122806043, -7.800262182114732e-12, -0.13906348364602775, 0.9902834682636242, 1.2899884632711078e-10, 0.0, 0.0, 0.0, 1.0], "right_foot_pose": [0.994096345796749, -0.10701651762824972, -0.01788631399346683, 0.02538096016940601, 0.10850094577590103, 0.9805053886113585, 0.1638191920069921, -0.14137105462225247, 6.267803726921505e-06, -0.1647927421302629, 0.9863282172288815, 0.04000000090653294, 0.0, 0.0, 0.0, 1.0]}, {"left_foot_pose": [0.9948025085684925, -0.10086906304292864, -0.013906871203733634, 0.01272009912334878, 0.10182322400039988, 0.9854804532983864, 0.13586871317920093, 0.0003244329009257545, -5.7416770457244276e-11, -0.13657857916836472, 0.9906292402873801, 2.1390491461437122e-10, 0.0, 0.0, 0.0, 1.0], "right_foot_pose": [0.9935952378111311, -0.11150613145032863, -0.018299892022178736, 0.02658679680002832, 0.11299780246627797, 0.9804875965330024, 0.16085885018465124, -0.14127862781690376, 6.0690520009847575e-06, -0.16189643508712026, 0.9868077544634762, 0.04000000097917407, 0.0, 0.0, 0.0, 1.0]}, {"left_foot_pose": [0.9948025085680398, -0.10091328266533825, -0.013582279942688907, 0.012720099143401881, 0.10182322400482159, 0.9859124743721973, 0.13269749029486624, 0.00032443291068874527, -1.2119483252203117e-10, -0.13339078775911684, 0.9910635185198794, 3.25577245718911e-10, 0.0, 0.0, 0.0, 1.0], "right_foot_pose": [0.9930833632094568, -0.1159328294519666, -0.01857451942460259, 0.02777090914789793, 0.11741138651329587, 0.9805853128414745, 0.15705734798669202, -0.14118786596038035, 5.798202534556606e-06, -0.15815189943484306, 0.9874147946387738, 0.039988081082353376, 0.0, 0.0, 0.0, 1.0]}, {"left_foot_pose": [0.9948025085675102, -0.10096645297336639, -0.013181210937040059, 0.012720099121559997, 0.10182322400999597, 0.9864319427035743, 0.12877908784528322, 0.00032443301515608976, -2.050739190320365e-10, -0.12945191303348888, 0.9915857008912398, 4.983087623089411e-10, 0.0, 0.0, 0.0, 1.0], "right_foot_pose": [0.9925658346409851, -0.12028233120936932, -0.018580223418572767, 0.028924491326579174, 0.1217089309541497, 0.9809383719848452, 0.15148216559621652, -0.14109944159575072, 5.426096772909184e-06, -0.15261740125739653, 0.9882853478646723, 0.03918213286153596, 0.0, 0.0, 0.0, 1.0]}, {"left_foot_pose": [0.9948025085669673, -0.10102790988836137, -0.012701589367435708, 0.012720099099108673, 0.10182322401529964, 0.9870323703303402, 0.12409323499369813, 0.0003244331401666273, -3.0239596679382726e-10, -0.12474157824743203, 0.9921892655417821, 7.285121603195499e-10, 0.0, 0.0, 0.0, 1.0], "right_foot_pose": [0.9920482987249299, -0.12452619582922707, -0.018259231891644134, 0.03003873274738038, 0.12585774895655646, 0.9815583111521791, 0.14388574924456707, -0.141014031668314, 4.955831034135862e-06, -0.14503967857239303, 0.9894258393710246, 0.03725568678415241, 0.0, 0.0, 0.0, 1.0]}, {"left_foot_pose": [0.994802508566441, -0.10109639163131803, -0.012144486363951325, 0.01272009907427915, 0.10182322402044189, 0.9877014298085929, 0.11865039656126275, 0.00032443327283653185, -4.120030132978305e-10, -0.11927030289719724, 0.9928618206209826, 9.9814709969559e-10, 0.0, 0.0, 0.0, 1.0], "right_foot_pose": [0.9915368923941588, -0.12862067851738018, -0.017644038060009005, 0.031104826393534565, 0.12982523253136685, 0.9823417647887707, 0.13472218135800884, -0.14093231213400387, 4.41710826056e-06, -0.13587265438421553, 0.9907263102245124, 0.03441124221863336, 0.0, 0.0, 0.0, 1.0]}, {"left_foot_pose": [0.9948025085659643, -0.1011704711129542, -0.011511069700427088, 0.012720099045773746, 0.10182322402509777, 0.9884251786308069, 0.11246198156618689, 0.00032443340181884106, -5.324713641630125e-10, -0.11304955560921726, 0.9935893507765468, 1.2931060944243455e-09, 0.0, 0.0, 0.0, 1.0], "right_foot_pose": [0.9910381888245535, -0.13252128028608462, -0.01677553464677092, 0.032113965407179625, 0.13357884666596767, 0.9831955798871013, 0.12443127988515003, -0.1408549586820782, 3.838996931578453e-06, -0.12555700682082105, 0.9920864065309322, 0.030851298669477036, 0.0, 0.0, 0.0, 1.0]}, {"left_foot_pose": [0.994802508565574, -0.10124853860358829, -0.010802887682462122, 0.012720099012590528, 0.1018232240289133, 0.9891878899121868, 0.10554311677904028, 0.0003244335168688158, -6.619729818201134e-10, -0.10609454218626932, 0.9943560469561631, 1.601592129751861e-09, 0.0, 0.0, 0.0, 1.0], "right_foot_pose": [0.9905591323670538, -0.13618446392305988, -0.015697040173814094, 0.0330573429337364, 0.13708612356355307, 0.9840466177374344, 0.1134003917358027, -0.1407826467566313, 3.2477343250376207e-06, -0.11448164003675042, 0.9934253641235201, 0.026778355592638317, 0.0, 0.0, 0.0, 1.0]}, {"left_foot_pose": [0.9948025085653017, -0.1013288535059658, -0.010021596646761938, 0.012720098973858986, 0.1018232240315731, 0.9899725582038689, 0.09790998443011126, 0.000324433609127219, -7.994080795034772e-10, -0.09842152940518188, 0.9951448148634178, 1.9153261199278404e-09, 0.0, 0.0, 0.0, 1.0], "right_foot_pose": [0.9901069628100515, -0.13956871283881309, -0.014449103486791718, 0.03392615203715757, 0.1403146542166931, 0.9848453076964098, 0.10193879399136213, -0.1407160516013636, 2.665503670965023e-06, -0.10295773067079768, 0.9946857321224701, 0.022394912279303347, 0.0, 0.0, 0.0, 1.0]}, {"left_foot_pose": [0.9948025085651824, -0.1014095770956232, -0.009168785399855321, 0.012720098928790974, 0.10182322403274124, 0.9907612193646519, 0.0895781069829419, 0.0003244336705360805, -9.433133279114077e-10, -0.0900461208290287, 0.9959375965007272, 2.2272299005088314e-09, 0.0, 0.0, 0.0, 1.0], "right_foot_pose": [0.9896891290034756, -0.14263484940835156, -0.013066279753542022, 0.03471158568706567, 0.1432320771611153, 0.9855638147012735, 0.09026925957149456, -0.14065584832713543, 2.110272671406812e-06, -0.09121001527096935, 0.9958316791053677, 0.017903467777657722, 0.0, 0.0, 0.0, 1.0]}, {"left_foot_pose": [0.9948025085652625, -0.10148868582495259, -0.008247157194184555, 0.012720098877289091, 0.10182322403195444, 0.991534103554107, 0.08057389488471119, 0.00032443369247598004, -1.0882417511057609e-09, -0.08099486489079494, 0.9967145187370973, 2.524272589565779e-09, 0.0, 0.0, 0.0, 1.0], "right_foot_pose": [0.989313191871076, -0.1453456868927512, -0.011577551189184833, 0.03540483678207402, 0.1458060643022597, 0.9861903403834354, 0.07854428144103867, -0.14060271197808172, 1.5966105233213938e-06, -0.07939297094880725, 0.9968433960062999, 0.013506520858164589, 0.0, 0.0, 0.0, 1.0]}, {"left_foot_pose": [0.9948025085655678, -0.10156403100439887, -0.00726061690161938, 0.012720098819661747, 0.101823224028974, 0.9922702183012159, 0.07093549831222573, 0.00032443366874471656, -1.2319243311631477e-09, -0.07130611108871311, 0.997454479423199, 2.8009204469658933e-09, 0.0, 0.0, 0.0, 1.0], "right_foot_pose": [0.9889867168316387, -0.1476656786537072, -0.010006062078389073, 0.03599709815773722, 0.14800430375257728, 0.9867244926968294, 0.06685433107061513, -0.14055731751264136, 1.136359709257984e-06, -0.06759898564272024, 0.997712572406895, 0.009406570089204022, 0.0, 0.0, 0.0, 1.0]}, {"left_foot_pose": [0.9948025085661133, -0.10163349983978168, -0.006212943013316088, 0.012720098757094102, 0.10182322402364641, 0.9929489218265874, 0.06069983272504662, 0.00032443359440532255, -1.3730938043828965e-09, -0.06101696775271109, 0.9981367289335996, 3.0559255403961316e-09, 0.0, 0.0, 0.0, 1.0], "right_foot_pose": [0.9887171556169707, -0.14956060478762453, -0.008367298503500103, 0.03647956259484998, 0.14979447983200225, 0.9871737410844846, 0.055223353077506344, -0.14052033982946552, 7.392817983249152e-07, -0.05585365170535483, 0.9984389663823373, 0.005806114233111309, 0.0, 0.0, 0.0, 1.0]}, {"left_foot_pose": [0.9948025085669344, -0.10169492797231441, -0.005109850647618253, 0.012720098695125418, 0.10182322401562048, 0.9935490685776303, 0.04992273409568896, 0.000324433462049507, -1.4965303459258546e-09, -0.05018356258009045, 0.9987400112375449, 3.2629361990110795e-09, 0.0, 0.0, 0.0, 1.0], "right_foot_pose": [0.9885117174510619, -0.15099688634790837, -0.006672688752581413, 0.03684342278403429, 0.1511442505085134, 0.9875480492639696, 0.04363789560861034, -0.14049245380634093, 4.1439728193169107e-07, -0.044145109674403216, 0.999025129459546, 0.0029076533173391997, 0.0, 0.0, 0.0, 1.0]}, {"left_foot_pose": [0.9948025085680117, -0.10174608927440736, -0.003962608251657219, 0.01272009864276356, 0.10182322400509537, 0.9940489095118662, 0.03871429389099835, 0.0003244332682994268, -1.5910466280567142e-09, -0.03891656222785761, 0.999242463661531, 3.4070439733357993e-09, 0.0, 0.0, 0.0, 1.0], "right_foot_pose": [0.9883772295445932, -0.151941087026847, -0.004935401792606285, 0.03707987120875781, 0.15202122258989087, 0.9878562587370054, 0.03208675671365789, -0.14047433424935635, 1.7085596865587407e-07, -0.03246410552020109, 0.9994729020102266, 0.0009136905248423033, 0.0, 0.0, 0.0, 1.0]}, {"left_foot_pose": [0.9948025085692815, -0.10178518231452803, -0.00278309278751525, 0.01272009861168446, 0.1018232239926908, 0.9944308448110325, 0.027190548801946393, 0.00032443301371304356, -1.6551620585153328e-09, -0.027332609637847595, 0.999626394434634, 3.499918452276596e-09, 0.0, 0.0, 0.0, 1.0], "right_foot_pose": [0.9883199868240516, -0.1523600926448054, -0.003163196701490491, 0.03718010014236307, 0.1523929251773378, 0.9881070591102707, 0.020514289954711093, -0.14046665608578193, 1.787205495939159e-08, -0.020756731575996473, 0.9997845558390475, 2.6733462843757383e-05, 0.0, 0.0, 0.0, 1.0]}, {"left_foot_pose": [0.9948025085737731, -0.10181090517967328, -0.0015838313750823226, 0.01272009791196699, 0.1018232239488084, 0.9946821552184422, 0.015473886217306063, 0.00032443280877378355, -1.5567619859797435e-09, -0.015554731643163606, 0.9998790178434143, 3.63847827561381e-09, 0.0, 0.0, 0.0, 1.0], "right_foot_pose": [0.9883183147433642, -0.15239769419074928, -0.0013607160537879362, 0.03718302382523271, 0.1524037687947256, 0.9882789216463981, 0.008824074262850154, -0.14046643304157147, -1.57672200990186e-09, -0.0089283724594873, 0.999960141288254, 3.604662249245827e-09, 0.0, 0.0, 0.0, 1.0]}, {"left_foot_pose": [0.9948025085771981, -0.10182252195825507, -0.00037808805273813445, 0.01272009730975761, 0.10182322391534769, 0.9947956504794591, 0.0036938947787079185, 0.00032443266149153986, -1.3318547191984393e-09, -0.0037131939367327817, 0.9999931060716316, 3.736683296118315e-09, 0.0, 0.0, 0.0, 1.0], "right_foot_pose": [0.9883183147440339, -0.1524030845455579, 0.0004566864478949512, 0.03718302322224505, 0.15240376879038178, 0.9883138775334316, -0.0029615423888777505, -0.14046643312896112, -1.359058668639466e-09, 0.0029965473186331854, 0.9999955103420051, 3.5702853729002726e-09, 0.0, 0.0, 0.0, 1.0]}, {"left_foot_pose": [0.9948025085786834, -0.10181989427174423, 0.0008234415887932831, 0.012720097011915687, 0.10182322390083415, 0.994769978533609, -0.008044929004323626, 0.0003244325899920391, -1.1509639099764334e-09, 0.008086961032103247, 0.9999672999959879, 3.757789461544814e-09, 0.0, 0.0, 0.0, 1.0], "right_foot_pose": [0.9883183147441665, -0.15238683931586458, 0.002271551137631803, 0.037183022931144054, 0.15240376878952178, 0.9882085294587009, -0.014730701402910305, -0.14046643313171964, -1.1816143223622924e-09, 0.014904814939896904, 0.9998889170760954, 3.488095798309665e-09, 0.0, 0.0, 0.0, 1.0]}, {"left_foot_pose": [0.9948025085786079, -0.10180338071272159, 0.002010124665278844, 0.012720097011511722, 0.10182322390157053, 0.9946086428602154, -0.01963870214784366, 0.0003244326136561948, -1.0938523668271665e-09, 0.01974130753576546, 0.9998051213995551, 3.6930095578813216e-09, 0.0, 0.0, 0.0, 1.0], "right_foot_pose": [0.9883183147442401, -0.152349506722134, 0.004066514801083414, 0.037183022940538595, 0.152403768789046, 0.9879664326030629, -0.026370804092265932, -0.14046643307987366, -1.125831325082645e-09, 0.026682500840440132, 0.9996439586917432, 3.356336292226203e-09, 0.0, 0.0, 0.0, 1.0]}, {"left_foot_pose": [0.9948025085774558, -0.10177383064621917, 0.0031711706981157415, 0.012720097300496797, 0.10182322391282828, 0.9943199417579693, -0.03098200275042268, 0.00032443273029333225, -1.1628531134734658e-09, 0.031143872880933888, 0.9995149119357738, 3.5389889699311006e-09, 0.0, 0.0, 0.0, 1.0], "right_foot_pose": [0.9883183147448678, -0.1522924286313088, 0.005824510403601852, 0.037183023231663725, 0.15240376878497439, 0.9875962888513805, -0.03777117296452568, -0.14046643298213288, -1.1959529503310583e-09, 0.038217619347073, 0.9992694399267106, 3.1795834992687233e-09, 0.0, 0.0, 0.0, 1.0]}, {"left_foot_pose": [0.994802508575724, -0.10173257217547454, 0.004295659438200323, 0.012720097867797141, 0.10182322392974603, 0.9939168507175632, -0.041968141824900454, 0.0003244329152752388, -1.2832992116887979e-09, 0.042187410660574264, 0.9991097148870873, 3.299661627265138e-09, 0.0, 0.0, 0.0, 1.0], "right_foot_pose": [0.9883183147466528, -0.15221769043029468, 0.007528841637535005, 0.03718302377983677, 0.15240376877340042, 0.987111621691734, -0.04882353515240817, -0.1404664328262739, -1.3187456688617798e-09, 0.04940061782186028, 0.9987790441127699, 2.9683385124879003e-09, 0.0, 0.0, 0.0, 1.0]}, {"left_foot_pose": [0.994802011321416, -0.10168620788015041, 0.005373397232766646, 0.01272070291623727, 0.10182808193649404, 0.9934159994525914, -0.052494702215980335, 0.0003245100604457006, -3.158030412184656e-08, 0.05276899808187122, 0.9986067458421435, 1.1922738524461352e-05, 0.0, 0.0, 0.0, 1.0], "right_foot_pose": [0.988318314749666, -0.15212806045932958, 0.009163075425974635, 0.03718302447466511, 0.15240376875385836, 0.9865303833953825, -0.05942132535866547, -0.14046643264296313, -1.3363311047237504e-09, 0.06012367136696209, 0.9981909357138831, 2.7325843046654974e-09, 0.0, 0.0, 0.0, 1.0]}, {"left_foot_pose": [0.9947672463386837, -0.10196362614856905, 0.006445506526886259, 0.012762876953676987, 0.10216714546101821, 0.9927858427632035, -0.06275463964762908, 0.00032991244301484694, -3.1701321166170643e-07, 0.06308477908015035, 0.9980081716340349, 0.0008178781723220258, 0.0, 0.0, 0.0, 1.0], "right_foot_pose": [0.988318314750463, -0.15202672163792513, 0.010713759229596467, 0.03718302468167707, 0.1524037687486925, 0.9858732145843565, -0.06947730590849358, -0.14046643281726648, -1.206461608983465e-09, 0.07029851117294116, 0.9975259993237607, 2.4807877627153196e-09, 0.0, 0.0, 0.0, 1.0]}, {"left_foot_pose": [0.9946796132390867, -0.10273907199864372, 0.007559767946119154, 0.012868569264191897, 0.10301682875185234, 0.9919982107743546, -0.07298686741045866, 0.00034345757849381375, -6.732505810509483e-07, 0.0733773323672763, 0.9973042500131092, 0.002744340525854337, 0.0, 0.0, 0.0, 1.0], "right_foot_pose": [0.9883183147509551, -0.1519166498648338, 0.012175394107667126, 0.037183024861160416, 0.152403768745499, 0.9851594136980429, -0.07895581596245345, -0.14046643293403036, -1.07229183680027e-09, 0.07988905491976862, 0.9968037614816802, 2.2579934727540163e-09, 0.0, 0.0, 0.0, 1.0]}, {"left_foot_pose": [0.9945412524203673, -0.10397770615429726, 0.008736924917762404, 0.013033690620997575, 0.10434412888579066, 0.9910496227558762, -0.08326432610969867, 0.000364621668940213, -1.092510425234069e-06, 0.08372145399076174, 0.9964891961985739, 0.005588801682379373, 0.0, 0.0, 0.0, 1.0], "right_foot_pose": [0.988318314751152, -0.1518008268660128, 0.013543178734606944, 0.03718302500588388, 0.15240376874422332, 0.984408316836875, -0.08782571955269088, -0.14046643299946324, -9.345543136419265e-10, 0.0888637986200533, 0.9960437868361083, 2.0437686196195237e-09, 0.0, 0.0, 0.0, 1.0]}, {"left_foot_pose": [0.994353759078701, -0.10564451486396757, 0.00999191098909689, 0.013254151788547544, 0.10611598279053251, 0.9899372863334723, -0.09361392697201189, 0.00039288089473632666, -1.5673503633325418e-06, 0.09414566164130225, 0.9955584334390751, 0.009148757973354918, 0.0, 0.0, 0.0, 1.0], "right_foot_pose": [0.988318314751086, -0.15168226323488845, 0.014812148646129755, 0.03718302511256961, 0.15240376874465092, 0.9836394473060336, -0.09605482276235588, -0.1404664330195586, -7.96473793632668e-10, 0.09719016783308186, 0.9952658294529041, 1.8282672806235745e-09, 0.0, 0.0, 0.0, 1.0]}, {"left_foot_pose": [0.9941183360395331, -0.10770444858090636, 0.0113351535443358, 0.013525863605461444, 0.1082992795249482, 0.9886601866978483, -0.1040302902666035, 0.00042771127011322595, -2.0899705157153407e-06, 0.10464600801970142, 0.994509533891543, 0.013221709144715522, 0.0, 0.0, 0.0, 1.0], "right_foot_pose": [0.9883183147508159, -0.1515637111787509, 0.015979680279370936, 0.0371830251816035, 0.15240376874640188, 0.9828706528139676, -0.10362611209988729, -0.1404664330011439, -6.630596587426693e-10, 0.10485094797267826, 0.9944879479959677, 1.6109332826030887e-09, 0.0, 0.0, 0.0, 1.0]}, {"left_foot_pose": [0.993835935750235, -0.11012286094787492, 0.01277060327903456, 0.013844736994235288, 0.11086087138583331, 0.987222638074645, -0.11446104170639626, 0.00046858870954620893, -2.6512791510152167e-06, 0.11517125669885916, 0.9933456506289123, 0.017605156378366356, 0.0, 0.0, 0.0, 1.0], "right_foot_pose": [0.9883183147503811, -0.15144770739881142, 0.017044079693842168, 0.03718302521517241, 0.152403768749221, 0.9821183835379247, -0.11052860257819078, -0.14046643295027042, -5.353467479636287e-10, 0.11183502421199562, 0.9937267870795785, 1.388443020278185e-09, 0.0, 0.0, 0.0, 1.0]}, {"left_foot_pose": [0.9935073913458274, -0.112863573923441, 0.014313525856242595, 0.014206682550473342, 0.11376758470972191, 0.985616450267161, -0.12496859458311098, 0.0005149891419521518, -3.2443323979202463e-06, 0.1257856376697655, 0.9920574445794385, 0.022096600979988508, 0.0, 0.0, 0.0, 1.0], "right_foot_pose": [0.9883183147484345, -0.15133711981665857, 0.017999580506569544, 0.037183025096803685, 0.15240376876184578, 0.9814012375222403, -0.1167248999014404, -0.14046643292393438, -4.220570292683247e-10, 0.11810456026510462, 0.9930011645736304, 1.1129613272653494e-09, 0.0, 0.0, 0.0, 1.0]}, {"left_foot_pose": [0.9931335370284874, -0.11590178736615413, 0.015891926082693072, 0.014607612267637503, 0.1169862283113929, 0.9839318311219476, -0.1348791091699796, 0.0005663882288670374, -3.842099443793425e-06, 0.13581210325425067, 0.990734612595571, 0.02649354449396727, 0.0, 0.0, 0.0, 1.0], "right_foot_pose": [0.9883183147478048, -0.1512356082884254, 0.0188334680738634, 0.0371830250705934, 0.15240376876593079, 0.9807429485697738, -0.12213255133913609, -0.1404664328320787, -3.169640952191057e-10, 0.12357612882873417, 0.992335094806036, 8.868763015645875e-10, 0.0, 0.0, 0.0, 1.0]}, {"left_foot_pose": [0.9927153169688888, -0.11920480929141107, 0.01750750973603879, 0.01504343685645546, 0.12048360650193353, 0.982184111135145, -0.144215368106016, 0.0006222617081536597, -4.432436313142644e-06, 0.14527417277501403, 0.9893914365431359, 0.03059348775092425, 0.0, 0.0, 0.0, 1.0], "right_foot_pose": [0.9883183147471316, -0.15114379845200068, 0.019556608215399417, 0.037183025023204565, 0.1524037687702953, 0.9801475738063317, -0.12682202027318426, -0.140466432730433, -2.227591812180505e-10, 0.1283210261456108, 0.9917326828581063, 6.704103730492683e-10, 0.0, 0.0, 0.0, 1.0]}, {"left_foot_pose": [0.9922538837539087, -0.12274713026078807, 0.01911471129854559, 0.015510067516065614, 0.12422652756299703, 0.9804434456759583, -0.15263819862896436, 0.0006820851401832459, -4.992558765865604e-06, 0.15383039960877756, 0.9880972665336543, 0.034193931486839635, 0.0, 0.0, 0.0, 1.0], "right_foot_pose": [0.9883183147465134, -0.1510634787363918, 0.020167650549093, 0.037183024958417805, 0.1524037687743011, 0.9796267109651897, -0.13078454964908492, -0.14046643262885394, -1.4034045778029643e-10, 0.13233039165507013, 0.9912056635453691, 4.727650979030606e-10, 0.0, 0.0, 0.0, 1.0]}, {"left_foot_pose": [0.9917506855407143, -0.12650727114144625, 0.020651587780806994, 0.01600341538938421, 0.12818181501023682, 0.9788015413784072, -0.15974030454439717, 0.0007453338850985612, -5.4959325503371715e-06, 0.16106971454497512, 0.9869430312972457, 0.037092376265622264, 0.0, 0.0, 0.0, 1.0], "right_foot_pose": [0.9883183147459825, -0.1509962280431374, 0.02066513620583207, 0.03718302488029452, 0.15240376877774625, 0.9791905990185679, -0.13401067888790735, -0.1404664325380535, -7.061514374597612e-11, 0.13559465295653567, 0.9907643968621381, 3.05664805966277e-10, 0.0, 0.0, 0.0, 1.0]}, {"left_foot_pose": [0.9912075422157965, -0.13046755663477072, 0.02204143643853338, 0.016519391414193424, 0.13231631879533745, 0.9773655447865375, -0.16507266171164264, 0.0008114830489866776, -5.913691908888865e-06, 0.16653770903272472, 0.9860350863104016, 0.039086322584060855, 0.0, 0.0, 0.0, 1.0], "right_foot_pose": [0.988318314745566, -0.1509434066053884, 0.021047487756116503, 0.037183024793283836, 0.15240376878044537, 0.9788480589027524, -0.13649017856179313, -0.14046643246941504, -1.4559402813070013e-11, 0.13810345971290514, 0.9904178080059575, 1.8334913448603274e-10, 0.0, 0.0, 0.0, 1.0]}, {"left_foot_pose": [0.9906267104820862, -0.13461269242605445, 0.023197920537202855, 0.017053906158474273, 0.1365969269082855, 0.9762443950541732, -0.1681908460188162, 0.0008800074698427918, -6.217277347699783e-06, 0.16978310918086315, 0.985481453807339, 0.03997327103787755, 0.0, 0.0, 0.0, 1.0], "right_foot_pose": [0.9883183147452903, -0.1509061276794469, 0.02131312665525866, 0.037183024702399994, 0.15240376878223394, 0.9786063099413491, -0.13821281201085314, -0.14046643243472562, 2.682984014962699e-11, 0.13984645426956838, 0.9901732016310223, 1.2269461141523053e-10, 0.0, 0.0, 0.0, 1.0]}, {"left_foot_pose": [0.9900109374906331, -0.13891254732945585, 0.024117376378041334, 0.01760286685547119, 0.1409905798551474, 0.9754271295064327, -0.1693031937529576, 0.0009503818953447013, -6.405296423329532e-06, 0.1710123364476484, 0.985268887533596, 0.040000001061970304, 0.0, 0.0, 0.0, 1.0], "right_foot_pose": [0.9883183147451877, -0.1508846588854938, 0.02146458600205044, 0.03718302466133175, 0.15240376878289863, 0.9784670876204956, -0.13919500603194734, -0.14046643243832013, 5.1288451984962564e-11, 0.1408402575845175, 0.990032333736392, 9.216617052887344e-11, 0.0, 0.0, 0.0, 1.0]}, {"left_foot_pose": [0.9893635036802955, -0.14331308292803438, 0.0249242421572492, 0.018162186066968296, 0.14546428270556308, 0.9747399617427264, -0.16947610285448894, 0.0010220840678814257, -6.51206411828954e-06, 0.17129905791758296, 0.98521907853743, 0.040000001069470076, 0.0, 0.0, 0.0, 1.0], "right_foot_pose": [0.9883183147452325, -0.1508782459581612, 0.021509617284634255, 0.03718302463009681, 0.1524037687826086, 0.978425500625623, -0.13948702802180626, -0.14046643244497223, 6.186305171926806e-11, 0.14113573120258224, 0.9899902551934093, 7.93236032414768e-11, 0.0, 0.0, 0.0, 1.0]}, {"left_foot_pose": [0.9886882560104299, -0.14778323614314698, 0.025605615441032136, 0.018727775363537633, 0.14998510720843106, 0.9741811599415067, -0.168746956211652, 0.001094590035664443, -6.5368730971669885e-06, 0.17067859482102735, 0.9853267565773245, 0.0400000010873415, 0.0, 0.0, 0.0, 1.0], "right_foot_pose": [0.9883183147454219, -0.1508869317601628, 0.02144860281632939, 0.03718302459586999, 0.15240376878138115, 0.97848182691537, -0.13909135723541896, -0.14046643245115914, 5.910469857619143e-11, 0.1407353836828661, 0.9900472472461284, 9.09654018776962e-11, 0.0, 0.0, 0.0, 1.0]}, {"left_foot_pose": [0.987989628549452, -0.15229250838638222, 0.02614356073874371, 0.019295545557483498, 0.15452020527016264, 0.9737530087940234, -0.16711847302992805, 0.0011673755832297857, -6.479474511464514e-06, 0.16915102646443353, 0.9855901431142896, 0.040000001115515334, 0.0, 0.0, 0.0, 1.0], "right_foot_pose": [0.9883183147457547, -0.15091057655524867, 0.02128160289717985, 0.037183024559305417, 0.15240376877922285, 0.9786351603184821, -0.13800838471016208, -0.14046643245673263, 4.295310744939111e-11, 0.13963961068472402, 0.9902023930125691, 1.2718984199189265e-10, 0.0, 0.0, 0.0, 1.0]}, {"left_foot_pose": [0.98727265264747, -0.1568100829191263, 0.026519940220997157, 0.01986140746119707, 0.15903681741728698, 0.9734561228560186, -0.16459182112094678, 0.0012399164951497135, -6.341068119696891e-06, 0.16671465073299882, 0.9860051851743813, 0.040000001154927724, 0.0, 0.0, 0.0, 1.0], "right_foot_pose": [0.9883183147462277, -0.15094885268728211, 0.02100839378841913, 0.037183024520956294, 0.15240376877615622, 0.9788833760276612, -0.13623665952860273, -0.14046643246164656, 1.3263893819443976e-11, 0.13784694414125273, 0.9904535425707349, 1.882903832850502e-10, 0.0, 0.0, 0.0, 1.0]}, {"left_foot_pose": [0.9865429562416933, -0.16130473034177845, 0.026716651348312893, 0.020421271887013908, 0.16350227965503777, 0.973289463394998, -0.16116645119839243, 0.0013116885559750734, -6.12430381278196e-06, 0.16336586061244238, 0.9865655556266142, 0.04000000120736347, 0.0, 0.0, 0.0, 1.0], "right_foot_pose": [0.9883183147468327, -0.15100124413337265, 0.02062845137555303, 0.037183024481471746, 0.15240376877223202, 0.9792231277015252, -0.13377278287627353, -0.1404664324659264, -3.010704929736642e-11, 0.1353539450648414, 0.9907973100263162, 2.7457545265230365e-10, 0.0, 0.0, 0.0, 1.0]}, {"left_foot_pose": [0.9858067523445772, -0.16574505841436266, 0.02671371638425067, 0.020971050109915863, 0.16788402841788794, 0.9732523528139341, -0.15682732779820258, 0.0013821673827101623, -5.832716494756057e-06, 0.1590862450162251, 0.9872646892361837, 0.039988081304314145, 0.0, 0.0, 0.0, 1.0], "right_foot_pose": [0.9883183147475679, -0.15106702412590928, 0.020141076343351938, 0.037183024435491804, 0.1524037687674645, 0.9796497023475145, -0.13061221978015522, -0.140466432483617, -8.805617152916159e-11, 0.13215602488032185, 0.9912289266803262, 3.878689938674462e-10, 0.0, 0.0, 0.0, 1.0]}, {"left_foot_pose": [0.9850708173291396, -0.17012346872665393, 0.02633420275826026, 0.021506654361926992, 0.1721496001067828, 0.9734817626682033, -0.15065780077873214, 0.001450826496655365, -5.4384603661289634e-06, 0.15294202542408136, 0.98823516271665, 0.03918213308812358, 0.0, 0.0, 0.0, 1.0], "right_foot_pose": [0.9883183147484721, -0.1511460397685205, 0.01953927826282503, 0.03718302435933606, 0.15240376876160014, 0.9801621084572609, -0.12670963819645784, -0.14046643261144184, -1.659271432904318e-10, 0.12820731573084784, 0.9917473893049028, 5.613613462962519e-10, 0.0, 0.0, 0.0, 1.0]}, {"left_foot_pose": [0.9843424567261441, -0.17441068468481907, 0.02551158470405805, 0.022023991497489685, 0.1762666385391126, 0.9739821384264123, -0.14243899102575852, 0.0015171426929099369, -4.945874087722457e-06, 0.14470558763947813, 0.989474756060736, 0.03725568688795581, 0.0, 0.0, 0.0, 1.0], "right_foot_pose": [0.9883183147494475, -0.15123722081729887, 0.01882051461228889, 0.037183024301661066, 0.15240376875527656, 0.9807534056286, -0.12204855024575706, -0.14046643275373044, -2.577365842927396e-10, 0.12349113485332636, 0.9923456754642695, 7.877144769796729e-10, 0.0, 0.0, 0.0, 1.0]}, {"left_foot_pose": [0.9836294617245791, -0.17855600232919647, 0.024307119525603476, 0.022518973003467866, 0.18020289123145622, 0.9746432746903115, -0.1326552113291112, 0.0015805927822889008, -4.386349662306695e-06, 0.13486378733063592, 0.9908641475235632, 0.03441124214724703, 0.0, 0.0, 0.0, 1.0], "right_foot_pose": [0.988318314750451, -0.15133862963994468, 0.017986881539930152, 0.03718302425904802, 0.15240376874876754, 0.9814110285666091, -0.11664254917911608, -0.14046643289974692, -3.6233158329861817e-10, 0.11802123616762347, 0.9930110713448596, 1.0506207154259428e-09, 0.0, 0.0, 0.0, 1.0]}, {"left_foot_pose": [0.982940055485042, -0.18250881409179134, 0.022789912283093117, 0.022987510393251746, 0.18392620071293736, 0.9753677983082543, -0.121773604342706, 0.0016406533414234977, -3.7904509287256644e-06, 0.12388781539004304, 0.9922962305599655, 0.030851298435629275, 0.0, 0.0, 0.0, 1.0], "right_foot_pose": [0.9883183147514348, -0.15144810399075853, 0.017040555286955507, 0.03718302422896084, 0.15240376874238837, 0.9821209553875209, -0.11050574764155958, -0.14046643303966283, -4.783632191904574e-10, 0.11181189912664838, 0.9937293893277447, 1.3372578183679096e-09, 0.0, 0.0, 0.0, 1.0]}, {"left_foot_pose": [0.9822828284533393, -0.18622096166894153, 0.02102851304309317, 0.023425515039594853, 0.18740449545184626, 0.9760812295585607, -0.11020430294633761, 0.0016968006853890077, -3.185592168375736e-06, 0.11219263228280027, 0.9936864763351213, 0.026778355250208843, 0.0, 0.0, 0.0, 1.0], "right_foot_pose": [0.9883183147523442, -0.1515632372572504