{"LoopMode": "Wrap", "FrameDuration": 0.0167, "EnableCycleOffsetPosition": true, "EnableCycleOffsetRotation": false, "Debug_info": [{"left_foot_pose": [0.9999999999884726, 4.7851304004989146e-06, 3.9740439577986843e-07, 0.00019842111302273752, -4.801604232007997e-06, 0.9965691632582973, 0.08276413969590062, -6.676505781611462e-05, -3.7654267229317554e-12, -0.08276413969685503, 0.9965691632697852, 3.2324906640290862e-12, 0.0, 0.0, 0.0, 1.0], "right_foot_pose": [0.9999999979400312, 6.398293128505883e-05, -5.11093250354972e-06, 0.0009680834198771015, -6.418673637815635e-05, 0.9968248031031633, -0.07962604974757179, -0.12012479653779064, -3.7831135118629886e-12, 0.07962604991159852, 0.996824805156591, 3.1225924623790036e-12, 0.0, 0.0, 0.0, 1.0]}, {"left_foot_pose": [0.9999999999884728, 4.7857713992069175e-06, 3.8960438747395467e-07, 0.00019842111184945638, -4.801603842573542e-06, 0.9967029138325225, 0.08113754700941074, -6.676505823770273e-05, -1.4076384766607103e-11, -0.08113754701034648, 0.9967029138440127, 1.2160543405581592e-11, 0.0, 0.0, 0.0, 1.0], "right_foot_pose": [0.9999999979400316, 6.39744956156621e-05, -5.215466289843433e-06, 0.0009680834190446233, -6.418673677555158e-05, 0.996693359867823, -0.08125479847647983, -0.1201247965385844, -1.4129376459943886e-11, 0.08125479864386106, 0.9966933619209802, 1.2173470564924571e-11, 0.0, 0.0, 0.0, 1.0]}, {"left_foot_pose": [0.9999999999884726, 4.7868063102377815e-06, 3.7666801888649733e-07, 0.00019842110949629203, -4.80160321603231e-06, 0.9969188587065152, 0.07843971654872697, -6.67650585686741e-05, -3.1721520918291894e-11, -0.07843971654963167, 0.9969188587180075, 2.7423299742146412e-11, 0.0, 0.0, 0.0, 1.0], "right_foot_pose": [0.999999997940031, 6.396013579154544e-05, -5.388719505062205e-06, 0.0009680834171101356, -6.418673748034963e-05, 0.9964696056508533, -0.08395427859314565, -0.12012479653951663, -3.1858944781307197e-11, 0.08395427876608663, 0.9964696077035498, 2.7733502994120585e-11, 0.0, 0.0, 0.0, 1.0]}, {"left_foot_pose": [0.9999999999884727, 4.788197453243285e-06, 3.5854006724669587e-07, 0.00019842110598419248, -4.801602422626433e-06, 0.9972091033466334, 0.07465925381055581, -6.676505868398117e-05, -5.61702594806638e-11, -0.07465925381141704, 0.997209103358129, 4.853738244658956e-11, 0.0, 0.0, 0.0, 1.0], "right_foot_pose": [0.9999999979400314, 6.393924043830448e-05, -5.631246251581127e-06, 0.0009680834140223212, -6.418673852256108e-05, 0.9961440138947815, -0.08773311496610565, -0.12012479654042821, -5.6488094218044094e-11, 0.08773311514682931, 0.9961440159468075, 4.924043117693344e-11, 0.0, 0.0, 0.0, 1.0]}, {"left_foot_pose": [0.9999999999884726, 4.7898816536748175e-06, 3.352776665187766e-07, 0.00019842110133042908, -4.801601541084392e-06, 0.9975604379728347, 0.06980811248266061, -6.676505844460494e-05, -8.71388830792212e-11, -0.06980811248346606, 0.997560437984334, 7.526697320958675e-11, 0.0, 0.0, 0.0, 1.0], "right_foot_pose": [0.9999999979400311, 6.391110859772905e-05, -5.9420353712429965e-06, 0.0009680834097304141, -6.418673995875857e-05, 0.9957056609987959, -0.0925755504170182, -0.12012479654116098, -8.779922121773606e-11, 0.09257555060771515, 0.9957056630499189, 7.637716153974239e-11, 0.0, 0.0, 0.0, 1.0]}, {"left_foot_pose": [0.9999999999884729, 4.791783106698224e-06, 3.0689322205726097e-07, 0.00019842109546816834, -4.801600646942962e-06, 0.9979570247978672, 0.063888783315496, -6.676505767408067e-05, -1.250543280029713e-10, -0.06388878331623339, 0.9979570248093715, 1.0802868322112857e-10, 0.0, 0.0, 0.0, 1.0], "right_foot_pose": [0.9999999979400311, 6.387478067482878e-05, -6.320619316047496e-06, 0.0009680834041028998, -6.418674189251893e-05, 0.9951395914719291, -0.09847430814757852, -0.1201247965415486, -1.263110775638173e-10, 0.09847430835042427, 0.9951395935218866, 1.0949557927020237e-10, 0.0, 0.0, 0.0, 1.0]}, {"left_foot_pose": [0.9999999999884727, 4.7938162734916355e-06, 2.732881567712144e-07, 0.0001984210882204164, -4.801599821755184e-06, 0.9983809954650174, 0.05688047003345119, -6.676505612826858e-05, -1.711793617123262e-10, -0.05688047003410802, 0.9983809954765261, 1.4800297792882944e-10, 0.0, 0.0, 0.0, 1.0], "right_foot_pose": [0.9999999979400309, 6.382893532241568e-05, -6.767952707043502e-06, 0.0009680833968916847, -6.418674448982057e-05, 0.9944252105749741, -0.10544428127205593, -0.12012479654138936, -1.7341371784609057e-10, 0.10544428148925664, 0.9944252126234606, 1.4972426770620828e-10, 0.0, 0.0, 0.0, 1.0]}, {"left_foot_pose": [0.9999999999884726, 4.795882773377399e-06, 2.3422874023673283e-07, 0.00019842107928873967, -4.801599173587912e-06, 0.9988117904731877, 0.048734045478397166, -6.67650534533562e-05, -2.2765837948847051e-10, -0.04873404547896036, 0.9988117904847017, 1.9718530974710546e-10, 0.0, 0.0, 0.0, 1.0], "right_foot_pose": [0.9999999979400305, 6.377179925757004e-05, -7.286716556310025e-06, 0.0009680833877053072, -6.418674799881241e-05, 0.9935348781475816, -0.11352727330616016, -0.12012479654040528, -2.314376107962732e-10, 0.11352727354000791, 0.9935348801942346, 1.990101070048489e-10, 0.0, 0.0, 0.0, 1.0]}, {"left_foot_pose": [0.9999999999884728, 4.797864283919017e-06, 1.8934123774396967e-07, 0.0001984210682539464, -4.801598869093444e-06, 0.9992246598493509, 0.03937104425709841, -6.676504912991182e-05, -2.9750696832686424e-10, -0.03937104425755401, 0.9992246598608698, 2.583978309100843e-10, 0.0, 0.0, 0.0, 1.0], "right_foot_pose": [0.9999999979400302, 6.370104781406872e-05, -7.881353878803009e-06, 0.0009680833759904945, -6.418675277248336e-05, 0.9924323578107501, -0.12279255291041014, -0.12012479653818761, -3.036715693844119e-10, 0.12279255316333954, 0.9924323598551329, 2.601155610348904e-10, 0.0, 0.0, 0.0, 1.0]}, {"left_foot_pose": [0.9999999999884726, 4.7996122261825905e-06, 1.381205156913112e-07, 0.00019842105458756255, -4.801599176071052e-06, 0.999588487274437, 0.028685468191194552, -6.676504240436809e-05, -3.8455367575764157e-10, -0.028685468191527393, 0.99958848728596, 3.3528127496573745e-10, 0.0, 0.0, 0.0, 1.0], "right_foot_pose": [0.9999999979400298, 6.361369450307465e-05, -8.557916831353704e-06, 0.0009680833610209793, -6.418675929398233e-05, 0.9910710946083632, -0.13333447158121053, -0.12012479653413188, -3.943402688268943e-10, 0.13333447185585032, 0.9910710966499432, 3.365968198609792e-10, 0.0, 0.0, 0.0, 1.0]}, {"left_foot_pose": [0.9999999999884728, 4.80093477000231e-06, 7.995694456522027e-08, 0.00019842103770466603, -4.801600517800362e-06, 0.9998630483310413, 0.016549457970082723, -6.676503222424052e-05, -4.931264274089762e-10, -0.01654945797027618, 0.9998630483425676, 4.320822449832562e-10, 0.0, 0.0, 0.0, 1.0], "right_foot_pose": [0.9999999979400296, 6.350598818591791e-05, -9.323662095051474e-06, 0.0009680833419280738, -6.418676818527797e-05, 0.9893926117092069, -0.14526615495459877, -0.12012479652737296, -5.083295774740713e-10, 0.14526615525381023, 0.9893926137473313, 4.3257546850083983e-10, 0.0, 0.0, 0.0, 1.0]}, {"left_foot_pose": [0.9999999999884726, 4.801582573709578e-06, 1.4198354936125531e-08, 0.00019842101714086368, -4.801603524793683e-06, 0.9999960055952861, 0.002826441299216376, -6.676501724688956e-05, -6.269070545328012e-10, -0.0028264412992522864, 0.9999960056068137, 5.527279467454349e-10, 0.0, 0.0, 0.0, 1.0], "right_foot_pose": [0.9999999979400285, 6.337337440634625e-05, -1.0186175043614347e-05, 0.0009680833178720873, -6.418678014390369e-05, 0.9873259099333314, -0.15870583938335953, -0.12012479651677174, -6.500360883390981e-10, 0.15870583971024757, 0.9873259119672011, 5.517997100912275e-10, 0.0, 0.0, 0.0, 1.0]}, {"left_foot_pose": [0.9999999999884726, 4.801237767156915e-06, -5.971362515575318e-08, 0.00019842099298436603, -4.80160902123898e-06, 0.9999206186503263, -0.01259985614578156, -6.676499610318472e-05, -7.86020400546422e-10, 0.012599856145922711, 0.9999206186618532, 6.983211647826337e-10, 0.0, 0.0, 0.0, 1.0], "right_foot_pose": [0.9999999979400274, 6.321066691595077e-05, -1.115151690733778e-05, 0.0009680832885324082, -6.418679568743295e-05, 0.9847901515881454, -0.17374795888025021, -0.12012479650110194, -8.203304928839423e-10, 0.17374795923811415, 0.9847901536167949, 6.951468081717316e-10, 0.0, 0.0, 0.0, 1.0]}, {"left_foot_pose": [0.9999999999884728, 4.79951935699147e-06, -1.4194373598739137e-07, 0.0001984209669089343, -4.8016177646432906e-06, 0.9995570294734233, -0.029761465138856667, -6.676496841164642e-05, -9.598691643151346e-10, 0.02976146513919482, 0.9995570294849461, 8.606940021804732e-10, 0.0, 0.0, 0.0, 1.0], "right_foot_pose": [0.9999999979400264, 6.301279630416406e-05, -1.2220255574846783e-05, 0.0009680832553921102, -6.418681440421026e-05, 0.9817063624174335, -0.19040119187963078, -0.12012479647982943, -1.0088717296891247e-09, 0.19040119227178845, 0.9817063644397348, 8.542580878789785e-10, 0.0, 0.0, 0.0, 1.0]}, {"left_foot_pose": [0.9999999999884724, 4.7960400209173894e-06, -2.3161804224578302e-07, 0.00019842094450206774, -4.801629469542958e-06, 0.9988247147404988, -0.048468435094468146, -6.676493768583043e-05, -1.1107298012281544e-09, 0.04846843509502124, 0.9988247147520132, 1.0070765263381354e-09, 0.0, 0.0, 0.0, 1.0], "right_foot_pose": [0.9999999979400251, 6.277698252314574e-05, -1.337908839976802e-05, 0.000968083224812204, -6.418683307131454e-05, 0.9780313843866536, -0.20845768643726414, -0.12012479645539054, -1.1761890963767462e-09, 0.20845768686660765, 0.9780313864013892, 9.965245087451002e-10, 0.0, 0.0, 0.0, 1.0]}, {"left_foot_pose": [0.9999999999884724, 4.790599006223781e-06, -3.2544097317019736e-07, 0.0001984209395870567, -4.801640277612668e-06, 0.9976843290848432, -0.06801455340933765, -6.676491779793875e-05, -1.1430931066913835e-09, 0.06801455341011589, 0.9976843290963446, 1.0501626998560276e-09, 0.0, 0.0, 0.0, 1.0], "right_foot_pose": [0.9999999979400245, 6.250824644158129e-05, -1.4583202724405755e-05, 0.0009680832140497278, -6.418684190247564e-05, 0.9738439740574558, -0.22721775914754294, -0.12012479643828376, -1.2195894127198124e-09, 0.2272177596155295, 0.973843976063568, 1.0360266533560036e-09, 0.0, 0.0, 0.0, 1.0]}, {"left_foot_pose": [0.9999999999881657, 4.846909030233493e-06, -4.208694021069265e-07, 0.00019925209582416276, -4.865147217658228e-06, 0.9962358446285188, -0.08668414995622399, -6.682814298536802e-05, -8.65005034092648e-10, 0.08668414995724531, 0.9962358446403092, 0.00019663320147293023, 0.0, 0.0, 0.0, 1.0], "right_foot_pose": [0.9999999979400258, 6.223176835693062e-05, -1.572117880716032e-05, 0.0009680832620569529, -6.418682462117836e-05, 0.9695374094991842, -0.2449432739669796, -0.12012479651677553, -9.82111252392738e-10, 0.2449432744714951, 0.9695374114964217, 8.005131349464456e-10, 0.0, 0.0, 0.0, 1.0]}, {"left_foot_pose": [0.9999999999782532, 6.558187516916821e-06, -6.959973790633461e-07, 0.00022189329206975176, -6.595015980445385e-06, 0.994411413529692, -0.10557433683612077, -6.852338256173839e-05, -2.685604514673573e-10, 0.10557433683841463, 0.9944114135513177, 0.005029447635984868, 0.0, 0.0, 0.0, 1.0], "right_foot_pose": [0.9999999979400275, 6.19794113331368e-05, -1.6688244829977025e-05, 0.0009680833598307463, -6.418679727381942e-05, 0.9656072842434239, -0.2600049393686478, -0.120124796717983, -6.623166319767096e-10, 0.26000493990420964, 0.9656072862325598, 4.587106389175588e-10, 0.0, 0.0, 0.0, 1.0]}, {"left_foot_pose": [0.9999999999462965, 1.0282630030778964e-05, -1.2943341048956093e-06, 0.0002712236807975677, -1.036377251460216e-05, 0.9921780198114324, -0.12483099332961267, -7.22080329102516e-05, 6.189280460133119e-10, 0.12483099333632262, 0.9921780198647155, 0.013763757632060551, 0.0, 0.0, 0.0, 1.0], "right_foot_pose": [0.9999999979400294, 6.177741030624012e-05, -1.742103914848017e-05, 0.0009680834265544623, -6.418676677519675e-05, 0.9624619590623749, -0.2714166045728859, -0.12012479673153241, -3.2747702756485663e-10, 0.2714166051319756, 0.962461961045024, 2.0256171739951867e-10, 0.0, 0.0, 0.0, 1.0]}, {"left_foot_pose": [0.9999999998762251, 1.5574651951984644e-05, -2.23186649533938e-06, 0.00034151785756163195, -1.5733753777101243e-05, 0.9899048364759309, -0.1417336038983362, -7.745297050433878e-05, 1.88388735234128e-09, 0.14173360391590836, 0.9899048365984526, 0.022945107957248134, 0.0, 0.0, 0.0, 1.0], "right_foot_pose": [0.9999999979400309, 6.16488415988777e-05, -1.787060162444834e-05, 0.0009680834462009309, -6.418674374740918e-05, 0.96046029683582, -0.2784169787963914, -0.12012479662819198, -8.088337817231156e-11, 0.2784169793699165, 0.9604602988143401, 4.251219515305493e-11, 0.0, 0.0, 0.0, 1.0]}, {"left_foot_pose": [0.9999999997520838, 2.201156697729738e-05, -3.365136148348106e-06, 0.0004270478065094258, -2.2267312649836886e-05, 0.9885355729001782, -0.1509881472668767, -8.383309060664215e-05, 3.071073738529025e-09, 0.15098814730437643, 0.9885355731452424, 0.02911905172014266, 0.0, 0.0, 0.0, 1.0], "right_foot_pose": [0.9999999979400311, 6.161177084227946e-05, -1.799796742640905e-05, 0.0009680834312272123, -6.418673646318796e-05, 0.9598832026169428, -0.28040013055258, -0.12012479652959306, -1.9740901918544115e-12, 0.28040013113019513, 0.9598832045942721, -7.211453656452704e-13, 0.0, 0.0, 0.0, 1.0]}, {"left_foot_pose": [0.9999999995640831, 2.9203762526166034e-05, -4.356046154397218e-06, 0.0005220778436444192, -2.9526850060090693e-05, 0.9890730580422815, -0.1474262018199462, -9.092659945464376e-05, 3.0481025779358826e-09, 0.14742620188430058, 0.9890730584734226, 0.030000000134924286, 0.0, 0.0, 0.0, 1.0], "right_foot_pose": [0.99999999794003, 6.16762035837093e-05, -1.7775958607247263e-05, 0.0009680834028363405, -6.41867493559144e-05, 0.9608862665108405, -0.27694327706394867, -0.12012479651733797, -1.35437643020205e-10, 0.2769432776344349, 0.9608862684902391, 1.0519317361623592e-10, 0.0, 0.0, 0.0, 1.0]}, {"left_foot_pose": [0.9999999993127336, 3.672868096366949e-05, -5.053482303452593e-06, 0.0006208808400960215, -3.707470408625755e-05, 0.9906755723573192, -0.1362420968715807, -9.830235449229813e-05, 2.3689633878763694e-09, 0.13624209696530204, 0.9906755730381657, 0.030000000456660694, 0.0, 0.0, 0.0, 1.0], "right_foot_pose": [0.9999999979400285, 6.1830439144094e-05, -1.7231929745731764e-05, 0.0009680833551081685, -6.418677906939042e-05, 0.9632874405526953, -0.2684721638335992, -0.12012479647966506, -4.502875412255134e-10, 0.26847216438661603, 0.9632874425370472, 3.5936366382660623e-10, 0.0, 0.0, 0.0, 1.0]}, {"left_foot_pose": [0.9999999990110655, 4.4161318010798026e-05, -5.258114565310333e-06, 0.0007177291765927047, -4.447324787324956e-05, 0.992988506781211, -0.11821092767824755, -0.00010553322029357992, 8.969607988555398e-10, 0.11821092779518974, 0.9929885077632075, 0.02989232353040902, 0.0, 0.0, 0.0, 1.0], "right_foot_pose": [0.9999999979400256, 6.206764264571857e-05, -1.635715676751074e-05, 0.0009680832739206177, -6.418682762170775e-05, 0.9669802062501817, -0.25485147949424863, -0.1201247964742661, -9.837324112566115e-10, 0.25485148001917474, 0.9669802082421526, 7.760749404228662e-10, 0.0, 0.0, 0.0, 1.0]}, {"left_foot_pose": [0.9999999986849332, 5.1078993447325124e-05, -4.59033062216809e-06, 0.000806890115142369, -5.128483892928515e-05, 0.9959833213727972, -0.08953893520183173, -0.00011219736128515942, -1.6659454861729178e-09, 0.089538935319496, 0.9959833226825902, 0.02539659795924696, 0.0, 0.0, 0.0, 1.0], "right_foot_pose": [0.9999999979400209, 6.238515084385145e-05, -1.5101350275659657e-05, 0.0009680831630979538, -6.418689759343832e-05, 0.9719230387296507, -0.23529896444005977, -0.12012479674964754, -1.811141416382517e-09, 0.2352989649246575, 0.9719230407318187, 1.3783815339118988e-09, 0.0, 0.0, 0.0, 1.0]}, {"left_foot_pose": [0.9999999983714074, 5.698794947864998e-05, -3.0919525471638235e-06, 0.0008826410365766463, -5.707176662864137e-05, 0.9985283390694711, -0.05423239638793326, -0.00011785674495545101, -3.190824284691676e-09, 0.054232396476073606, 0.9985283406956775, 0.016796170904330776, 0.0, 0.0, 0.0, 1.0], "right_foot_pose": [0.9999999979400165, 6.276060839942909e-05, -1.3456328204542385e-05, 0.0009680830338143902, -6.418696696142522e-05, 0.9777689991596273, -0.2096849545447042, -0.12012479697651358, -2.7747586940241148e-09, 0.2096849549764774, 0.9777690011738522, 2.1546273376582548e-09, 0.0, 0.0, 0.0, 1.0]}, {"left_foot_pose": [0.9999999981152383, 6.138735767433043e-05, -1.056874408379389e-06, 0.0009392551710537787, -6.139645470537611e-05, 0.9998507279115822, -0.017277677076367428, -0.00012208144067442535, -3.914296103358813e-09, 0.017277677108691134, 0.9998507297960676, 0.007545489222330004, 0.0, 0.0, 0.0, 1.0], "right_foot_pose": [0.9999999979400136, 6.315795327020449e-05, -1.1447529969510972e-05, 0.0009680828872571079, -6.418701573931246e-05, 0.9839572865530963, -0.17840418750437337, -0.12012479700867998, -3.762811093961551e-09, 0.17840418787164575, 0.9839572885800778, 3.017229147084244e-09, 0.0, 0.0, 0.0, 1.0]}, {"left_foot_pose": [0.9999999979634222, 6.380813554640179e-05, 1.2953152321848077e-06, 0.0009710008591361072, -6.38212815935058e-05, 0.9997954038352123, 0.020227367520991624, -0.00012444488873500185, -4.379607434541809e-09, -0.020227367562466018, 0.9997954058713681, 0.0010990034840551166, 0.0, 0.0, 0.0, 1.0], "right_foot_pose": [0.9999999979400134, 6.353437961542099e-05, -9.129947085240668e-06, 0.0009680827529253391, -6.418701820633427e-05, 0.9898221520673245, -0.1423098842555823, -0.12012479673004617, -4.5463373132801744e-09, 0.14230988454844973, 0.9898221541063863, 3.75946949265904e-09, 0.0, 0.0, 0.0, 1.0]}, {"left_foot_pose": [0.9999999979400402, 6.40730013896986e-05, 3.817194584142488e-06, 0.000975785153834254, -6.418660653970064e-05, 0.9982344631241186, 0.059396569862098056, -0.00012479660965239447, -4.7386833174835395e-09, -0.05939656998475654, 0.998234465180424, 4.041581243285908e-09, 0.0, 0.0, 0.0, 1.0], "right_foot_pose": [0.9999999979400171, 6.384343984895464e-05, -6.631822498993019e-06, 0.0009680827118510109, -6.418696019046608e-05, 0.9946404167577735, -0.10339457061160061, -0.12012479649650512, -4.786355433822735e-09, 0.1033945708242859, 0.9946404188067476, 4.035849480998888e-09, 0.0, 0.0, 0.0, 1.0]}, {"left_foot_pose": [0.9999999979400445, 6.387332776136638e-05, 6.333233720899845e-06, 0.0009757851788571735, -6.418653931292324e-05, 0.9951271029048289, 0.09860043075124549, -0.0001247967642400774, -4.434894160136737e-09, -0.09860043095464163, 0.9951271049547187, 3.7481689696416964e-09, 0.0, 0.0, 0.0, 1.0], "right_foot_pose": [0.9999999979400229, 6.40546494792566e-05, -4.117748679033859e-06, 0.0009680827800025566, -6.418686746318493e-05, 0.9979357047137652, -0.06422090888088663, -0.12012479664083306, -4.399377713011529e-09, 0.06422090901289824, 0.9979357067695078, 3.758329952807671e-09, 0.0, 0.0, 0.0, 1.0]}, {"left_foot_pose": [0.999999997940045, 6.360186484960217e-05, 8.643688880315373e-06, 0.0009757853042537504, -6.418652940715925e-05, 0.9908985564943277, 0.13461072252071055, -0.00012479680004954218, -3.525853288773313e-09, -0.13461072279822722, 0.990898558535504, 2.9498231635116667e-09, 0.0, 0.0, 0.0, 1.0], "right_foot_pose": [0.9999999979709198, 6.367911073025556e-05, -1.7695000322786538e-06, 0.0009680828675791749, -6.370369107674926e-05, 0.9996123439986281, -0.027841653460385668, -0.12012481984748696, -4.117658488267082e-09, 0.0278416535166162, 0.9996123460269288, 4.488202789193485e-05, 0.0, 0.0, 0.0, 1.0]}, {"left_foot_pose": [0.9999999979400429, 6.330274486002668e-05, 1.0614955344822005e-05, 0.0009757854937665317, -6.418656228116369e-05, 0.9862369426396013, 0.16533810466125906, -0.00012479642420956758, -2.5052507158151387e-09, -0.16533810500200738, 0.9862369446711808, 1.9897051783956954e-09, 0.0, 0.0, 0.0, 1.0], "right_foot_pose": [0.9999999998949753, 1.449298458431842e-05, 4.964686683972048e-08, 0.0009680803736170949, -1.4493069530499302e-05, 0.999994504430565, 0.0033152524216995215, -0.12012727403687286, -1.598691768044776e-09, -0.0033152524220710676, 0.9999945045355888, 0.004191585755483347, 0.0, 0.0, 0.0, 1.0]}, {"left_foot_pose": [0.9999999979400396, 6.301597403256533e-05, 1.220281707914214e-05, 0.0009757856456199162, -6.418661640466076e-05, 0.9817665016755603, 0.19009085214131377, -0.00012479637064771992, -1.5568322307065432e-09, -0.19009085253299193, 0.9817665036979418, 1.1763451462920571e-09, 0.0, 0.0, 0.0, 1.0], "right_foot_pose": [0.9999999944750954, -0.00010506813675050035, -3.2397747216630383e-06, 0.0009680771312527625, 0.00010511807344898029, 0.9995283336427133, 0.03070992014986664, -0.12013325263923633, 1.1612538897690159e-08, -0.030709920320756333, 0.9995283391649749, 0.012646192959149392, 0.0, 0.0, 0.0, 1.0]}, {"left_foot_pose": [0.999999997940036, 6.277550943718708e-05, 1.3385226167560413e-05, 0.0009757857428724315, -6.4186672012212e-05, 0.9780172592863613, 0.2085239468695775, -0.0001247965177331497, -7.85217032190395e-10, -0.20852394729917903, 0.9780172613010314, 5.648014070325225e-10, 0.0, 0.0, 0.0, 1.0], "right_foot_pose": [0.9999999606904699, -0.0002799701151461507, -1.535554754067168e-05, 0.0009680765236338997, 0.0002803909008564324, 0.998505201152457, 0.054656057783504484, -0.12014201836392617, 3.053129482841796e-08, -0.05465605994055656, 0.9985052404027599, 0.02195424651599017, 0.0, 0.0, 0.0, 1.0]}, {"left_foot_pose": [0.9999999979400331, 6.260826364174176e-05, 1.4147074866909229e-05, 0.0009757857972701347, -6.418671516307619e-05, 0.9754092955790253, 0.220401229529456, -0.00012479671445535072, -2.500454661225836e-10, -0.22040122998349132, 0.9754092975883328, 1.73981121176503e-10, 0.0, 0.0, 0.0, 1.0], "right_foot_pose": [0.9999998767010321, -0.0004952739277429756, -3.607847929093075e-05, 0.0009680799169681316, 0.0004965862641788433, 0.99736431709038, 0.07255461664788743, -0.12015283300813488, 4.897789633805311e-08, -0.07255462561805551, 0.9973644400626189, 0.02866129909467406, 0.0, 0.0, 0.0, 1.0]}, {"left_foot_pose": [0.9999999979400318, 6.253296580568337e-05, 1.4476365555348128e-05, 0.0009757858249109143, -6.418673517253067e-05, 0.9742350709886957, 0.2255349692081365, -0.0001247967840997937, -1.2507306096062384e-11, -0.2255349696727325, 0.9742350729955889, 1.211884065321911e-11, 0.0, 0.0, 0.0, 1.0], "right_foot_pose": [0.9999997269655037, -0.0007365872221248908, -5.92299138355501e-05, 0.0009680808408568455, 0.0007389647589750504, 0.9967887347104691, 0.08007291855169771, -0.12016495403721576, 5.9022225685784344e-08, -0.08007294045784788, 0.996789006864758, 0.030000000016443172, 0.0, 0.0, 0.0, 1.0]}, {"left_foot_pose": [0.9999999979400321, 6.254954276921373e-05, 1.4404551628376374e-05, 0.000975785821888167, -6.418673077986827e-05, 0.9744935687254187, 0.22441541924043823, -0.00012479679249164516, -6.105873555514988e-11, -0.224415419702731, 0.9744935707328436, 4.6228153249838755e-11, 0.0, 0.0, 0.0, 1.0], "right_foot_pose": [0.9999995071866489, -0.0009897021581844773, -7.820548236569185e-05, 0.0009680800216590378, 0.000992787215832732, 0.9968967054952026, 0.07871450277017229, -0.12017764518022499, 5.887444979689448e-08, -0.07871454162001763, 0.9968971967748465, 0.030000000057695216, 0.0, 0.0, 0.0, 1.0]}, {"left_foot_pose": [0.9999999979400339, 6.26547328642057e-05, 1.3939780138026972e-05, 0.000975785778110988, -6.418670438967954e-05, 0.9761338313189305, 0.2171698396064551, -0.00012479681301214192, -3.7270753653180287e-10, -0.21716984005384135, 0.9761338333297284, 2.9513713695195065e-10, 0.0, 0.0, 0.0, 1.0], "right_foot_pose": [0.9999992270840343, -0.0012403177886719822, -8.627349811339823e-05, 0.0009680791532238372, 0.0012433146548458062, 0.9975915877856139, 0.06935040121042282, -0.12019017146170727, 4.9179693893586334e-08, -0.06935045487349523, 0.997592358836432, 0.02999106037419652, 0.0, 0.0, 0.0, 1.0]}, {"left_foot_pose": [0.9999999979400371, 6.284578560541354e-05, 1.305119885330772e-05, 0.0009757856991265871, -6.418665405526441e-05, 0.979113057592734, 0.2033165421983209, -0.00012479658729223648, -1.0113937241583534e-09, -0.20331654261720936, 0.9791130596096578, 7.889127476290447e-10, 0.0, 0.0, 0.0, 1.0], "right_foot_pose": [0.9999989109944437, -0.001473952815361141, -7.397989534101216e-05, 0.0009680743717561745, 0.0014758082280225391, 0.9987427280017128, 0.05010773646624539, -0.12020179048405809, 3.044325446609873e-08, -0.0501077910787804, 0.9987438156370254, 0.02620535004113176, 0.0, 0.0, 0.0, 1.0]}, {"left_foot_pose": [0.999999997940041, 6.310548235778157e-05, 1.173103378543258e-05, 0.0009757855907302041, -6.418659559239489e-05, 0.9831620380089776, 0.18273588289691542, -0.00012479635176556973, -1.871050586269518e-09, -0.18273588327346232, 0.9831620400342298, 1.490489912048254e-09, 0.0, 0.0, 0.0, 1.0], "right_foot_pose": [0.9999985962997845, -0.001675068293517235, -3.9302322590458677e-05, 0.0009680712457957433, 0.00167552930753609, 0.999723588146753, 0.023450797524199665, -0.12021177239766892, 9.771572036598665e-09, -0.02345083045850367, 0.9997249914605549, 0.017908532575044503, 0.0, 0.0, 0.0, 1.0]}, {"left_foot_pose": [0.9999999979400438, 6.340162388806049e-05, 1.0007349231787551e-05, 0.0009757854510917299, -6.418654798467025e-05, 0.9877780980555815, 0.15586668945539958, -0.00012479626913050948, -2.8391695692244853e-09, -0.15586668977665843, 0.9877781000903328, 2.3179981128995664e-09, 0.0, 0.0, 0.0, 1.0], "right_foot_pose": [0.9999983296834423, -0.0018276994066845028, 1.2050063969330561e-05, 0.0009680724617477694, 0.0018277391294186918, 0.9999766156985921, -0.006589948836315139, -0.12021938307699254, -5.336609199028715e-09, 0.006589959853387718, 0.9999782859788157, 0.0085550548612075, 0.0, 0.0, 0.0, 1.0]}, {"left_foot_pose": [0.9999999979400449, 6.36942841565172e-05, 7.93407017651733e-06, 0.0009757853013399332, -6.418653511451463e-05, 0.9923380613820227, 0.12355228776780576, -0.00012479647464883926, -3.70529280809894e-09, -0.12355228802255429, 0.9923380634261657, 3.0920964261271777e-09, 0.0, 0.0, 0.0, 1.0], "right_foot_pose": [0.9999981612143968, -0.0019162446147446184, 7.466191474232835e-05, 0.0009680753057993714, 0.0019176985751046631, 0.9992401779527629, -0.038928000168335475, -0.12022388537683198, -9.614288194271065e-09, 0.038928071767136536, 0.9992420153438769, 0.0015993663874156391, 0.0, 0.0, 0.0, 1.0]}, {"left_foot_pose": [0.9999999979400421, 6.393886641605814e-05, 5.633627855493549e-06, 0.0009757851980939002, -6.418657480054112e-05, 0.9961463919814755, 0.08770610937883899, -0.00012479676250344574, -4.088850635136628e-09, -0.08770610955977165, 0.9961463940334724, 3.4764059200775854e-09, 0.0, 0.0, 0.0, 1.0], "right_foot_pose": [0.999998126314358, -0.0019304352432679404, 0.00014417886329522287, 0.0009680763827882524, 0.0019358119157231, 0.9972208116637397, -0.07447754975117978, -0.1202247966374484, -4.0762080627873674e-09, 0.07447768930682554, 0.9972226801449696, 3.4709819810019304e-09, 0.0, 0.0, 0.0, 1.0]}, {"left_foot_pose": [0.9999999979400375, 6.410313587784238e-05, 3.2731385889427983e-06, 0.0009757852073216776, -6.41866454206593e-05, 0.9987020491423415, 0.05093341652553275, -0.00012479664204881856, -3.898496035326937e-09, -0.05093341663070391, 0.9987020511996179, 3.3707846236463723e-09, 0.0, 0.0, 0.0, 1.0], "right_foot_pose": [0.9999981263144666, -0.0019238229135409171, 0.00021511148909932154, 0.0009680763601407918, 0.0019358118595029106, 0.9938051255768846, -0.11111986775350959, -0.12022479651745122, -3.952703597128304e-09, 0.11112007596519247, 0.9938069876578097, 3.3522862680213095e-09, 0.0, 0.0, 0.0, 1.0]}, {"left_foot_pose": [0.9999999979400332, 6.417822256257356e-05, 1.043974297231191e-06, 0.0009757853784974987, -6.418671298310619e-05, 0.9998685201965581, 0.016215369253021243, -0.00012479658376732435, -3.163458934738821e-09, -0.016215369286627715, 0.9998685222562511, 2.76331914988992e-09, 0.0, 0.0, 0.0, 1.0], "right_foot_pose": [0.9999981263144818, -0.0019152528692317281, 0.00028137869963092236, 0.0009680765091759658, 0.0019358118518326987, 0.989378049492522, -0.14535242624341413, -0.12022479643196599, -3.2575972789855055e-09, 0.14535269859489947, 0.9893799032784022, 2.737524172624628e-09, 0.0, 0.0, 0.0, 1.0]}, {"left_foot_pose": [0.9999999998760695, -1.5741962587397344e-05, 2.3054963499441817e-07, 0.0009709834876853365, 1.5743648219016697e-05, 0.9999009294488106, -0.014075902796729342, -0.00012480779081222929, -8.944459310230442e-09, 0.014075902798614268, 0.9999009295727278, 0.003413347211411455, 0.0, 0.0, 0.0, 1.0], "right_foot_pose": [0.9999981263144202, -0.0019059795498380411, 0.00033854040290172497, 0.000968076691926236, 0.0019358118836272163, 0.9845876084179555, -0.17488137116960745, -0.12022479683283796, -2.3685491458342814e-09, 0.17488169884743895, 0.9845894532282142, 1.868982704711364e-09, 0.0, 0.0, 0.0, 1.0]}, {"left_foot_pose": [0.9999999712165021, -0.00023972685879203323, 9.901004932648335e-06, 0.0009575179994019196, 0.00023993123051902374, 0.9991544667057625, -0.041113186387443885, -0.00012482293205613032, -3.6698275951409304e-08, 0.041113187579622484, 0.9991544954645616, 0.011540439779330128, 0.0, 0.0, 0.0, 1.0], "right_foot_pose": [0.9999981263143196, -0.0018971347801620482, 0.0003850291877310487, 0.0009680768422324851, 0.0019358119354687374, 0.9800185079965491, -0.19889689946393976, -0.12022479692327218, -1.5044559953745085e-09, 0.19889727213776437, 0.9800203442460549, 1.1197141547292233e-09, 0.0, 0.0, 0.0, 1.0]}, {"left_foot_pose": [0.9999998324314203, -0.0005776745724417402, 3.780503695583846e-05, 0.0009371618058445691, 0.0005789102924811606, 0.9978737885423451, -0.06517336114564842, -0.00012484038498892722, -7.566191868972857e-08, 0.06517337211036547, 0.9978739557518072, 0.02092738458314858, 0.0, 0.0, 0.0, 1.0], "right_foot_pose": [0.9999981263142157, -0.0018897023293595581, 0.00041999186182657753, 0.0009680769360321986, 0.0019358119892145577, 0.976178972266531, -0.21695821426394982, -0.12022479680406219, -7.811699932008484e-10, 0.2169586207777093, 0.9761808013222929, 5.487766560619001e-10, 0.0, 0.0, 0.0, 1.0]}, {"left_foot_pose": [0.999999496792273, -0.00099967617362653, 8.404017141390575e-05, 0.0009116869426404779, 0.0010032024669580847, 0.9964939033350676, -0.08365939397851299, -0.00012485941052331473, -1.1321558901163387e-07, 0.08365943618976639, 0.9964944047692385, 0.028119733892592078, 0.0, 0.0, 0.0, 1.0], "right_foot_pose": [0.9999981263141331, -0.0018844714152146263, 0.00044287211251865864, 0.0009680769830523473, 0.0019358120318894053, 0.9734767186541754, -0.22877790730329897, -0.12022479661826802, -2.6413257222444973e-10, 0.22877833596253125, 0.9734785426470454, 1.7542056002239903e-10, 0.0, 0.0, 0.0, 1.0]}, {"left_foot_pose": [0.9999988998674418, -0.0014770536202134176, 0.00013629567166181239, 0.0008828577932944768, 0.0014833286517066866, 0.9957768645831396, -0.09179452977756149, -0.0001248837464666551, -1.3463406003816163e-07, 0.09179463096268507, 0.9957779600525449, 0.030000000019666205, 0.0, 0.0, 0.0, 1.0], "right_foot_pose": [0.9999981263140921, -0.0018820209570118123, 0.00045317261885170827, 0.0009680770003654146, 0.001935812053146891, 0.9722108258231413, -0.23409904481646415, -0.12022479653657474, -1.7653514731636904e-11, 0.2340994834454003, 0.9722126474442703, 1.5932456742806522e-11, 0.0, 0.0, 0.0, 1.0]}, {"left_foot_pose": [0.9999980203256265, -0.0019815756225543936, 0.00018083937901467088, 0.0008524435528617226, 0.0019898102448041004, 0.995865853565364, -0.09081432903303308, -0.00012491219716489511, -1.3630195042931775e-07, 0.09081450908628177, 0.9958678250347281, 0.030000000045806705, 0.0, 0.0, 0.0, 1.0], "right_foot_pose": [0.9999981263140971, -0.0018823697571164802, 0.00045172158722246784, 0.0009680769910265088, 0.0019358120505022721, 0.9723910129560286, -0.23334946015376634, -0.1202247965303938, -4.514042392839187e-11, 0.23334989737826428, 0.9723928349147546, 3.586181351877826e-11, 0.0, 0.0, 0.0, 1.0]}, {"left_foot_pose": [0.999996892048717, -0.0024847335884829683, 0.0002049192581993026, 0.0008222167044829185, 0.0024931692469386075, 0.9966173258142756, -0.08214432417342694, -0.0001249404262184499, -1.1932173761353004e-07, 0.0821445797712615, 0.9966204232375481, 0.03000000032529336, 0.0, 0.0, 0.0, 1.0], "right_foot_pose": [0.9999981263141433, -0.0018854034472549895, 0.0004388872791871868, 0.0009680769440615438, 0.0019358120267095767, 0.9739581944753495, -0.2267194037706405, -0.120224796503014, -3.16586634078806e-10, 0.22671982857297343, 0.9739600193703237, 2.563241424669016e-10, 0.0, 0.0, 0.0, 1.0]}, {"left_foot_pose": [0.9999956075567188, -0.002958759901745836, 0.0001749488898158856, 0.0007939440158900348, 0.0029639276752346845, 0.998253627588159, -0.05899923846811953, -0.00012497232806284696, -7.878288834529072e-08, 0.05899949785316683, 0.9982580123660761, 0.026951665048749233, 0.0, 0.0, 0.0, 1.0], "right_foot_pose": [0.9999981263142506, -0.0018926634438002953, 0.000406439511971405, 0.0009680768534904202, 0.0019358119713414458, 0.9777086484226326, -0.2099572609642286, -0.12022479670503518, -9.93327688563525e-10, 0.20995765436077343, 0.9777104803444228, 7.763364673341044e-10, 0.0, 0.0, 0.0, 1.0]}, {"left_foot_pose": [0.9999943127372889, -0.003370901573812123, 0.0001073110325022769, 0.0007693994281173179, 0.003372609238656587, 0.9994883294972435, -0.03180730585468959, -0.00012500001051767191, -3.682724837720544e-08, 0.03180748687636436, 0.9994940138783269, 0.019006269464851906, 0.0, 0.0, 0.0, 1.0], "right_foot_pose": [0.9999981263143669, -0.0019006976821968073, 0.0003670368866748466, 0.0009680767458840981, 0.0019358119111331663, 0.9818590626570339, -0.18960230407485945, -0.12022479694799018, -1.8336168432827702e-09, 0.1896026593341232, 0.9818609023550272, 1.4567135761534011e-09, 0.0, 0.0, 0.0, 1.0]}, {"left_foot_pose": [0.9999931928991289, -0.003689734019467935, 4.2745425367167775e-06, 0.0007503571099546239, 0.003689736495486019, 0.9999925230157397, -0.0011574788163234025, -0.00012501808989717408, -3.7216110633038426e-09, 0.0011574867091836236, 0.9999993301120351, 0.009597808175711861, 0.0, 0.0, 0.0, 1.0], "right_foot_pose": [0.9999981263144682, -0.0019099126618131966, 0.0003155965420196397, 0.0009680766115244156, 0.001935811858906058, 0.9866194024269609, -0.16302885446175927, -0.12022479705263309, -2.798317985966436e-09, 0.16302915993248185, 0.9866212510440412, 2.2766900725779138e-09, 0.0, 0.0, 0.0, 1.0]}, {"left_foot_pose": [0.9999924501277834, -0.003883900707040923, -0.00012248563691318027, 0.0007385846898558708, 0.0038858316269925488, 0.9994956088010568, 0.03151869762493912, -0.00012502508433592102, 8.364245370017876e-09, -0.031518935621361696, 0.9995031549211324, 0.0021807297995751554, 0.0, 0.0, 0.0, 1.0], "right_foot_pose": [0.9999981263145072, -0.0019191414576189784, 0.0002535025443961707, 0.0009680764677056272, 0.0019358118385715375, 0.9913868216288618, -0.13095198560216267, -0.12022479688129684, -3.6972372487962594e-09, 0.13095223097255337, 0.9913886791785103, 3.0759830446647207e-09, 0.0, 0.0, 0.0, 1.0]}, {"left_foot_pose": [0.999992254696473, -0.003926936738526208, -0.00026403582493138126, 0.0007355854006880863, 0.003935803229992492, 0.997739423486738, 0.06708615560074008, -0.0001250214448791781, -4.137328428499651e-09, -0.06708667519115538, 0.9977471513423614, 3.5136648035560825e-09, 0.0, 0.0, 0.0, 1.0], "right_foot_pose": [0.9999981263144435, -0.001927039234518874, 0.00018408528129716764, 0.0009680764073764676, 0.0019358118715794993, 0.9954665781670099, -0.09509229403512458, -0.12022479652931625, -4.16355781530837e-09, 0.09509247221653942, 0.9954684433610874, 3.515734883774435e-09, 0.0, 0.0, 0.0, 1.0]}, {"left_foot_pose": [0.9999922546962148, -0.003914393870427683, -0.0004099612284724066, 0.0007355854273282092, 0.003935803295602804, 0.9945525294868544, 0.1041622558497986, -0.0001250215740220056, -4.1190596350077645e-09, -0.10416306260823846, 0.9945602326596782, 3.4591848066534148e-09, 0.0, 0.0, 0.0, 1.0], "right_foot_pose": [0.9999981263143057, -0.0019325564277491727, 0.0001122209020652115, 0.0009680764725125995, 0.0019358119426428047, 0.9983165205265919, -0.0579687629314411, -0.1202247966501255, -4.075068418986561e-09, 0.05796887155476151, 0.9983183910610219, 3.47436118069977e-09, 0.0, 0.0, 0.0, 1.0]}, {"left_foot_pose": [0.9999922546961558, -0.0038975055202927615, -0.0005477211141205878, 0.00073558546900893, 0.003935803310577973, 0.9902615928128707, 0.1391635270177404, -0.00012502166330635289, -3.4318889979639217e-09, -0.13916460487651408, 0.9902692627510784, 2.8810384009037016e-09, 0.0, 0.0, 0.0, 1.0], "right_foot_pose": [0.9999981263141601, -0.0019353200948382743, 4.363827775773321e-05, 0.0009680765388123537, 0.001935812017929285, 0.9997440485158721, -0.022540853775424058, -0.12022479672969617, -3.3412093590792826e-09, 0.022540896016447848, 0.9997459217255029, 2.905374864303756e-09, 0.0, 0.0, 0.0, 1.0]}, {"left_foot_pose": [0.9999922546962721, -0.0038787975062612888, -0.0006674409129251288, 0.0007355856229678708, 0.0039358032810115256, 0.985508360333119, 0.16958119343270772, -0.0001250212943244202, -2.510479797648915e-09, -0.16958250689099322, 0.985515993455493, 2.0031990580204884e-09, 0.0, 0.0, 0.0, 1.0], "right_foot_pose": [0.999998003432213, -0.0019982100780812097, -1.69726806105006e-05, 0.0009718262048122031, 0.0019982821592636544, 0.9999619364820161, 0.008493082805939857, -0.1202247795401887, 1.0709136607602703e-09, -0.008493099765129365, 0.999963932977775, 0.002700358945396421, 0.0, 0.0, 0.0, 1.0]}, {"left_foot_pose": [0.9999922546964745, -0.0038606202848848604, -0.0007656096123097446, 0.0007355857722326536, 0.003935803229650209, 0.980890009683204, 0.19452325916615382, -0.00012502116968370145, -1.6201870408881689e-09, -0.1945247658132537, 0.9808976070341388, 1.2240409519304052e-09, 0.0, 0.0, 0.0, 1.0], "right_foot_pose": [0.9999975645142254, -0.0022055960553448704, -7.94459440035905e-05, 0.0009843582034750624, 0.0022070264195623904, 0.9993499095412745, 0.03598454299042259, -0.12022473975146877, 2.6930880328540733e-08, -0.03598463068987757, 0.9993523434475512, 0.010452124207823696, 0.0, 0.0, 0.0, 1.0]}, {"left_foot_pose": [0.999992254696691, -0.0038450381214469695, -0.0008403740083800929, 0.0007355858734151334, 0.003935803174619178, 0.9769310061603381, 0.2135188953135552, -0.0001250212721871525, -8.665723379818658e-10, -0.21352054909163898, 0.9769385728466279, 6.215725226188518e-10, 0.0, 0.0, 0.0, 1.0], "right_foot_pose": [0.9999967893416356, -0.002529373066561886, -0.00015355230582501117, 0.0010039936743755488, 0.0025340296794170397, 0.9981607323070892, 0.06057005178930366, -0.12022468320936411, 6.562439352889266e-08, -0.06057024642566074, 0.9981639370604061, 0.01987014776936185, 0.0, 0.0, 0.0, 1.0]}, {"left_foot_pose": [0.9999922546968681, -0.0038337157061912584, -0.0008906010099331979, 0.0007355859332102797, 0.003935803129577718, 0.9740542946812663, 0.22628022553176547, -0.00012502146143149838, -3.160488943196909e-10, -0.22628197815306828, 0.9740618390857609, 2.16235737648951e-10, 0.0, 0.0, 0.0, 1.0], "right_foot_pose": [0.9999956492905747, -0.0029403366902948018, -0.00023626271290769357, 0.001028964676281507, 0.002949813538290801, 0.9967858314189321, 0.08005813439343662, -0.12022461450532705, 1.054548053560054e-07, -0.08005848301470608, 0.9967901681383963, 0.027499981309622022, 0.0, 0.0, 0.0, 1.0]}, {"left_foot_pose": [0.9999922546969673, -0.003828805032692982, -0.0009114812657602251, 0.0007355859679006234, 0.003935803104349748, 0.9728066345210247, 0.23158532182718744, -0.0001250215671137686, -2.313697487381623e-11, -0.23158711553948758, 0.9728141692615815, 2.169651264205541e-11, 0.0, 0.0, 0.0, 1.0], "right_foot_pose": [0.9999941350168188, -0.003411458349657176, -0.0003031235603576346, 0.0010574963626413276, 0.003424898822986202, 0.9960731441492167, 0.08846785615547471, -0.12022453401962344, 1.2883127314349893e-07, -0.08846837546051158, 0.9960789860966657, 0.03000000002705272, 0.0, 0.0, 0.0, 1.0]}, {"left_foot_pose": [0.9999922546969604, -0.003829175308023153, -0.0009099244751597375, 0.0007355859691613328, 0.003935803106110747, 0.9729007110478206, 0.2311897832875737, -0.00012502157254199765, -4.074960449536639e-11, -0.2311915739362184, 0.9729082465170571, 3.0232850944944545e-11, 0.0, 0.0, 0.0, 1.0], "right_foot_pose": [0.999992278278523, -0.0039145662846991405, -0.0003457660074942727, 0.0010878161549356617, 0.003929807032392315