{"LoopMode": "Wrap", "FrameDuration": 0.0167, "EnableCycleOffsetPosition": true, "EnableCycleOffsetRotation": false, "Debug_info": [{"left_foot_pose": [0.9999999999884726, 4.785130400566569e-06, 3.974043959464019e-07, 0.00019842111302271817, -4.801604232063508e-06, 0.9965691632582974, 0.08276413969590064, -6.676505781610075e-05, -3.765537745234218e-12, -0.08276413969685505, 0.9965691632697854, 3.2324837251351823e-12, 0.0, 0.0, 0.0, 1.0], "right_foot_pose": [0.9999999979400312, 6.398293128510394e-05, -5.110932503438697e-06, 0.0009680834198771603, -6.418673637819799e-05, 0.9968248031031633, -0.07962604974757198, -0.12012479653779061, -3.783280045316682e-12, 0.07962604991159872, 0.996824805156591, 3.1225994012729075e-12, 0.0, 0.0, 0.0, 1.0]}, {"left_foot_pose": [0.9999999999884724, 4.785771399304062e-06, 3.896043873074212e-07, 0.0001984211118494707, -4.801603842663748e-06, 0.9967029138325225, 0.08113754700941078, -6.676505823768886e-05, -1.407621823315341e-11, -0.08113754701034653, 0.9967029138440126, 1.2160585038945015e-11, 0.0, 0.0, 0.0, 1.0], "right_foot_pose": [0.9999999979400315, 6.397449561567424e-05, -5.215466289843433e-06, 0.000968083419044686, -6.418673677555158e-05, 0.996693359867823, -0.0812547984764798, -0.12012479653858443, -1.4129320948792655e-11, 0.08125479864386104, 0.9966933619209801, 1.2173491381606283e-11, 0.0, 0.0, 0.0, 1.0]}, {"left_foot_pose": [0.9999999999884728, 4.786806310327987e-06, 3.7666801877547503e-07, 0.0001984211094962903, -4.8016032161155765e-06, 0.9969188587065152, 0.07843971654872692, -6.676505856865328e-05, -3.17213543848382e-11, -0.07843971654963162, 0.9969188587180075, 2.742331361993422e-11, 0.0, 0.0, 0.0, 1.0], "right_foot_pose": [0.9999999979400311, 6.396013579157493e-05, -5.388719505117716e-06, 0.0009680834171102144, -6.418673748039126e-05, 0.9964696056508533, -0.08395427859314573, -0.1201247965395166, -3.1858944781307197e-11, 0.08395427876608669, 0.9964696077035496, 2.7733523810802296e-11, 0.0, 0.0, 0.0, 1.0]}, {"left_foot_pose": [0.9999999999884727, 4.7881974533334906e-06, 3.5854006735771817e-07, 0.00019842110598418934, -4.801602422716639e-06, 0.9972091033466334, 0.07465925381055583, -6.676505868395514e-05, -5.617014845836134e-11, -0.07465925381141705, 0.997209103358129, 4.853738244658956e-11, 0.0, 0.0, 0.0, 1.0], "right_foot_pose": [0.9999999979400311, 6.393924043832876e-05, -5.631246251636638e-06, 0.0009680834140223721, -6.418673852259578e-05, 0.9961440138947815, -0.08773311496610557, -0.12012479654042821, -5.648803870689286e-11, 0.08773311514682922, 0.9961440159468075, 4.9240438115827345e-11, 0.0, 0.0, 0.0, 1.0]}, {"left_foot_pose": [0.9999999999884728, 4.789881653758084e-06, 3.352776665187766e-07, 0.00019842110133043696, -4.80160154116072e-06, 0.9975604379728347, 0.06980811248266064, -6.676505844459106e-05, -8.713860552346504e-11, -0.06980811248346612, 0.997560437984334, 7.526700790405627e-11, 0.0, 0.0, 0.0, 1.0], "right_foot_pose": [0.999999997940031, 6.391110859776375e-05, -5.942035370965441e-06, 0.0009680834097304179, -6.418673995875857e-05, 0.9957056609987958, -0.0925755504170185, -0.12012479654116094, -8.779955428464344e-11, 0.09257555060771547, 0.9957056630499187, 7.637716847863629e-11, 0.0, 0.0, 0.0, 1.0]}, {"left_foot_pose": [0.9999999999884728, 4.79178310678149e-06, 3.068932218907275e-07, 0.00019842109546817552, -4.80160064701929e-06, 0.9979570247978672, 0.06388878331549601, -6.676505767407026e-05, -1.2505421698066884e-10, -0.06388878331623343, 0.9979570248093713, 1.080287179155981e-10, 0.0, 0.0, 0.0, 1.0], "right_foot_pose": [0.9999999979400311, 6.387478067487389e-05, -6.320619316103007e-06, 0.0009680834041029649, -6.418674189256057e-05, 0.9951395914719291, -0.09847430814757847, -0.12012479654154863, -1.2631102205266606e-10, 0.09847430835042421, 0.9951395935218865, 1.0949558620909627e-10, 0.0, 0.0, 0.0, 1.0]}, {"left_foot_pose": [0.9999999999884726, 4.793816273578372e-06, 2.7328815649365865e-07, 0.00019842108822044864, -4.801599821834981e-06, 0.9983809954650174, 0.056880470033451154, -6.676505612825644e-05, -1.7117902864541882e-10, -0.05688047003410798, 0.9983809954765263, 1.4800297792882944e-10, 0.0, 0.0, 0.0, 1.0], "right_foot_pose": [0.9999999979400307, 6.382893532243997e-05, -6.767952707154524e-06, 0.0009680833968917516, -6.41867444898622e-05, 0.9944252105749741, -0.1054442812720559, -0.12012479654138936, -1.734136068237881e-10, 0.10544428148925664, 0.9944252126234602, 1.497243093395717e-10, 0.0, 0.0, 0.0, 1.0]}, {"left_foot_pose": [0.9999999999884727, 4.795882773471074e-06, 2.3422874045877743e-07, 0.00019842107928873243, -4.8015991736989345e-06, 0.9988117904731877, 0.04873404547839731, -6.676505345333886e-05, -2.276587125553779e-10, -0.04873404547896051, 0.9988117904847017, 1.9718523341927252e-10, 0.0, 0.0, 0.0, 1.0], "right_foot_pose": [0.9999999979400307, 6.377179925760126e-05, -7.286716556421047e-06, 0.0009680833877053881, -6.418674799885404e-05, 0.9935348781475816, -0.11352727330616025, -0.12012479654040525, -2.314376107962732e-10, 0.11352727354000802, 0.9935348801942345, 1.9901015557710622e-10, 0.0, 0.0, 0.0, 1.0]}, {"left_foot_pose": [0.9999999999884727, 4.797864284004018e-06, 1.8934123779948082e-07, 0.00019842106825393834, -4.801598869183649e-06, 0.9992246598493509, 0.03937104425709858, -6.676504912989621e-05, -2.9750713486031794e-10, -0.039371044257554166, 0.9992246598608698, 2.583978378489782e-10, 0.0, 0.0, 0.0, 1.0], "right_foot_pose": [0.9999999979400304, 6.370104781408954e-05, -7.881353878914031e-06, 0.0009680833759905752, -6.418675277253193e-05, 0.9924323578107502, -0.12279255291040987, -0.12012479653818758, -3.0367145836210943e-10, 0.12279255316333926, 0.9924323598551331, 2.601155055237392e-10, 0.0, 0.0, 0.0, 1.0]}, {"left_foot_pose": [0.9999999999884726, 4.799612226270194e-06, 1.381205158023335e-07, 0.0001984210545875594, -4.801599176161258e-06, 0.999588487274437, 0.028685468191194628, -6.676504240434207e-05, -3.8455384229109526e-10, -0.028685468191527473, 0.99958848728596, 3.3528126108794964e-10, 0.0, 0.0, 0.0, 1.0], "right_foot_pose": [0.9999999979400298, 6.361369450309547e-05, -8.557916831520237e-06, 0.0009680833610210829, -6.418675929401008e-05, 0.9910710946083632, -0.13333447158121037, -0.12012479653413193, -3.9434037984919675e-10, 0.13333447185585015, 0.9910710966499432, 3.365968059831914e-10, 0.0, 0.0, 0.0, 1.0]}, {"left_foot_pose": [0.9999999999884727, 4.800934770083408e-06, 7.995694484277603e-08, 0.00019842103770464266, -4.801600517885364e-06, 0.9998630483310413, 0.016549457970082893, -6.676503222422837e-05, -4.931264829201274e-10, -0.016549457970276352, 0.9998630483425675, 4.320822657999379e-10, 0.0, 0.0, 0.0, 1.0], "right_foot_pose": [0.9999999979400295, 6.350598818592485e-05, -9.323662095051474e-06, 0.0009680833419281294, -6.418676818529185e-05, 0.9893926117092069, -0.1452661549545985, -0.12012479652737298, -5.083296329852225e-10, 0.14526615525380998, 0.9893926137473313, 4.3257551707309716e-10, 0.0, 0.0, 0.0, 1.0]}, {"left_foot_pose": [0.9999999999884727, 4.80158257379252e-06, 1.419835532470359e-08, 0.0001984210171408362, -4.8016035248771665e-06, 0.9999960055952861, 0.002826441299216483, -6.676501724687915e-05, -6.269073320885574e-10, -0.0028264412992523935, 0.9999960056068138, 5.527279328676471e-10, 0.0, 0.0, 0.0, 1.0], "right_foot_pose": [0.9999999979400287, 6.337337440638788e-05, -1.0186175043669858e-05, 0.0009680833178721522, -6.418678014394532e-05, 0.9873259099333314, -0.1587058393833593, -0.12012479651677178, -6.500359773167956e-10, 0.15870583971024738, 0.9873259119672011, 5.517997656023788e-10, 0.0, 0.0, 0.0, 1.0]}, {"left_foot_pose": [0.9999999999884726, 4.801237767239314e-06, -5.971362510024203e-08, 0.00019842099298437183, -4.801609021318777e-06, 0.9999206186503263, -0.01259985614578136, -6.67649961031587e-05, -7.860204560575733e-10, 0.012599856145922517, 0.9999206186618531, 6.983211578437398e-10, 0.0, 0.0, 0.0, 1.0], "right_foot_pose": [0.9999999979400275, 6.32106669159924e-05, -1.1151516907448802e-05, 0.0009680832885324961, -6.418679568744682e-05, 0.9847901515881454, -0.17374795888024983, -0.12012479650110194, -8.203305483950935e-10, 0.17374795923811379, 0.9847901536167951, 6.951467665383682e-10, 0.0, 0.0, 0.0, 1.0]}, {"left_foot_pose": [0.9999999999884728, 4.7995193570747364e-06, -1.4194373593188022e-07, 0.0001984209669089401, -4.8016177647317615e-06, 0.9995570294734233, -0.029761465138856368, -6.676496841163775e-05, -9.598692198262858e-10, 0.02976146513919452, 0.9995570294849461, 8.606939883026854e-10, 0.0, 0.0, 0.0, 1.0], "right_foot_pose": [0.9999999979400264, 6.301279630423345e-05, -1.222025557468025e-05, 0.0009680832553921742, -6.418681440427965e-05, 0.9817063624174335, -0.19040119187963075, -0.12012479647982942, -1.0088718962225784e-09, 0.19040119227178842, 0.981706364439735, 8.542580948178724e-10, 0.0, 0.0, 0.0, 1.0]}, {"left_foot_pose": [0.9999999999884728, 4.796040021004126e-06, -2.3161804235680532e-07, 0.00019842094450207986, -4.801629469636633e-06, 0.9988247147404988, -0.048468435094467896, -6.676493768581482e-05, -1.1107295791835495e-09, 0.04846843509502098, 0.9988247147520133, 1.0070765332770293e-09, 0.0, 0.0, 0.0, 1.0], "right_foot_pose": [0.9999999979400249, 6.277698252316656e-05, -1.3379088399601487e-05, 0.0009680832248122397, -6.418683307138393e-05, 0.9780313843866537, -0.20845768643726398, -0.12012479645539048, -1.1761891518878975e-09, 0.20845768686660746, 0.9780313864013891, 9.96524522622888e-10, 0.0, 0.0, 0.0, 1.0]}, {"left_foot_pose": [0.9999999999884726, 4.7905990063105175e-06, -3.2544097305917506e-07, 0.0001984209395870605, -4.8016402776889954e-06, 0.9976843290848432, -0.06801455340933744, -6.676491779791967e-05, -1.1430931622025347e-09, 0.06801455341011568, 0.9976843290963447, 1.050162672100452e-09, 0.0, 0.0, 0.0, 1.0], "right_foot_pose": [0.9999999979400245, 6.250824644161598e-05, -1.4583202724516777e-05, 0.0009680832140497741, -6.418684190248952e-05, 0.9738439740574559, -0.22721775914754236, -0.12012479643828378, -1.2195890241417538e-09, 0.22721775961552887, 0.9738439760635682, 1.036026625600428e-09, 0.0, 0.0, 0.0, 1.0]}, {"left_foot_pose": [0.9999999999881658, 4.846938860065347e-06, -4.2048621368149195e-07, 0.00019925220226715617, -4.865143817982688e-06, 0.9962443415836557, -0.08658644142635406, -6.682720297310901e-05, -7.721766234447839e-10, 0.08658644142737468, 0.9962443415954467, 3.932722260548138e-05, 0.0, 0.0, 0.0, 1.0], "right_foot_pose": [0.9999999979400256, 6.223205696717818e-05, -1.5720029140520653e-05, 0.0009680832559242126, -6.418682286587486e-05, 0.9695420049152851, -0.24492508361721851, -0.12012479646428126, -9.631862243647914e-10, 0.24492508412169775, 0.9695420069125316, 8.152244851400425e-10, 0.0, 0.0, 0.0, 1.0]}, {"left_foot_pose": [0.9999999999782536, 6.560221247533245e-06, -6.763084410278479e-07, 0.00022189601544915646, -6.594990209918873e-06, 0.9947314733928727, -0.10251485647530219, -6.851821729694785e-05, 2.2515231083287494e-10, 0.10251485647753268, 0.9947314734145049, 0.0010058886294440836, 0.0, 0.0, 0.0, 1.0], "right_foot_pose": [0.9999999979400277, 6.198801260021607e-05, -1.6656240812873895e-05, 0.0009680833242895003, -6.418679041504717e-05, 0.9657416946479281, -0.25950525061856405, -0.12012479652604141, -5.885161712715856e-10, 0.2595052511531009, 0.9657416966373389, 4.790101787444101e-10, 0.0, 0.0, 0.0, 1.0]}, {"left_foot_pose": [0.9999999999462973, 1.0295027943720174e-05, -1.1912501683421702e-06, 0.00027122923586561204, -1.0363719204957061e-05, 0.9933857848274975, -0.11482457226243546, -7.22010500132722e-05, 1.248803153576395e-09, 0.11482457226861444, 0.9933857848808442, 0.0027527501407253394, 0.0, 0.0, 0.0, 1.0], "right_foot_pose": [0.9999999979400297, 6.1803511502041e-05, -1.732818876815137e-05, 0.00096808338267821, -6.418676000463762e-05, 0.9628690141631804, -0.26996899348718717, -0.12012479655080943, -2.5575796702176646e-10, 0.26996899404329927, 0.9628690161466662, 1.9739342799196535e-10, 0.0, 0.0, 0.0, 1.0]}, {"left_foot_pose": [0.9999999998762259, 1.5614824421822703e-05, -1.930350093604374e-06, 0.0003415231865725772, -1.5733689612396504e-05, 0.9924614789547324, -0.12255697672281785, -7.744824475387074e-05, 2.0924355059879117e-09, 0.1225569767380196, 0.9924614790775698, 0.004589020842360181, 0.0, 0.0, 0.0, 1.0], "right_foot_pose": [0.9999999979400309, 6.169547981949148e-05, -1.7708908941816338e-05, 0.0009680834171714227, -6.418674073407501e-05, 0.9611870830473974, -0.27589742163147873, -0.12012479654719288, -4.9278906749383157e-11, 0.27589742219981556, 0.9611870850274136, 3.2096048041552194e-11, 0.0, 0.0, 0.0, 1.0]}, {"left_foot_pose": [0.9999999997520851, 2.2092952372428395e-05, -2.7807137085171294e-06, 0.0004270490459393584, -2.2267260871081703e-05, 0.9921863165046614, -0.1247650305377342, -8.383254314544078e-05, 2.5582143324656977e-09, 0.12476503056872154, 0.9921863167506328, 0.005823810248700954, 0.0, 0.0, 0.0, 1.0], "right_foot_pose": [0.9999999979400312, 6.167353441042793e-05, -1.7785171778417676e-05, 0.0009680834230016362, -6.418673680641522e-05, 0.960845429316415, -0.27708492712851956, -0.12012479653279842, -5.775138636881845e-12, 0.2770849276993052, 0.9608454312957266, 1.8230209009040266e-12, 0.0, 0.0, 0.0, 1.0]}, {"left_foot_pose": [0.9999999995640851, 2.9310369791415797e-05, -3.568428839085225e-06, 0.0005220778484376589, -2.9526792161477837e-05, 0.9926805882889993, -0.12076940325420181, -9.092660935384675e-05, 2.5141701353310953e-09, 0.12076940330692042, 0.9926805887217153, 0.006000000118966987, 0.0, 0.0, 0.0, 1.0], "right_foot_pose": [0.9999999979400305, 6.17416320018191e-05, -1.7547357040792934e-05, 0.0009680834018252298, -6.418674988921478e-05, 0.9619055842353595, -0.27338186277968957, -0.12012479651619233, -1.41641827194322e-10, 0.27338186334283887, 0.9619055862168581, 1.1171720493141635e-10, 0.0, 0.0, 0.0, 1.0]}, {"left_foot_pose": [0.9999999993127361, 3.684440263071045e-05, -4.125416796730385e-06, 0.000620880852562317, -3.7074641804343684e-05, 0.9937958592371028, -0.11121955218692549, -9.830238656436188e-05, 2.004169054021755e-09, 0.11121955226343626, 0.9937958599200954, 0.00600000039564641, 0.0, 0.0, 0.0, 1.0], "right_foot_pose": [0.9999999979400286, 6.189643704707924e-05, -1.6993345123173436e-05, 0.0009680833531224557, -6.418677977108363e-05, 0.9643156315966794, -0.2647552804730336, -0.12012479647749999, -4.602154149939468e-10, 0.2647552810183932, 0.9643156335831498, 3.728173880723773e-10, 0.0, 0.0, 0.0, 1.0]}, {"left_foot_pose": [0.9999999990110693, 4.42674797814812e-05, -4.272401332051321e-06, 0.0007177293025830605, -4.447317369250891e-05, 0.995377069485579, -0.09604419589146818, -0.00010553239917121017, 1.0158175571792372e-09, 0.09604419598649391, 0.9953770704699348, 0.005978465329701553, 0.0, 0.0, 0.0, 1.0], "right_foot_pose": [0.9999999979400254, 6.213245260928959e-05, -1.610922289363484e-05, 0.0009680832717932266, -6.418682675219918e-05, 0.9679899945799577, -0.25098877718564405, -0.12012479643285431, -9.817223913834142e-10, 0.2509887777026133, 0.967989996574008, 7.993130046735075e-10, 0.0, 0.0, 0.0, 1.0]}, {"left_foot_pose": [0.999999998684938, 5.114224965012414e-05, -3.820448596315383e-06, 0.0008068943007038864, -5.128474945363397e-05, 0.997220757497312, -0.07450341056866155, -0.00011218979359778856, -4.4138024287632595e-10, 0.0745034106666153, 0.9972207588087217, 0.005079320152692003, 0.0, 0.0, 0.0, 1.0], "right_foot_pose": [0.9999999979400216, 6.244092118536626e-05, -1.4869032381293257e-05, 0.00096808315597215, -6.418688931103575e-05, 0.9727924257728723, -0.2316784241982287, -0.12012479643734097, -1.7321466421716866e-09, 0.23167842467537286, 0.9727924277768294, 1.3997977083013424e-09, 0.0, 0.0, 0.0, 1.0]}, {"left_foot_pose": [0.9999999983714098, 5.7008947997034484e-05, -2.676026925275596e-06, 0.0008826471650263836, -5.70717203846808e-05, 0.9988984417305427, -0.04692440570868354, -0.00011784566899208405, -2.031879417696945e-09, 0.046924405784988056, 0.9988984433573447, 0.003359234546088656, 0.0, 0.0, 0.0, 1.0], "right_foot_pose": [0.9999999979400169, 6.280338654922407e-05, -1.3255188961503389e-05, 0.0009680830136479778, -6.418695653557704e-05, 0.9784360785379641, -0.20654983925262654, -0.1201247964401041, -2.6742884823881e-09, 0.20654983967794754, 0.978436080553561, 2.1737280170297524e-09, 0.0, 0.0, 0.0, 1.0]}, {"left_foot_pose": [0.9999999981152388, 6.139037694370141e-05, -8.63088994996758e-07, 0.0009392592374587901, -6.139644363905227e-05, 0.9999003786859276, -0.014114848005423774, -0.00012207190536238366, -3.5128267772037353e-09, 0.014114848031810926, 0.9999003805705047, 0.0015090987986663487, 0.0, 0.0, 0.0, 1.0], "right_foot_pose": [0.9999999979400135, 6.319046692806275e-05, -1.1266637004292911e-05, 0.0009680828579635483, -6.418700963670458e-05, 0.9844641983174646, -0.17558541542844586, -0.12012479644009749, -3.7236206937033513e-09, 0.1755854157899139, 0.9844642003454889, 3.062045048074502e-09, 0.0, 0.0, 0.0, 1.0]}, {"left_foot_pose": [0.9999999979634229, 6.380420922125718e-05, 1.4757403379294783e-06, 0.0009710017430242692, -6.382127312196437e-05, 0.9997342808758891, 0.023051324656404314, -0.0001244405244679777, -4.576664500113207e-09, -0.023051324703642444, 0.9997342829119189, 0.00021980341393622316, 0.0, 0.0, 0.0, 1.0], "right_foot_pose": [0.9999999979400132, 6.356137615481838e-05, -8.94006937740604e-06, 0.0009680827268417279, -6.418701860733194e-05, 0.9902427597100713, -0.13935305063689488, -0.12012479644055321, -4.632697706411459e-09, 0.13935305092366565, 0.9902427617499995, 3.8621564835139566e-09, 0.0, 0.0, 0.0, 1.0]}, {"left_foot_pose": [0.999999997940041, 6.40587486341912e-05, 4.049143500105498e-06, 0.0009757851267001117, -6.418659373622461e-05, 0.9980130506100469, 0.06300751298147139, -0.00012479661833176073, -4.91562092926625e-09, -0.0630075131115795, 0.9980130526658934, 4.188549548866938e-09, 0.0, 0.0, 0.0, 1.0], "right_foot_pose": [0.9999999979400169, 6.386696739658837e-05, -6.401284042334916e-06, 0.0009680826877997287, -6.418696080399897e-05, 0.9950069568734596, -0.09980556925067531, -0.12012479650984534, -4.956882562488632e-09, 0.09980556945595628, 0.995006958923189, 4.184033057519354e-09, 0.0, 0.0, 0.0, 1.0]}, {"left_foot_pose": [0.9999999979400453, 6.384488966513061e-05, 6.613598658443643e-06, 0.0009757851471580777, -6.418652196555625e-05, 0.9946849427559851, 0.102965336568255, -0.00012479678018726455, -4.636450752979506e-09, -0.10296533678065532, 0.9946849448049601, 3.915385453356901e-09, 0.0, 0.0, 0.0, 1.0], "right_foot_pose": [0.999999997940023, 6.407215014356997e-05, -3.835769008531606e-06, 0.000968082753637742, -6.418686412992927e-05, 0.9982085314655661, -0.059830791315212614, -0.12012479666245493, -4.590095532240818e-09, 0.059830791438168364, 0.9982085335218701, 3.927614122822831e-09, 0.0, 0.0, 0.0, 1.0]}, {"left_foot_pose": [0.9999999979400465, 6.3555475882323e-05, 8.978287452442406e-06, 0.0009757852682641832, -6.418651062568054e-05, 0.9901768428837326, 0.13982065547298997, -0.0001247968739395448, -3.724027595615079e-09, -0.13982065576125105, 0.990176844923418, 3.1266736699731013e-09, 0.0, 0.0, 0.0, 1.0], "right_foot_pose": [0.9999999979405612, 6.416226200075936e-05, -1.4427605576910454e-06, 0.0009680829230420127, -6.41784808950401e-05, 0.9997460123997971, -0.02253678264143544, -0.12012438225886327, -3.6168382677067303e-09, 0.022536782687616295, 0.9997460144587179, 8.978931027511794e-06, 0.0, 0.0, 0.0, 1.0]}, {"left_foot_pose": [0.9999999979400442, 6.323834287479094e-05, 1.0992050627099922e-05, 0.0009757854349381953, -6.418654983462576e-05, 0.9852342944323369, 0.17121150941015242, -0.00012479682017525664, -2.6131079976550047e-09, -0.1712115097630062, 0.9852342964618482, 2.1632793265058403e-09, 0.0, 0.0, 0.0, 1.0], "right_foot_pose": [0.9999999979944298, 6.333082453523835e-05, 5.891102672345777e-07, 0.0009680856912128078, -6.333356441443263e-05, 0.9999570885163913, 0.009263752732101256, -0.12008217985608095, -2.4038888483173712e-09, -0.0092637527508328, 0.999957090521874, 0.0008383177025150859, 0.0, 0.0, 0.0, 1.0]}, {"left_foot_pose": [0.9999999979400402, 6.293710942563671e-05, 1.2603215940042402e-05, 0.0009757855859078753, -6.418660913496073e-05, 0.9805382628841622, 0.19632806956772528, -0.00012479678956159573, -1.614267183206042e-09, -0.19632806997225521, 0.980538264904012, 1.3178057742257998e-09, 0.0, 0.0, 0.0, 1.0], "right_foot_pose": [0.9999999981223796, 6.124267169717474e-05, 2.139051104632156e-06, 0.0009680923354462652, -6.128001611202795e-05, 0.999391298942446, 0.034885926143509445, -0.11997960578712061, -1.2417402856210718e-09, -0.03488592620908822, 0.9993913008189204, 0.002529237968384744, 0.0, 0.0, 0.0, 1.0]}, {"left_foot_pose": [0.9999999979400362, 6.268433795923338e-05, 1.3805864564674336e-05, 0.0009757857025269117, -6.418666622455138e-05, 0.9765971974896244, 0.21507652065133506, -0.0001247967824285455, -8.393354185994739e-10, -0.21507652109443784, 0.9765971995013681, 6.786796957758412e-10, 0.0, 0.0, 0.0, 1.0], "right_foot_pose": [0.9999999983022532, 5.818518355018377e-05, 3.1588109632991545e-06, 0.0009681021269644389, -5.827086468736483e-05, 0.9985298177861541, 0.05420516208310562, -0.11982929924547564, -2.296305294957544e-10, -0.05420516217514583, 0.9985298194814045, 0.004390848843262324, 0.0, 0.0, 0.0, 1.0]}, {"left_foot_pose": [0.9999999979400334, 6.25020943492175e-05, 1.4608964481465067e-05, 0.0009757857802346913, -6.418670922483592e-05, 0.9737555729838209, 0.22759630920341822, -0.00012479678902887342, -3.1458813150785036e-10, -0.22759630967227903, 0.9737555749897204, 2.575955004857633e-10, 0.0, 0.0, 0.0, 1.0], "right_foot_pose": [0.9999999985116497, 5.4436957563674876e-05, 3.6493879272954172e-06, 0.0009681142165644949, -5.455914571133877e-05, 0.9977597984387467, 0.06689829327248077, -0.11964389938490094, 5.269891645304339e-10, -0.06689829337202034, 0.9977597999237647, 0.005732259796261165, 0.0, 0.0, 0.0, 1.0]}, {"left_foot_pose": [0.999999997940032, 6.24038389588863e-05, 1.5023232227960845e-05, 0.0009757858207937949, -6.418673245568796e-05, 0.9722234921100403, 0.23405443227895165, -0.00012479678656626518, -4.420009523930497e-11, -0.23405443276109944, 0.9722234941127892, 3.990825725441738e-11, 0.0, 0.0, 0.0, 1.0], "right_foot_pose": [0.9999999987300259, 5.026498690164318e-05, 3.657759750974194e-06, 0.0009681276257039509, -5.0397897910540895e-05, 0.9973614660796469, 0.07259547809270916, -0.1194360452038273, 9.021276937884961e-10, -0.07259547818485841, 0.9973614673462735, 0.0060000000166981204, 0.0, 0.0, 0.0, 1.0]}, {"left_foot_pose": [0.9999999979400318, 6.239393925849262e-05, 1.5064303690691649e-05, 0.000975785826023211, -6.418673462516976e-05, 0.9720691284478741, 0.23469470679726565, -0.00012479678736551647, -1.7279247202368098e-11, -0.23469470728073072, 0.9720691304503055, 1.2372936009086288e-11, 0.0, 0.0, 0.0, 1.0], "right_foot_pose": [0.9999999989401516, 4.592148056960749e-05, 3.3036929420467616e-06, 0.0009681415954861298, -4.604016468248252e-05, 0.9974207942256467, 0.07177574190897115, -0.1192183764771099, 8.762990850539636e-10, -0.07177574198500253, 0.9974207952827645, 0.0060000000370083045, 0.0, 0.0, 0.0, 1.0]}, {"left_foot_pose": [0.9999999979400329, 6.247197878662371e-05, 1.4737246546047109e-05, 0.0009757857945046063, -6.4186716454285e-05, 0.9732859585301546, 0.2295962517292129, -0.00012479680842342536, -2.2296349918157194e-10, -0.22959625220218796, 0.9732859605350886, 1.786730971509165e-10, 0.0, 0.0, 0.0, 1.0], "right_foot_pose": [0.9999999991289279, 4.165156003828031e-05, 2.700192035353874e-06, 0.0009681553525531578, -4.1738992446070006e-05, 0.9979045052231403, 0.06470391574870427, -0.11900353307875997, 4.852343648940237e-10, -0.064703915805046, 0.9979045060923882, 0.0059982122566077795, 0.0, 0.0, 0.0, 1.0]}, {"left_foot_pose": [0.9999999979400355, 6.263372835869273e-05, 1.4033738110373868e-05, 0.0009757857255479707, -6.41866787813196e-05, 0.9758080026282784, 0.21862922468572424, -0.00012479680391951076, -6.704850204631033e-10, -0.21862922513613497, 0.9758080046383995, 5.384726206592028e-10, 0.0, 0.0, 0.0, 1.0], "right_foot_pose": [0.9999999992875658, 3.7698014278530964e-05, 1.9308153659244627e-06, 0.0009681679670738683, -3.774742810369473e-05, 0.9986913065713562, 0.05114364822662845, -0.1188041538647431, -2.745394639825576e-10, -0.05114364826307548, 0.9986913072828574, 0.005241070032592186, 0.0, 0.0, 0.0, 1.0]}, {"left_foot_pose": [0.9999999979400388, 6.286702041152588e-05, 1.2948397158761808e-05, 0.00097578562581552, -6.418662822269981e-05, 0.9794452576388295, 0.20171014642026447, -0.00012479680291117064, -1.3302992212153271e-09, -0.20171014683586358, 0.9794452596564318, 1.076820570211634e-09, 0.0, 0.0, 0.0, 1.0], "right_foot_pose": [0.9999999994111194, 3.430150979027299e-05, 1.0805558279256052e-06, 0.0009681787567699927, -3.43185252205433e-05, 0.9995053033163934, 0.03145071485107116, -0.11863287926060195, -1.2142774966094893e-09, -0.031450714869633724, 0.9995053039049815, 0.0035817061241017745, 0.0, 0.0, 0.0, 1.0]}, {"left_foot_pose": [0.999999997940042, 6.314976351034542e-05, 1.1490174702587473e-05, 0.0009757855058647848, -6.418657758081728e-05, 0.9838528065782122, 0.17897947052178653, -0.00012479681647722778, -2.129392729716393e-09, -0.17897947089061153, 0.9838528086048838, 1.7447391725822214e-09, 0.0, 0.0, 0.0, 1.0], "right_foot_pose": [0.9999999994973855, 3.170465000248717e-05, 2.0845072390393685e-07, 0.000968187047473578, -3.170533517935287e-05, 0.9999788311300953, 0.0065066340345777424, -0.11850234935809556, -2.1557563614354863e-09, -0.00650663403791661, 0.9999788316326984, 0.0017110107863528776, 0.0, 0.0, 0.0, 1.0]}, {"left_foot_pose": [0.999999997940044, 6.344948569064461e-05, 9.699271225292976e-06, 0.0009757853957640023, -6.41865491238599e-05, 0.9885236106723967, 0.15106643248351176, -0.00012479684822014944, -2.87116659291919e-09, -0.15106643279488452, 0.9885236127086846, 2.3842839647070235e-09, 0.0, 0.0, 0.0, 1.0], "right_foot_pose": [0.9999999995451596, 3.0153217184220024e-05, -6.810735642683983e-07, 0.0009681920306648807, -3.0160907802325387e-05, 0.9997428476812811, -0.02267680754521074, -0.11842520409559172, -2.8802783976397868e-09, 0.022676807555438022, 0.9997428481360062, 0.0003198745278732776, 0.0, 0.0, 0.0, 1.0]}, {"left_foot_pose": [0.9999999979400427, 6.372359016753263e-05, 7.69541866635244e-06, 0.0009757853548898652, -6.418656714789306e-05, 0.9927929207525472, 0.11984244817138814, -0.00012479685390550787, -3.166122396016698e-09, -0.11984244841846058, 0.9927929227976343, 2.658973083380367e-09, 0.0, 0.0, 0.0, 1.0], "right_foot_pose": [0.9999999995544895, 2.980587999208988e-05, -1.6219211623205255e-06, 0.0009681930646352729, -2.9849976560004406e-05, 0.9985170388383087, -0.05444007952377127, -0.11840967160102508, -3.1185607482426513e-09, 0.05444007954793174, 0.9985170392831636, 2.661355608113425e-09, 0.0, 0.0, 0.0, 1.0]}, {"left_foot_pose": [0.9999999979400395, 6.393660050619839e-05, 5.659788573085753e-06, 0.0009757853996944011, -6.418661918571741e-05, 0.996108805475578, 0.08813196658475284, -0.00012479677401959835, -2.9068956055452474e-09, -0.08813196676648741, 0.9961088075275067, 2.4650969876471862e-09, 0.0, 0.0, 0.0, 1.0], "right_foot_pose": [0.9999999995544882, 2.9738823002408765e-05, -2.574030871616237e-06, 0.0009681930853904731, -2.9850012061147688e-05, 0.9962666705864606, -0.08632913869340839, -0.11840967151550563, -2.9058091652635846e-09, 0.08632913873178243, 0.9962666710303165, 2.461356424232619e-09, 0.0, 0.0, 0.0, 1.0]}, {"left_foot_pose": [0.9999999979400356, 6.407479983007198e-05, 3.7880813529278034e-06, 0.0009757855148599307, -6.418667719163313e-05, 0.9982589812029119, 0.058983068144984024, -0.0001247967264650339, -2.1579476881501576e-09, -0.05898306826662564, 0.9982589832592821, 1.850622335930474e-09, 0.0, 0.0, 0.0, 1.0], "right_foot_pose": [0.9999999995544884, 2.965102838812492e-05, -3.440874446092542e-06, 0.0009681931846353305, -2.9850009994044408e-05, 0.993325502233739, -0.1153448989815648, -0.11840967145490867, -2.1865369526406703e-09, 0.11534489903288728, 0.9933255026762843, 1.8434056087146544e-09, 0.0, 0.0, 0.0, 1.0]}, {"left_foot_pose": [0.9999999990530954, 4.35011469909107e-05, 1.2083554481448963e-06, 0.0009757348749530134, -4.351792633163915e-05, 0.999614696498826, 0.027757100888801484, 0.0009096031224581913, -4.2413894598015516e-10, -0.027757100915103593, 0.9996146974453652, 0.0006826713220019764, 0.0, 0.0, 0.0, 1.0], "right_foot_pose": [0.9999999995544888, 2.9558688398639976e-05, -4.159995602160077e-06, 0.0009681933009285184, -2.9849985279239945e-05, 0.9902345609076625, -0.13941131049160754, -0.11840967151422718, -1.4440677346501317e-09, 0.13941131055367398, 0.9902345613488285, 1.194831879269831e-09, 0.0, 0.0, 0.0, 1.0]}, {"left_foot_pose": [0.9999999998955524, -1.4452305366570183e-05, 1.6441798556003204e-07, 0.0009755935554385849, 1.445323865280455e-05, 0.9999410555654468, -0.01085749445151299, 0.0038108712342031937, -7.492468703554412e-09, 0.010857494452754999, 0.9999410556698877, 0.0023080903110000925, 0.0, 0.0, 0.0, 1.0], "right_foot_pose": [0.9999999995544901, 2.94760541275518e-05, -4.709741813935469e-06, 0.0009681934054278855, -2.9849948648334313e-05, 0.9874701955037721, -0.15780561492140632, -0.11840967153132284, -7.571774487645611e-10, 0.15780561499168777, 0.987470195943703, 6.113078099279079e-10, 0.0, 0.0, 0.0, 1.0]}, {"left_foot_pose": [0.9999999947870044, -0.00010195696242362454, 5.5470499659722594e-06, 0.0009753802642178902, 0.00010210774442099572, 0.998534901832508, -0.05411136106542762, 0.008197680558799915, -2.1892986438174222e-08, 0.05411136134974175, 0.998534907037745, 0.004185480421830486, 0.0, 0.0, 0.0, 1.0], "right_foot_pose": [0.9999999995544909, 2.941578317368173e-05, -5.07239627844958e-06, 0.0009681934775471834, -2.9849916309039494e-05, 0.9854546628126151, -0.16993853785959734, -0.11840967151454472, -2.586184100359806e-10, 0.16993853793529873, 0.9854546632516448, 2.0068352535318468e-10, 0.0, 0.0, 0.0, 1.0]}, {"left_foot_pose": [0.9999999775654298, -0.00021078768638055053, 2.0921084896156492e-05, 0.0009751135268393278, 0.000211823367233681, 0.9951293296826604, -0.09857774767259056, 0.013688548129294242, -4.0209828592097383e-08, 0.09857774989261545, 0.9951293520071188, 0.005623951185461808, 0.0, 0.0, 0.0, 1.0], "right_foot_pose": [0.9999999995544917, 2.938674883085156e-05, -5.237888273557316e-06, 0.0009681935080599116, -2.9849899169225908e-05, 0.9844839320962275, -0.17547474619823278, -0.11840967148275461, -1.544936926324917e-11, 0.1754747462764075, 0.9844839325348232, 9.185111005116653e-12, 0.0, 0.0, 0.0, 1.0]}, {"left_foot_pose": [0.999999943559528, -0.00033265960242221857, 4.7101277702360885e-05, 0.0009748116752577702, 0.00033597758568917077, 0.9901484911900007, -0.1400209002728804, 0.019901989605546965, -5.796203449405439e-08, 0.14002090819500787, 0.9901485470717223, 0.006000004277097355, 0.0, 0.0, 0.0, 1.0], "right_foot_pose": [0.9999999995544915, 2.9394041526940503e-05, -5.196834003407207e-06, 0.0009681934927089424, -2.9849903868138957e-05, 0.9847277286992876, -0.17410140562248572, -0.11840967145935372, -7.740232588697184e-11, 0.17410140570004692, 0.9847277291379926, 6.698992749409882e-11, 0.0, 0.0, 0.0, 1.0]}, {"left_foot_pose": [0.9999998909800125, -0.0004596936595875892, 8.198599541154586e-05, 0.0009744932421922771, 0.0004669474906134153, 0.9844921963844703, -0.1754277549822826, 0.026456520113592518, -7.154601458075898e-08, 0.17542777414030541, 0.9844923037079437, 0.006000003029589487, 0.0, 0.0, 0.0, 1.0], "right_foot_pose": [0.9999999995544908, 2.9438199220976872e-05, -4.940737982739534e-06, 0.0009681934273688305, -2.9849932411157207e-05, 0.9862038730407079, -0.16553525276656084, -0.11840967142205704, -4.848149048983917e-10, 0.16553525284029388, 0.9862038734800732, 4.0747211160763186e-10, 0.0, 0.0, 0.0, 1.0]}, {"left_foot_pose": [0.9999998217298145, -0.0005847370088702391, 0.00012092547701210099, 0.0009741767977847883, 0.0005971099852619707, 0.9793047186074921, -0.20239049279244212, 0.03297065820333543, -7.767885865482299e-08, 0.20239052891806072, 0.9793048931789642, 0.006000001539177714, 0.0, 0.0, 0.0, 1.0], "right_foot_pose": [0.999999999554489, 2.951542847629923e-05, -4.456558261034755e-06, 0.0009681933034577092, -2.984998204361015e-05, 0.988785707437776, -0.1493412999667388, -0.11840967137934683, -1.2913449666425147e-09, 0.1493413000332337, 0.9887857078782961, 1.080995334912238e-09, 0.0, 0.0, 0.0, 1.0]}, {"left_foot_pose": [0.9999997416333012, -0.0007024579848950277, 0.00015259787405381858, 0.0009738807367857155, 0.0007188416560635403, 0.9772293009828251, -0.2121847698759115, 0.03906292110651508, -7.22279208557459e-08, 0.21218482474814104, 0.9772295534553777, 0.005390332962599151, 0.0, 0.0, 0.0, 1.0], "right_foot_pose": [0.9999999995544873, 2.9636804129503882e-05, -3.561625075920957e-06, 0.0009681930864967649, -2.9850047310869066e-05, 0.9928450639804797, -0.11940970663464566, -0.11840967146106132, -2.7802105218989876e-09, 0.11940970668776163, 0.9928450644228145, 2.3279111485696724e-09, 0.0, 0.0, 0.0, 1.0]}, {"left_foot_pose": [0.9999996600832353, -0.000805912417574908, 0.0001741797637231515, 0.0009736235768704078, 0.0008245201097248975, 0.9774470264035293, -0.21117914371804786, 0.044351824674827, -5.959785598295916e-08, 0.21117921554943409, 0.977447358643893, 0.003801252550465227, 0.0, 0.0, 0.0, 1.0], "right_foot_pose": [0.999999999554486, 2.9742620347295282e-05, -2.5305691793711208e-06, 0.0009681928331498221, -2.9850079134682958e-05, 0.9963869661212378, -0.08492945809722523, -0.11840967164206719, -4.598481292975836e-09, 0.0849294581349255, 0.9963869665651532, 3.8922530407048406e-09, 0.0, 0.0, 0.0, 1.0]}, {"left_foot_pose": [0.9999995891080031, -0.0008893052575060414, 0.00017584079472495148, 0.0009734239007896912, 0.0009065229310079723, 0.981015259641062, -0.1939284367171467, 0.04845588692729011, -4.0924540372792425e-08, 0.1939285164372163, 0.9810156627253512, 0.001919560902009787, 0.0, 0.0, 0.0, 1.0], "right_foot_pose": [0.9999999995544876, 2.9824747079311945e-05, -1.2284301327272303e-06, 0.0009681925315054818, -2.985003403911888e-05, 0.999143382452545, -0.041382368350092305, -0.1184096719493576, -6.840831982553152e-09, 0.04138236836832445, 0.9991433828976839, 5.895125172739046e-09, 0.0, 0.0, 0.0, 1.0]}, {"left_foot_pose": [0.9999995418568057, -0.0009449988476957098, 0.0001525233015529266, 0.0009733001246200694, 0.0009572283840367618, 0.9872271234339371, -0.15931632204571958, 0.05099362588375217, -2.1399496692611705e-08, 0.15931639505566397, 0.9872275757222689, 0.00043614962320760037, 0.0, 0.0, 0.0, 1.0], "right_foot_pose": [0.9999999995544928, 2.9848070634674755e-05, 3.26724583776574e-07, 0.0009681922307571557, -2.98498573795053e-05, 0.999943408067377, 0.010638598196430819, -0.11840967239321139, -9.164463517859937e-09, -0.010638598201444123, 0.9999434085128558, 8.08530251084072e-09, 0.0, 0.0, 0.0, 1.0]}, {"left_foot_pose": [0.99999952940492, -0.0009645795936044255, 0.00010380822226842652, 0.0009732681118216756, 0.0009701494417349255, 0.9942594651583815, -0.10699147046858873, 0.05164033019846666, -1.0518447987135986e-08, 0.10699152082841763, 0.9942599330511227, 9.677954743159134e-09, 0.0, 0.0, 0.0, 1.0], "right_foot_pose": [0.9999999995545015, 2.9778529928179495e-05, 2.0581631847702493e-06, 0.000968192082144826, -2.984956898268127e-05, 0.9976444101508198, 0.06859759473790196, -0.11840967286333853, -1.05794684951129e-08, -0.06859759476877732, 0.9976444105952472, 9.605590704786504e-09, 0.0, 0.0, 0.0, 1.0]}, {"left_foot_pose": [0.9999995294046549, -0.0009690445753156665, 4.629342014663234e-05, 0.0009732681105132186, 0.0009701497150378358, 0.9988609028138212, -0.04770697684289916, 0.05164032974201581, -1.050032796338863e-08, 0.047706999303765964, 0.9988613728728484, 9.3168853257386e-09, 0.0, 0.0, 0.0, 1.0], "right_foot_pose": [0.999999999554509, 2.960460557470536e-05, 3.8143544249800126e-06, 0.0009681921717634338, -2.9849319309392124e-05, 0.9918460013379728, 0.12744217802161004, -0.11840967323043286, -1.037677028807773e-08, -0.1274421780786918, 0.991846001779792, 9.814184485923416e-09, 0.0, 0.0, 0.0, 1.0]}, {"left_foot_pose": [0.9999995294043862, -0.0009701012532757318, -9.7244748073868e-06, 0.0009732682207905286, 0.0009701499919782172, 0.9999491970571069, 0.01003305107338747, 0.05164032914972911, -9.094645192828103e-09, -0.010033055786077109, 0.9999496676291235, 7.869052978670688e-09, 0.0, 0.0, 0.0, 1.0], "right_foot_pose": [0.9999999995545115, 2.93467180764634e-05, 5.454099704649054e-06, 0.0009681923436089945, -2.9849237637073497e-05, 0.9832186967497092, 0.1824307909066496, -0.11840967319814741, -8.827814381493857e-09, -0.18243079098817971, 0.983218697187674, 8.783948408919162e-09, 0.0, 0.0, 0.0, 1.0]}, {"left_foot_pose": [0.9999995294042429, -0.0009683126725615076, -5.968133440674067e-05, 0.000973268530378375, 0.0009701501396565712, 0.9981051033032072, 0.06152447942730725, 0.05164032879377267, -6.688659075183098e-09, -0.06152450837400347, 0.998105573007855, 5.683128218025857e-09, 0.0, 0.0, 0.0, 1.0], "right_foot_pose": [0.9999999999062379, 1.334574030928034e-05, 3.0685004154261794e-06, 0.0009700644619320707, -1.3693942994296e-05, 0.9742413136581077, 0.22550801000008885, -0.11760122555002953, 2.011146332281526e-08, -0.2255080100209648, 0.9742413137495167, 0.0005400736797968875, 0.0, 0.0, 0.0, 1.0]}, {"left_foot_pose": [0.9999995294042252, -0.0009648707787996177, -0.00010107279038555273, 0.0009732688399969111, 0.0009701501578201787, 0.9945572380203761, 0.10418713505012596, 0.051640328589390036, -4.44689200760868e-09, -0.10418718407588426, 0.9945577060554802, 3.7212566639244216e-09, 0.0, 0.0, 0.0, 1.0], "right_foot_pose": [0.9999999991885028, -3.8994485971021406e-05, -1.0120492852760664e-05, 0.0009763181936949128, 4.028637104671605e-05, 0.9682500468548054, 0.24998368975330212, -0.11489980278255305, 5.1182196005831654e-08, -0.2499836899581592, 0.96825004764002, 0.0020904233719185317, 0.0, 0.0, 0.0, 1.0]}, {"left_foot_pose": [0.9999995294042727, -0.0009609061198090977, -0.0001336063733319674, 0.0009732690919699526, 0.0009701501090424356, 0.990470744900073, 0.13771986895819002, 0.05164032847718024, -2.6607838038199597e-09, -0.137719933766046, 0.9904712110119492, 2.2035835101075207e-09, 0.0, 0.0, 0.0, 1.0], "right_foot_pose": [0.9999999922067104, -0.00012061078686314785, -3.224309504534693e-05, 0.0009861144195110715, 0.00012484619974914053, 0.9662279392501163, 0.2576888702018387, -0.1106679591455335, 7.412187974692902e-08, -0.2576888722190229, 0.9662279467778205, 0.0039740285947793, 0.0, 0.0, 0.0, 1.0]}, {"left_foot_pose": [0.9999995294043367, -0.0009572585462262459, -0.00015762988890403662, 0.0009732692777940705, 0.0009701500431365187, 0.986711159635603, 0.16248121817446465, 0.05164032841741987, -1.3642251354491507e-09, -0.1624812946361517, 0.9867116239780301, 1.130205554145114e-09, 0.0, 0.0, 0.0, 1.0], "right_foot_pose": [0.9999999730038905, -0.00022497294778798483, -5.8132528269192955e-05, 0.0009985702282709328, 0.00023236224055216674, 0.9682907417462091, 0.24982591029828197, -0.10528717704240827, 8.511744373042389e-08, -0.24982591706175908, 0.9682907678813445, 0.005499997281653346, 0.0, 0.0, 0.0, 1.0]}, {"left_foot_pose": [0.9999995294043926, -0.0009546401334282446, -0.00017278081541536808, 0.0009732694081071823, 0.000970149985583595, 0.9840123804919848, 0.1780974279643132, 0.051640328404634554, -4.909150340433111e-10, -0.17809751177575167, 0.984012843564192, 4.1799778915940777e-10, 0.0, 0.0, 0.0, 1.0], "right_foot_pose": [0.9999999369123436, -0.00034595877939020623, -8.054708049909108e-05, 0.0010128024949642336, 0.00035521163043302, 0.9740037616764973, 0.22653155644353437, -0.09913893896609921, 8.257863746803716e-08, -0.22653157076344937, 0.9740038231174646, 0.006000002782854882, 0.0, 0.0, 0.0, 1.0]}, {"left_foot_pose": [0.9999995294044215, -0.0009531150300909154, -0.00018100462870139158, 0.0009732694724107585, 0.0009701499555208651, 0.9824404583872474, 0.18657385811768956, 0.05164032843768823, -7.800263675585093e-11, -0.18657394591848964, 0.9824409207196153, 6.820661396789163e-11, 0.0, 0.0, 0.0, 1.0], "right_foot_pose": [0.9999998820126706, -0.0004766836199900008, -9.352738013601216e-05, 0.0010279281350629242, 0