{"LoopMode": "Wrap", "FrameDuration": 0.0167, "EnableCycleOffsetPosition": true, "EnableCycleOffsetRotation": false, "Debug_info": [{"left_foot_pose": [0.9999999999884726, 4.785130400566569e-06, 3.974043959464019e-07, 0.00019842111302271817, -4.801604232063508e-06, 0.9965691632582974, 0.08276413969590064, -6.676505781610075e-05, -3.765537745234218e-12, -0.08276413969685505, 0.9965691632697854, 3.2324837251351823e-12, 0.0, 0.0, 0.0, 1.0], "right_foot_pose": [0.9999999979400312, 6.398293128510394e-05, -5.110932503438697e-06, 0.0009680834198771603, -6.418673637819799e-05, 0.9968248031031633, -0.07962604974757198, -0.12012479653779061, -3.783280045316682e-12, 0.07962604991159872, 0.996824805156591, 3.1225994012729075e-12, 0.0, 0.0, 0.0, 1.0]}, {"left_foot_pose": [0.9999999999884724, 4.785771399304062e-06, 3.896043873074212e-07, 0.0001984211118494707, -4.801603842663748e-06, 0.9967029138325225, 0.08113754700941078, -6.676505823768886e-05, -1.407621823315341e-11, -0.08113754701034653, 0.9967029138440126, 1.2160585038945015e-11, 0.0, 0.0, 0.0, 1.0], "right_foot_pose": [0.9999999979400315, 6.397449561567424e-05, -5.215466289843433e-06, 0.000968083419044686, -6.418673677555158e-05, 0.996693359867823, -0.0812547984764798, -0.12012479653858443, -1.4129320948792655e-11, 0.08125479864386104, 0.9966933619209801, 1.2173491381606283e-11, 0.0, 0.0, 0.0, 1.0]}, {"left_foot_pose": [0.9999999999884728, 4.786806310327987e-06, 3.7666801877547503e-07, 0.0001984211094962903, -4.8016032161155765e-06, 0.9969188587065152, 0.07843971654872692, -6.676505856865328e-05, -3.17213543848382e-11, -0.07843971654963162, 0.9969188587180075, 2.742331361993422e-11, 0.0, 0.0, 0.0, 1.0], "right_foot_pose": [0.9999999979400311, 6.396013579157493e-05, -5.388719505117716e-06, 0.0009680834171102144, -6.418673748039126e-05, 0.9964696056508533, -0.08395427859314573, -0.1201247965395166, -3.1858944781307197e-11, 0.08395427876608669, 0.9964696077035496, 2.7733523810802296e-11, 0.0, 0.0, 0.0, 1.0]}, {"left_foot_pose": [0.9999999999884727, 4.7881974533334906e-06, 3.5854006735771817e-07, 0.00019842110598418934, -4.801602422716639e-06, 0.9972091033466334, 0.07465925381055583, -6.676505868395514e-05, -5.617014845836134e-11, -0.07465925381141705, 0.997209103358129, 4.853738244658956e-11, 0.0, 0.0, 0.0, 1.0], "right_foot_pose": [0.9999999979400311, 6.393924043832876e-05, -5.631246251636638e-06, 0.0009680834140223721, -6.418673852259578e-05, 0.9961440138947815, -0.08773311496610557, -0.12012479654042821, -5.648803870689286e-11, 0.08773311514682922, 0.9961440159468075, 4.9240438115827345e-11, 0.0, 0.0, 0.0, 1.0]}, {"left_foot_pose": [0.9999999999884728, 4.789881653758084e-06, 3.352776665187766e-07, 0.00019842110133043696, -4.80160154116072e-06, 0.9975604379728347, 0.06980811248266064, -6.676505844459106e-05, -8.713860552346504e-11, -0.06980811248346612, 0.997560437984334, 7.526700790405627e-11, 0.0, 0.0, 0.0, 1.0], "right_foot_pose": [0.999999997940031, 6.391110859776375e-05, -5.942035370965441e-06, 0.0009680834097304179, -6.418673995875857e-05, 0.9957056609987958, -0.0925755504170185, -0.12012479654116094, -8.779955428464344e-11, 0.09257555060771547, 0.9957056630499187, 7.637716847863629e-11, 0.0, 0.0, 0.0, 1.0]}, {"left_foot_pose": [0.9999999999884728, 4.79178310678149e-06, 3.068932218907275e-07, 0.00019842109546817552, -4.80160064701929e-06, 0.9979570247978672, 0.06388878331549601, -6.676505767407026e-05, -1.2505421698066884e-10, -0.06388878331623343, 0.9979570248093713, 1.080287179155981e-10, 0.0, 0.0, 0.0, 1.0], "right_foot_pose": [0.9999999979400311, 6.387478067487389e-05, -6.320619316103007e-06, 0.0009680834041029649, -6.418674189256057e-05, 0.9951395914719291, -0.09847430814757847, -0.12012479654154863, -1.2631102205266606e-10, 0.09847430835042421, 0.9951395935218865, 1.0949558620909627e-10, 0.0, 0.0, 0.0, 1.0]}, {"left_foot_pose": [0.9999999999884726, 4.793816273578372e-06, 2.7328815649365865e-07, 0.00019842108822044864, -4.801599821834981e-06, 0.9983809954650174, 0.056880470033451154, -6.676505612825644e-05, -1.7117902864541882e-10, -0.05688047003410798, 0.9983809954765263, 1.4800297792882944e-10, 0.0, 0.0, 0.0, 1.0], "right_foot_pose": [0.9999999979400307, 6.382893532243997e-05, -6.767952707154524e-06, 0.0009680833968917516, -6.41867444898622e-05, 0.9944252105749741, -0.1054442812720559, -0.12012479654138936, -1.734136068237881e-10, 0.10544428148925664, 0.9944252126234602, 1.497243093395717e-10, 0.0, 0.0, 0.0, 1.0]}, {"left_foot_pose": [0.9999999999884727, 4.795882773471074e-06, 2.3422874045877743e-07, 0.00019842107928873243, -4.8015991736989345e-06, 0.9988117904731877, 0.04873404547839731, -6.676505345333886e-05, -2.276587125553779e-10, -0.04873404547896051, 0.9988117904847017, 1.9718523341927252e-10, 0.0, 0.0, 0.0, 1.0], "right_foot_pose": [0.9999999979400307, 6.377179925760126e-05, -7.286716556421047e-06, 0.0009680833877053881, -6.418674799885404e-05, 0.9935348781475816, -0.11352727330616025, -0.12012479654040525, -2.314376107962732e-10, 0.11352727354000802, 0.9935348801942345, 1.9901015557710622e-10, 0.0, 0.0, 0.0, 1.0]}, {"left_foot_pose": [0.9999999999884727, 4.797864284004018e-06, 1.8934123779948082e-07, 0.00019842106825393834, -4.801598869183649e-06, 0.9992246598493509, 0.03937104425709858, -6.676504912989621e-05, -2.9750713486031794e-10, -0.039371044257554166, 0.9992246598608698, 2.583978378489782e-10, 0.0, 0.0, 0.0, 1.0], "right_foot_pose": [0.9999999979400304, 6.370104781408954e-05, -7.881353878914031e-06, 0.0009680833759905752, -6.418675277253193e-05, 0.9924323578107502, -0.12279255291040987, -0.12012479653818758, -3.0367145836210943e-10, 0.12279255316333926, 0.9924323598551331, 2.601155055237392e-10, 0.0, 0.0, 0.0, 1.0]}, {"left_foot_pose": [0.9999999999884726, 4.799612226270194e-06, 1.381205158023335e-07, 0.0001984210545875594, -4.801599176161258e-06, 0.999588487274437, 0.028685468191194628, -6.676504240434207e-05, -3.8455384229109526e-10, -0.028685468191527473, 0.99958848728596, 3.3528126108794964e-10, 0.0, 0.0, 0.0, 1.0], "right_foot_pose": [0.9999999979400298, 6.361369450309547e-05, -8.557916831520237e-06, 0.0009680833610210829, -6.418675929401008e-05, 0.9910710946083632, -0.13333447158121037, -0.12012479653413193, -3.9434037984919675e-10, 0.13333447185585015, 0.9910710966499432, 3.365968059831914e-10, 0.0, 0.0, 0.0, 1.0]}, {"left_foot_pose": [0.9999999999884727, 4.800934770083408e-06, 7.995694484277603e-08, 0.00019842103770464266, -4.801600517885364e-06, 0.9998630483310413, 0.016549457970082893, -6.676503222422837e-05, -4.931264829201274e-10, -0.016549457970276352, 0.9998630483425675, 4.320822657999379e-10, 0.0, 0.0, 0.0, 1.0], "right_foot_pose": [0.9999999979400295, 6.350598818592485e-05, -9.323662095051474e-06, 0.0009680833419281294, -6.418676818529185e-05, 0.9893926117092069, -0.1452661549545985, -0.12012479652737298, -5.083296329852225e-10, 0.14526615525380998, 0.9893926137473313, 4.3257551707309716e-10, 0.0, 0.0, 0.0, 1.0]}, {"left_foot_pose": [0.9999999999884727, 4.80158257379252e-06, 1.419835532470359e-08, 0.0001984210171408362, -4.8016035248771665e-06, 0.9999960055952861, 0.002826441299216483, -6.676501724687915e-05, -6.269073320885574e-10, -0.0028264412992523935, 0.9999960056068138, 5.527279328676471e-10, 0.0, 0.0, 0.0, 1.0], "right_foot_pose": [0.9999999979400287, 6.337337440638788e-05, -1.0186175043669858e-05, 0.0009680833178721522, -6.418678014394532e-05, 0.9873259099333314, -0.1587058393833593, -0.12012479651677178, -6.500359773167956e-10, 0.15870583971024738, 0.9873259119672011, 5.517997656023788e-10, 0.0, 0.0, 0.0, 1.0]}, {"left_foot_pose": [0.9999999999884726, 4.801237767239314e-06, -5.971362510024203e-08, 0.00019842099298437183, -4.801609021318777e-06, 0.9999206186503263, -0.01259985614578136, -6.67649961031587e-05, -7.860204560575733e-10, 0.012599856145922517, 0.9999206186618531, 6.983211578437398e-10, 0.0, 0.0, 0.0, 1.0], "right_foot_pose": [0.9999999979400275, 6.32106669159924e-05, -1.1151516907448802e-05, 0.0009680832885324961, -6.418679568744682e-05, 0.9847901515881454, -0.17374795888024983, -0.12012479650110194, -8.203305483950935e-10, 0.17374795923811379, 0.9847901536167951, 6.951467665383682e-10, 0.0, 0.0, 0.0, 1.0]}, {"left_foot_pose": [0.9999999999884728, 4.7995193570747364e-06, -1.4194373593188022e-07, 0.0001984209669089401, -4.8016177647317615e-06, 0.9995570294734233, -0.029761465138856368, -6.676496841163775e-05, -9.598692198262858e-10, 0.02976146513919452, 0.9995570294849461, 8.606939883026854e-10, 0.0, 0.0, 0.0, 1.0], "right_foot_pose": [0.9999999979400264, 6.301279630423345e-05, -1.222025557468025e-05, 0.0009680832553921742, -6.418681440427965e-05, 0.9817063624174335, -0.19040119187963075, -0.12012479647982942, -1.0088718962225784e-09, 0.19040119227178842, 0.981706364439735, 8.542580948178724e-10, 0.0, 0.0, 0.0, 1.0]}, {"left_foot_pose": [0.9999999999884728, 4.796040021004126e-06, -2.3161804235680532e-07, 0.00019842094450207986, -4.801629469636633e-06, 0.9988247147404988, -0.048468435094467896, -6.676493768581482e-05, -1.1107295791835495e-09, 0.04846843509502098, 0.9988247147520133, 1.0070765332770293e-09, 0.0, 0.0, 0.0, 1.0], "right_foot_pose": [0.9999999979400249, 6.277698252316656e-05, -1.3379088399601487e-05, 0.0009680832248122397, -6.418683307138393e-05, 0.9780313843866537, -0.20845768643726398, -0.12012479645539048, -1.1761891518878975e-09, 0.20845768686660746, 0.9780313864013891, 9.96524522622888e-10, 0.0, 0.0, 0.0, 1.0]}, {"left_foot_pose": [0.9999999999884726, 4.7905990063105175e-06, -3.2544097305917506e-07, 0.0001984209395870605, -4.8016402776889954e-06, 0.9976843290848432, -0.06801455340933744, -6.676491779791967e-05, -1.1430931622025347e-09, 0.06801455341011568, 0.9976843290963447, 1.050162672100452e-09, 0.0, 0.0, 0.0, 1.0], "right_foot_pose": [0.9999999979400245, 6.250824644161598e-05, -1.4583202724516777e-05, 0.0009680832140497741, -6.418684190248952e-05, 0.9738439740574559, -0.22721775914754236, -0.12012479643828378, -1.2195890241417538e-09, 0.22721775961552887, 0.9738439760635682, 1.036026625600428e-09, 0.0, 0.0, 0.0, 1.0]}, {"left_foot_pose": [0.9999999999881659, 4.846938843949772e-06, -4.204864281765803e-07, 0.0001992522022267891, -4.865143820446015e-06, 0.9962443362247702, -0.08658650308447885, -6.682720299955487e-05, -7.722627212397275e-10, 0.08658650308549948, 0.9962443362365613, 3.932722264971683e-05, 0.0, 0.0, 0.0, 1.0], "right_foot_pose": [0.9999999979400256, 6.22320559803287e-05, -1.5720033084976526e-05, 0.0009680832557555599, -6.41868228751036e-05, 0.9695419890247123, -0.24492514652043543, -0.12012479646432025, -9.632846456352905e-10, 0.24492514702491477, 0.9695419910219586, 8.15360931549769e-10, 0.0, 0.0, 0.0, 1.0]}, {"left_foot_pose": [0.9999999999782536, 6.560214656077708e-06, -6.763730955873319e-07, 0.00022189603388810626, -6.594990283862899e-06, 0.9947304299814517, -0.10252498049462638, -6.851821922596209e-05, 2.2302040517099777e-10, 0.10252498049685708, 0.9947304300030838, 0.001005888632498432, 0.0, 0.0, 0.0, 1.0], "right_foot_pose": [0.9999999979400278, 6.198783718665889e-05, -1.6656894436140517e-05, 0.0009680833214366698, -6.418679062687915e-05, 0.9657389489034904, -0.2595154686157211, -0.1201247965272805, -5.908912712852384e-10, 0.2595154691502788, 0.9657389508928954, 4.830889022144902e-10, 0.0, 0.0, 0.0, 1.0]}, {"left_foot_pose": [0.9999999999462972, 1.0294960656598758e-05, -1.1918331694895286e-06, 0.0002712293150440668, -1.036371939351159e-05, 0.9933792392333624, -0.11488118624361754, -7.22010567079899e-05, 1.2450345020849923e-09, 0.11488118624979951, 0.9933792392867086, 0.002752750151493205, 0.0, 0.0, 0.0, 1.0], "right_foot_pose": [0.9999999979400297, 6.180249893582405e-05, -1.733180124963199e-05, 0.000968083380937556, -6.418676038869939e-05, 0.9628532142105943, -0.2700253391154006, -0.12012479655427255, -2.6019230823691437e-10, 0.2700253396716285, 0.9628532161940477, 2.081940730924714e-10, 0.0, 0.0, 0.0, 1.0]}, {"left_foot_pose": [0.9999999998762259, 1.561452772443282e-05, -1.932750635480765e-06, 0.0003415233192907712, -1.5733689862633652e-05, 0.9924426145551998, -0.12270964333454432, -7.744825496852972e-05, 2.090966016317964e-09, 0.12270964334976493, 0.9924426146780349, 0.004589020860416765, 0.0, 0.0, 0.0, 1.0], "right_foot_pose": [0.999999997940031, 6.169271704615649e-05, -1.771853221804778e-05, 0.0009680834231438432, -6.41867410021871e-05, 0.9611440209100116, -0.27604739982292453, -0.1201247965527174, -5.282823273750531e-11, 0.2760474003915701, 0.9611440228899393, 4.890416543945619e-11, 0.0, 0.0, 0.0, 1.0]}, {"left_foot_pose": [0.9999999997520851, 2.2092104063202023e-05, -2.7874467900538885e-06, 0.000427049143870337, -2.226726105635615e-05, 0.9921482841012202, -0.1250671094219994, -8.3832549930659e-05, 2.564953278221244e-09, 0.12506710945306176, 0.9921482843471822, 0.005823810267525098, 0.0, 0.0, 0.0, 1.0], "right_foot_pose": [0.9999999979400314, 6.1668080449106e-05, -1.7804072803051986e-05, 0.0009680834403551534, -6.418673659448715e-05, 0.96076046707642, -0.2773793806020235, -0.12012479653908387, -4.655808818015324e-12, 0.27737938117341576, 0.9607604690555567, 2.162257872750928e-11, 0.0, 0.0, 0.0, 1.0]}, {"left_foot_pose": [0.9999999995640849, 2.930855399372384e-05, -3.5833123384071096e-06, 0.0005220778922747255, -2.952679220766424e-05, 0.9926192155458372, -0.12127280015459606, -9.092661039537472e-05, 2.534270894755333e-09, 0.12127280020753468, 0.9926192159785264, 0.006000000139492402, 0.0, 0.0, 0.0, 1.0], "right_foot_pose": [0.9999999979400302, 6.173266544712286e-05, -1.757887213438327e-05, 0.0009680834383425832, -6.41867488560546e-05, 0.9617659445424308, -0.273872714592869, -0.12012479652235193, -1.3210267500085294e-10, 0.27387271515703004, 0.9617659465236414, 1.327840545850556e-10, 0.0, 0.0, 0.0, 1.0]}, {"left_foot_pose": [0.9999999993127359, 3.6841241138000066e-05, -4.15355427801977e-06, 0.0006208809385483093, -3.707464170475645e-05, 0.9937107415999726, -0.11197750066108991, -9.830238675163916e-05, 2.0413978372130295e-09, 0.11197750073812297, 0.9937107422829062, 0.0060000004292492595, 0.0, 0.0, 0.0, 1.0], "right_foot_pose": [0.9999999979400286, 6.188334534202537e-05, -1.704095043969558e-05, 0.0009680834227068233, -6.41867776291512e-05, 0.9641117852533126, -0.2654966316466711, -0.12012479648318841, -4.3859259287678346e-10, 0.2654966321935591, 0.9641117872393624, 3.957168898116592e-10, 0.0, 0.0, 0.0, 1.0]}, {"left_foot_pose": [0.9999999990110691, 4.426286387949721e-05, -4.319958428256846e-06, 0.0007177293795455434, -4.4473173469551324e-05, 0.9952734357226664, -0.09711223489827393, -0.00010553239280196476, 1.0742325629144068e-09, 0.09711223499435843, 0.9952734367069191, 0.005978465376019107, 0.0, 0.0, 0.0, 1.0], "right_foot_pose": [0.9999999979400257, 6.211492885822467e-05, -1.617664666320231e-05, 0.0009680833760817237, -6.418682328510632e-05, 0.967717167398814, -0.2520386474365947, -0.1201247964355582, -9.439682476537333e-10, 0.25203864795572883, 0.9677171693923012, 8.214824515073715e-10, 0.0, 0.0, 0.0, 1.0]}, {"left_foot_pose": [0.9999999986849377, 5.1136720614237674e-05, -3.893755045615096e-06, 0.0008068941169004193, -5.12847494228962e-05, 0.9971130555864051, -0.07593123039315436, -0.00011218976265655982, -3.601235050375858e-10, 0.07593123049298993, 0.9971130568976728, 0.0050793201956682715, 0.0, 0.0, 0.0, 1.0], "right_foot_pose": [0.9999999979400216, 6.241911410832133e-05, -1.4960292124500033e-05, 0.0009680832769189095, -6.418688451472497e-05, 0.9724529278015192, -0.23309933309706724, -0.12012479643259469, -1.6739940895135991e-09, 0.2330993335771421, 0.9724529298047757, 1.4140921003602536e-09, 0.0, 0.0, 0.0, 1.0]}, {"left_foot_pose": [0.9999999983714096, 5.700393386991749e-05, -2.7808069643652554e-06, 0.0008826468411775294, -5.707172119588044e-05, 0.9988105933120551, -0.04875854212791725, -0.00011784561800376285, -1.92925709982319e-09, 0.04875854220721466, 0.9988105949387143, 0.003359234600404132, 0.0, 0.0, 0.0, 1.0], "right_foot_pose": [0.9999999979400175, 6.277803688342992e-05, -1.3374705536195935e-05, 0.0009680831506442199, -6.418695082643301e-05, 0.9780414218096052, -0.20841058779409818, -0.12012479642539556, -2.591548704144469e-09, 0.20841058822325736, 0.9780414238243879, 2.181030890613389e-09, 0.0, 0.0, 0.0, 1.0]}, {"left_foot_pose": [0.9999999981152387, 6.138823589362613e-05, -1.0040573306124949e-06, 0.0009392589207856191, -6.139644636070188e-05, 0.999865363404428, -0.01640887852987392, -0.00012207183835773877, -3.389958483168802e-09, 0.016408878560592328, 0.9998653652889395, 0.0015090988855505985, 0.0, 0.0, 0.0, 1.0], "right_foot_pose": [0.9999999979400142, 6.316303205288914e-05, -1.1419408114444114e-05, 0.0009680830039403446, -6.418700403311755e-05, 0.9840370347904821, -0.17796378856605655, -0.12012479641165581, -3.6119814718358532e-09, 0.17796378893243112, 0.9840370368176257, 3.0663413266851514e-09, 0.0, 0.0, 0.0, 1.0]}, {"left_foot_pose": [0.9999999979634225, 6.380813243888967e-05, 1.2953648296775636e-06, 0.0009710016585370218, -6.382127948953176e-05, 0.9997954052777511, 0.02022729621928311, -0.0001244404451626463, -4.433808911181355e-09, -0.020227296260760804, 0.9997954073139066, 0.0002198035691115402, 0.0, 0.0, 0.0, 1.0], "right_foot_pose": [0.9999999979400136, 6.353410210505166e-05, -9.131853800359776e-06, 0.0009680828671075725, -6.418701476135323e-05, 0.9898180072598818, -0.14233871006898885, -0.12012479639387642, -4.488807831810532e-09, 0.14233871036191925, 0.9898180092989345, 3.874963808159215e-09, 0.0, 0.0, 0.0, 1.0]}, {"left_foot_pose": [0.9999999979400402, 6.407238632674146e-05, 3.827485672568338e-06, 0.0009757853067887752, -6.418660540634951e-05, 0.9982249190676646, 0.05955675303804759, -0.00012479651872054215, -4.748286859269401e-09, -0.05955675316103665, 0.9982249211239501, 4.433140271542513e-09, 0.0, 0.0, 0.0, 1.0], "right_foot_pose": [0.9999999979400167, 6.38427060807364e-05, -6.638884651466921e-06, 0.0009680827813962591, -6.418696040668529e-05, 0.9946289796602036, -0.10350453468392916, -0.12012479644285841, -4.782519057051442e-09, 0.10350453489684125, 0.9946289817091537, 4.224784647122171e-09, 0.0, 0.0, 0.0, 1.0]}, {"left_foot_pose": [0.9999999979400447, 6.387208434386695e-05, 6.3457486371142734e-06, 0.0009757852299204945, -6.41865380308936e-05, 0.9951077812067163, 0.0987952410895151, -0.00012479664311053004, -4.4458749339306406e-09, -0.09879524129331324, 0.995107783256566, 4.240163324620294e-09, 0.0, 0.0, 0.0, 1.0], "right_foot_pose": [0.9999999979400228, 6.405409145977495e-05, -4.126428485074411e-06, 0.0009680827449890371, -6.418686801406304e-05, 0.9979269972908394, -0.06435607164933839, -0.12012479657861592, -4.395311908397311e-09, 0.06435607178162867, 0.9979269993465644, 4.020673433080546e-09, 0.0, 0.0, 0.0, 1.0]}, {"left_foot_pose": [0.9999999979400452, 6.359984961951543e-05, 8.65849979403303e-06, 0.0009757852451283089, -6.418652878783958e-05, 0.9908671840377954, 0.13484146052716853, -0.00012479671409719104, -3.526697060577564e-09, -0.13484146080516052, 0.990867186078907, 3.5364676742588586e-09, 0.0, 0.0, 0.0, 1.0], "right_foot_pose": [0.999999997952413, 6.39685636467274e-05, -1.7879595274332884e-06, 0.0009874062460443719, -6.39935459287783e-05, 0.9996079878783536, -0.027997615516600228, -0.12012480735340839, -3.7086246243555045e-09, 0.027997615573690345, 0.9996079899251444, 8.978959378624918e-06, 0.0, 0.0, 0.0, 1.0]}, {"left_foot_pose": [0.9999999979400425, 6.330315754031506e-05, 1.0612529488750392e-05, 0.0009757853482721418, -6.418656814979999e-05, 0.9862430522834557, 0.1653016566846749, -0.00012479672242450904, -2.4166608577790444e-09, -0.16530165702534258, 0.9862430543150492, 2.565396110820739e-09, 0.0, 0.0, 0.0, 1.0], "right_foot_pose": [0.9999999990183439, 4.4309064149623085e-05, 1.363369119263911e-07, 0.0029558278225917146, -4.4309273854559105e-05, 0.9999954039101377, 0.003031533487910739, -0.12012591675441946, -2.0118735872680806e-09, -0.0030315334909759998, 0.999995404891789, 0.0008383185657275319, 0.0, 0.0, 0.0, 1.0]}, {"left_foot_pose": [0.9999999979400389, 6.302540404640667e-05, 1.215406801474576e-05, 0.0009757854579803762, -6.418662572860935e-05, 0.9819128972166906, 0.18933319349655145, -0.0001247967173525601, -1.435118084368298e-09, -0.1893331938866613, 0.981912899239376, 1.7542768834810651e-09, 0.0, 0.0, 0.0, 1.0], "right_foot_pose": [0.9999999999937513, -3.5336620396211024e-06, -1.0308511089182703e-07, 0.007740263120276698, 3.5351635670107943e-06, 0.9996034280781296, 0.028160017080146763, -0.1201286158168118, 3.536246732887202e-09, -0.02816001708033541, 0.9996034280843755, 0.0025292421944780666, 0.0, 0.0, 0.0, 1.0]}, {"left_foot_pose": [0.9999999979400356, 6.27987286825941e-05, 1.3275899027497188e-05, 0.0009757855429197851, -6.418667944849447e-05, 0.9783785752302256, 0.20682204768966184, -0.00012479669844733896, -6.935172562876714e-10, -0.20682204811575183, 0.978378577245642, 1.1909699407230967e-09, 0.0, 0.0, 0.0, 1.0], "right_foot_pose": [0.9999999972882648, -7.356172889949577e-05, -3.4845822616807646e-06, 0.014751155295173568, 7.364421339534985e-05, 0.9988865400699649, 0.04717705632597702, -0.12013257147120932, 1.0276491014346511e-08, -0.04717705645466484, 0.9988865427786449, 0.004390857196228941, 0.0, 0.0, 0.0, 1.0]}, {"left_foot_pose": [0.9999999979400329, 6.264445528820024e-05, 1.3985954783689505e-05, 0.0009757855921039894, -6.418671754717658e-05, 0.9759729932253106, 0.21789151515121824, -0.0001247966572894936, -2.188750414507284e-10, -0.21789151560008166, 0.9759729952357803, 8.990058697477821e-10, 0.0, 0.0, 0.0, 1.0], "right_foot_pose": [0.9999999871804348, -0.00015983592301077045, -9.57117897048974e-06, 0.02339894608085465, 0.00016012223297879862, 0.9982178960212695, 0.059674168814825686, -0.12013745075170275, 1.604628192185192e-08, -0.05967416958238755, 0.9982179088178352, 0.005732271929394267, 0.0, 0.0, 0.0, 1.0]}, {"left_foot_pose": [0.9999999979400318, 6.257484596932041e-05, 1.4294249438438965e-05, 0.0009757856314928729, -6.418673472811492e-05, 0.9748875550651392, 0.2226976669369912, -0.00012479658429549734, -1.3680505926990177e-11, -0.2226976673957425, 0.9748875570733769, 8.99012593535975e-10, 0.0, 0.0, 0.0, 1.0], "right_foot_pose": [0.9999999669565935, -0.0002565255688497355, -1.6776297882767894e-05, 0.03309407229025107, 0.00025707355226670033, 0.9978732188290861, 0.06518414728189484, -0.12014292062159396, 1.9217906773296228e-08, -0.06518414944073124, 0.997873251801895, 0.006000014349696353, 0.0, 0.0, 0.0, 1.0]}, {"left_foot_pose": [0.9999999979400322, 6.259305792363066e-05, 1.4214268429512038e-05, 0.0009757856957381795, -6.418673014867978e-05, 0.9751715387113311, 0.22145082065198873, -0.00012479650595815205, -6.597221997294288e-11, -0.22145082110817488, 0.9751715407201527, 1.234677693418007e-09, 0.0, 0.0, 0.0, 1.0], "right_foot_pose": [0.99999993570211, -0.00035786592535915905, -2.297292464486747e-05, 0.043246970701615796, 0.000358602531271334, 0.9979492480866001, 0.06400913721972638, -0.12014864879746065, 1.912375310032715e-08, -0.06400914134222302, 0.997949312252196, 0.00600001374415967, 0.0, 0.0, 0.0, 1.0]}, {"left_foot_pose": [0.999999997940034, 6.269712857401276e-05, 1.3747841040411179e-05, 0.0009757857194755766, -6.418670473331681e-05, 0.9767943049826998, 0.21417955465784355, -0.0001247964371250132, -3.697579216321811e-10, -0.21417955509906975, 0.9767943069948584, 1.971510996123804e-09, 0.0, 0.0, 0.0, 1.0], "right_foot_pose": [0.999999894745046, -0.0004580860648534117, -2.582739023098831e-05, 0.05326808453403061, 0.0004588135750500065, 0.9984161957441535, 0.056257351216308024, -0.12015430286620944, 1.577606255398454e-08, -0.05625735714490057, 0.998416300832008, 0.005998223032364337, 0.0, 0.0, 0.0, 1.0]}, {"left_foot_pose": [0.9999999979400369, 6.288037003357309e-05, 1.288357170897582e-05, 0.0009757855645927477, -6.418666025449044e-05, 0.9796515030748015, 0.20070607465484322, -0.00012479633171786839, -9.381476222033178e-10, -0.20070607506834973, 0.979651505092836, 3.1892695012691874e-09, 0.0, 0.0, 0.0, 1.0], "right_foot_pose": [0.9999998477522258, -0.0005513331655427373, -2.2962268579446706e-05, 0.06256785526547153, 0.0005518111317394225, 0.9991344022560495, 0.041594972447658425, -0.12015954923454396, 9.704661154018745e-09, -0.04159497878575205, 0.9991345543718387, 0.005241076902784504, 0.0, 0.0, 0.0, 1.0]}, {"left_foot_pose": [0.9999999979400402, 6.312749196944948e-05, 1.161206562344409e-05, 0.000975785269241724, -6.41866053574749e-05, 0.9835043793305496, 0.1808843047854368, -0.00012479621931694995, -1.7448963140584382e-09, -0.18088430515816173, 0.9835043813565093, 4.978502041175226e-09, 0.0, 0.0, 0.0, 1.0], "right_foot_pose": [0.9999998004777406, -0.000631569924676173, -1.2802699160368954e-05, 0.07055672133722954, 0.0006316996745726792, 0.9997944814882951, 0.0202631621686315, -0.12016405599441247, 2.464164167808764e-09, -0.020263166213140678, 0.9997946809695574, 0.003581708511348522, 0.0, 0.0, 0.0, 1.0]}, {"left_foot_pose": [0.9999999979400431, 6.341266726200466e-05, 9.937182432028133e-06, 0.0009757847704891236, -6.418655588628015e-05, 0.9879496878532144, 0.1547753538223157, -0.00012479612311063187, -2.718269879163002e-09, -0.15477535414131896, 0.9879496898883214, 7.3665640254461096e-09, 0.0, 0.0, 0.0, 1.0], "right_foot_pose": [0.9999997601639117, -0.0006925665691184563, 4.864819269152095e-06, 0.07664512501857715, 0.0006925836549568146, 0.9999751280224414, -0.007018807903256744, -0.12016749090226253, -3.706562708018275e-09, 0.007018809589187428, 0.999975367852604, 0.001711010940367394, 0.0, 0.0, 0.0, 1.0]}, {"left_foot_pose": [0.9999999979400445, 6.369912701571589e-05, 7.895113194210559e-06, 0.000975784114380109, -6.418653738576475e-05, 0.9924133295012028, 0.1229462456052506, -0.00012479610064387338, -3.647057107998523e-09, -0.12294624585874704, 0.9924133315455014, 1.0135771479069522e-08, 0.0, 0.0, 0.0, 1.0], "right_foot_pose": [0.9999997345947109, -0.0007280010574011089, 2.872225750622613e-05, 0.08024350731845453, 0.0007285674351880636, 0.9992226780209497, -0.039414577482624585, -0.12016952198053385, -6.076979965247093e-09, 0.03941458794788854, 0.999222943219829, 0.00031987821005034084, 0.0, 0.0, 0.0, 1.0]}, {"left_foot_pose": [0.9999999979400422, 6.394141442798416e-05, 5.604614847774999e-06, 0.0009757835885378729, -6.41865731279776e-05, 0.996186081667256, 0.08725414931407885, -0.00012479622820230594, -4.085582744658807e-09, -0.0872541494940803, 0.9961860837193347, 1.2220805603591067e-08, 0.0, 0.0, 0.0, 1.0], "right_foot_pose": [0.9999997292897744, -0.000733716271955315, 5.550504111990306e-05, 0.08096805053014092, 0.0007358127324971041, 0.9971509751435772, -0.07542805412998262, -0.12016993253679102, -4.115201084219807e-09, 0.07542807455215288, 0.9971512450823872, 1.3389037455124875e-08, 0.0, 0.0, 0.0, 1.0]}, {"left_foot_pose": [0.999999997940038, 6.410427596822331e-05, 3.250681290644046e-06, 0.0009757835246348731, -6.418664277727224e-05, 0.9987198319439526, 0.050583526586417356, -0.0001247964035522367, -3.8995248755077546e-09, -0.05058352669086781, 0.9987198340012655, 1.2757555435671808e-08, 0.0, 0.0, 0.0, 1.0], "right_foot_pose": [0.9999997292898162, -0.0007311692803106224, 8.253349628901209e-05, 0.08096805054744041, 0.0007358126762048572, 0.993689772167256, -0.11216102384470655, -0.12016993276860158, -3.996040365234379e-09, 0.11216105421076775, 0.9936900411689397, 1.2985381582508726e-08, 0.0, 0.0, 0.0, 1.0]}, {"left_foot_pose": [0.9999999979400334, 6.417845034099439e-05, 1.0296673547949176e-06, 0.0009757840617714705, -6.418670962969203e-05, 0.9998721061078537, 0.015992726706601807, -0.00012479660249954498, -3.1472500371771312e-09, -0.015992726739748598, 0.9998721081675539, 1.2111566499717341e-08, 0.0, 0.0, 0.0, 1.0], "right_foot_pose": [0.99999972928982, -0.0007278784076730859, 0.00010776506819710284, 0.0809680502115645, 0.0007358126706367189, 0.9892173913433803, -0.14645276113310793, -0.12016993283236337, -3.2770670270273994e-09, 0.1464528007817571, 0.9892176591343175, 1.1471930620732262e-08, 0.0, 0.0, 0.0, 1.0]}, {"left_foot_pose": [0.99999999948111, 3.22115606059446e-05, -4.4298988005675196e-07, 0.0041710796825330364, -3.221460621826141e-05, 0.999903394012313, -0.01389969801389062, -0.000123724958728106, -4.783880624862034e-09, 0.013899698020948623, 0.9999033945311554, 0.0006826703172832516, 0.0, 0.0, 0.0, 1.0], "right_foot_pose": [0.9999997292897912, -0.0007243554103492437, 0.00012934289026578843, 0.08096804974951528, 0.0007358127097022012, 0.9844293374869238, -0.1757792310675881, -0.1201699327700789, -2.2987221592503144e-09, 0.17577927865449822, 0.9844296039817699, 8.726507960687968e-09, 0.0, 0.0, 0.0, 1.0]}, {"left_foot_pose": [0.9999999983491539, -5.741754964628272e-05, 2.217697814056357e-06, 0.013133176348795943, 5.7460360123629256e-05, 0.9992645207838935, -0.03834598024361388, -0.00012071599318760895, -1.4334519215937403e-08, 0.03834598030773994, 0.9992645224334942, 0.0023080987583448884, 0.0, 0.0, 0.0, 1.0], "right_foot_pose": [0.9999997292897498, -0.0007210733657682981, 0.00014653882683141647, 0.08096804937833055, 0.000735812765985796, 0.979968657245422, -0.19915041902084532, -0.12016993261315422, -1.3944268958774364e-09, 0.1991504729339249, 0.9799689225328494, 6.486373452241345e-09, 0.0, 0.0, 0.0, 1.0]}, {"left_foot_pose": [0.9999999813654974, -0.00019273607479762037, 1.1036801997713868e-05, 0.026684142379701358, 0.00019305181898853245, 0.9983723235957178, -0.05703215066156724, -0.00011616616079931572, -2.668479991053756e-08, 0.057032151729475844, 0.9983723421995954, 0.0041855061729418955, 0.0, 0.0, 0.0, 1.0], "right_foot_pose": [0.9999997292897107, -0.0007183933713563839, 0.00015915862834692843, 0.08096804901825665, 0.000735812819258823, 0.9763261889902463, -0.21630217583574396, -0.12016993241171167, -6.877285230378024e-10, 0.21630223439147828, 0.9763264532917533, 4.848167887983035e-09, 0.0, 0.0, 0.0, 1.0]}, {"left_foot_pose": [0.9999999341995311, -0.0003618892408983065, 2.524107896429568e-05, 0.043645572977624364, 0.00036276842934570826, 0.9975835869907366, -0.0694755738786166, -0.0001104710782326053, -3.7623401088726414e-08, 0.06947557846375745, 0.9975836526312599, 0.0056239927454701175, 0.0, 0.0, 0.0, 1.0], "right_foot_pose": [0.9999997292896825, -0.0007165648522112321, 0.0001671986069888332, 0.08096804863581819, 0.0007358128577318646, 0.9738409723299926, -0.22722944173414955, -0.12016993224254155, -2.2266808933068744e-10, 0.22722950324767996, 0.9738412359588253, 3.752012638080782e-09, 0.0, 0.0, 0.0, 1.0]}, {"left_foot_pose": [0.9999998460880385, -0.0005532485028342403, 4.171324009373198e-05, 0.0628390663936075, 0.0005548187977606903, 0.9971755233121897, -0.07510437991997175, -0.00010402633752405223, -4.4036272655101884e-08, 0.07510439150379865, 0.9971756767876175, 0.006000055601212195, 0.0, 0.0, 0.0, 1.0], "right_foot_pose": [0.9999997292896694, -0.0007157364351455029, 0.00017071011362257958, 0.08096804835259358, 0.000735812875320841, 0.9727150330145911, -0.2320019894889602, -0.12016993217067627, -1.690507901418946e-11, 0.2320020522943243, 0.9727152963386674, 3.112573955521558e-09, 0.0, 0.0, 0.0, 1.0]}, {"left_foot_pose": [0.999999713163783, -0.0007553216796581838, 5.6227329593385986e-05, 0.08308620052260875, 0.000757411612250994, 0.9972447659343259, -0.07417751104103094, -9.722732856853183e-05, -4.452790739728731e-08, 0.07417753235146628, 0.9972450519778205, 0.0060000588288026055, 0.0, 0.0, 0.0, 1.0], "right_foot_pose": [0.9999997292896725, -0.0007159374927390995, 0.00016986491046755946, 0.08096804836364871, 0.0007358128711280312, 0.9729882980245627, -0.23085326613822005, -0.12016993217388593, -6.158024305575139e-11, 0.23085332863264404, 0.9729885614226041, 2.9248256663838568e-09, 0.0, 0.0, 0.0, 1.0]}, {"left_foot_pose": [0.9999995403936713, -0.0009566066853040252, 6.41568123541261e-05, 0.10320855807408083, 0.0009587556755602264, 0.9977608254588322, -0.06687612404487336, -9.046927991594213e-05, -3.900670497504711e-08, 0.06687615481889113, 0.9977612840337309, 0.006000054906067788, 0.0, 0.0, 0.0, 1.0], "right_foot_pose": [0.9999997292896902, -0.0007171293483803756, 0.00016476056446424416, 0.08096804848532792, 0.0007358128470684128, 0.974608194212421, -0.223915891248161, -0.12016993218551969, -3.390270452197e-10, 0.22391595186476057, 0.9746084580489224, 3.2480808043189313e-09, 0.0, 0.0, 0.0, 1.0]}, {"left_foot_pose": [0.9999993421266684, -0.0011456934548378871, 5.5970875046347076e-05, 0.12202772601466562, 0.001147059819980055, 0.9988092787020508, -0.048772010748578676, -8.414872168040731e-05, -2.64558395868826e-08, 0.04877204286471499, 0.9988099357909906, 0.005390375676656317, 0.0, 0.0, 0.0, 1.0], "right_foot_pose": [0.9999997292897265, -0.0007198276532379725, 0.00015254056299724347, 0.08096804845674198, 0.0007358127980164875, 0.9782755297671584, -0.2073076130736939, -0.12016993224446511, -9.474600722565794e-10, 0.20730766919469154, 0.9782757945963215, 4.401876217696721e-09, 0.0, 0.0, 0.0, 1.0]}, {"left_foot_pose": [0.9999991412509573, -0.001310043940920016, 3.5808121519895275e-05, 0.13836528865058442, 0.0013105332306071636, 0.9996260720874984, -0.02731297321002551, -7.86616770020003e-05, -1.3536801628725207e-08, 0.02731299668276876, 0.9996269305156839, 0.0038012776985191163, 0.0, 0.0, 0.0, 1.0], "right_foot_pose": [0.9999997292897669, -0.0007227500262595436, 0.00013803185355349304, 0.0809680482897383, 0.0007358127431966943, 0.982247399986286, -0.187588655839815, -0.12016993229333674, -1.7233341361921929e-09, 0.18758870662324284, 0.9822476658905428, 6.125338125606561e-09, 0.0, 0.0, 0.0, 1.0]}, {"left_foot_pose": [0.9999989669619285, -0.001437384804613746, -4.019435818293518e-09, 0.1510428454054094, 0.0014373848046173381, 0.9999989669513232, 4.6055169533342275e-06, -7.440394665481423e-05, -2.6004685072427704e-09, -4.6055179734543706e-06, 0.9999999999893951, 0.0019195677042066345, 0.0, 0.0, 0.0, 1.0], "right_foot_pose": [0.9999997292898051, -0.000726122573042415, 0.00011902237339933978, 0.08096804780300187, 0.0007358126911410205, 0.9868310493487656, -0.16175270823357982, -0.12016993235917427, -2.6809387258706354e-09, 0.1617527520236453, 0.9868313164937444, 8.647266555583677e-09, 0.0, 0.0, 0.0, 1.0]}, {"left_foot_pose": [0.999998851139134, -0.0015150285384860217, -4.908095558945273e-05, 0.1588819869707607, 0.0015158233447958125, 0.9994745396897468, 0.032378183882935146, -7.177076199315312e-05, 1.2928881394325248e-09, -0.03237822108296533, 0.9994756879481881, 0.0004361480521796815, 0.0, 0.0, 0.0, 1.0], "right_foot_pose": [0.9999997292898234, -0.0007295511432681626, 9.578835853635651e-05, 0.08096804692459933, 0.0007358126665543447, 0.9914907048529855, -0.13017542306384064, -0.12016993240313736, -3.6384003213088346e-09, 0.13017545830631616, 0.9914909732593337, 1.1861956292213982e-08, 0.0, 0.0, 0.0, 1.0]}, {"left_foot_pose": [0.9999988206398178, -0.0015322106177226616, -0.00010511706567343126, 0.16087966989341493, 0.0015358121547056132, 0.9976536006582477, 0.06844658044533553, -7.109767019268347e-05, -4.158245654495242e-09, -0.06844666116223133, 0.9976547772530053, 1.713275891990218e-08, 0.0, 0.0, 0.0, 1.0], "right_foot_pose": [0.9999997292898009, -0.0007325221042129264, 6.951036770153387e-05, 0.08096804602321979, 0.0007358126965208709, 0.9955282123248604, -0.09446182850730425, -0.12016993228355843, -4.154710121322713e-09, 0.09446185408213481, 0.9955284818242846, 1.4612272475345023e-08, 0.0, 0.0, 0.0, 1.0]}, {"left_foot_pose": [0.999998820639721, -0.001527230025533289, -0.00016213456616207396, 0.16087967040213616, 0.0015358122178244613, 0.9944104957855254, 0.10557181040608288, -7.109739131928514e-05, -4.12438117008686e-09, -0.10557193490713097, 0.9944116685558178, 1.6179421399864502e-08, 0.0, 0.0, 0.0, 1.0], "right_foot_pose": [0.9999997292897497, -0.0007345985042365949, 4.225475631331157e-05, 0.08096804571636405, 0.0007358127661582075, 0.9983498135481685, -0.05742045252268666, -0.1201699320369134, -4.049551225059047e-09, 0.05742046806997053, 0.9983500838115984, 1.4963840354320634e-08, 0.0, 0.0, 0.0, 1.0]}, {"left_foot_pose": [0.9999988206397005, -0.0015205583444909525, -0.0002159201947291336, 0.16087967022740057, 0.0015358122311929798, 0.9900663871717245, 0.1405922838335027, -7.109724522055393e-05, -3.4432414867469592e-09, -0.14059244963742096, 0.9900675548188368, 1.4103163872847269e-08, 0.0, 0.0, 0.0, 1.0], "right_foot_pose": [0.9999997292896964, -0.0007356329659307792, 1.6268787305736095e-05, 0.08096804608808182, 0.0007358128389702764, 0.9997553743979142, -0.022105427884400657, -0.120169931712876, -3.326066143466408e-09, 0.02210543387101594, 0.9997556450420144, 1.4161312844596097e-08, 0.0, 0.0, 0.0, 1.0]}, {"left_foot_pose": [0.9999988206397553, -0.0015132378142765177, -0.00026235551578432674, 0.16087966967717904, 0.001535812195294006, 0.9852999059758543, 0.17082662721272224, -7.109732889358338e-05, -2.446949295899457e-09, -0.1708268286753902, 0.9853010680014054, 1.0772755971999448e-08, 0.0, 0.0, 0.0, 1.0], "right_foot_pose": [0.9999997105909096, -0.0007607724443092801, -6.586736537721173e-06, 0.0834683539157817, 0.0007608009576215054, 0.9999622225054082, 0.008658795756176726, -0.12016709044734061, -8.855049791187819e-10, -0.008658798261438184, 0.9999625119036553, 0.0005400726850944351, 0.0, 0.0, 0.0, 1.0]}, {"left_foot_pose": [0.9999988206398416, -0.0015062898364126295, -0.0002996829259185064, 0.16087966916797747, 0.0015358121393470132, 0.9807760508367541, 0.19513067259181577, -7.109752643822027e-05, -1.5123120047123848e-09, -0.1951309027191506, 0.9807772075267707, 7.988031631989134e-09, 0.0, 0.0, 0.0, 1.0], "right_foot_pose": [0.9999996435797216, -0.0008438132125014053, -2.8630266217159223e-05, 0.09182312811622821, 0.0008442987798444504, 0.9994249090602007, 0.03389894260268276, -0.12015760038224449, 9.425552523436618e-09, -0.03389895469291122, 0.9994252652753622, 0.0020904320758948283, 0.0, 0.0, 0.0, 1.0]}, {"left_foot_pose": [0.9999988206399253, -0.0015005032897073142, -0.0003274272995980894, 0.16087966868931605, 0.001535812084515825, 0.9770084314916689, 0.21319513614393454, -7.109777200089637e-05, -7.707258373273888e-10, -0.21319538757690665, 0.9770095837380173, 5.944992657880288e-09, 0.0, 0.0, 0.0, 1.0], "right_foot_pose": [0.999999524589652, -0.0009737099892661344, -5.205119106327037e-05, 0.10491108402003409, 0.0009751002354451881, 0.9985750292022174, 0.053356913641262244, -0.12014273421738272, 2.2859827047205135e-08, -0.05335693902996223, 0.9985755039341553, 0.003974053929630336, 0.0, 0.0, 0.0, 1.0]}, {"left_foot_pose": [0.9999988206399884, -0.0014964291476342116, -0.00034556973123314863, 0.1608796682134219, 0.0015358120435244019, 0.9743557672436284, 0.22500773346809222, -7.109798879859769e-05, -2.7019311795938257e-10, -0.2250079988331244, 0.9743569163613064, 4.548969673168202e-09, 0.0, 0.0, 0.0, 1.0], "right_foot_pose": [0.9999993485868085, -0.0011388749739469806, -7.609042219391386e-05, 0.12155240138084482, 0.0011414140166494406, 0.9977769249870179, 0.06663261316722861, -0.12012383200600935, 3.505189276988905e-08, -0.06663265661254003, 0.9977775749498253, 0.005500037691880039, 0.0, 0.0, 0.0, 1.0]}, {"left_foot_pose": [0.999998820640021, -0.0014947421367655068, -0.00035279528443379963, 0.16087966785350988, 0.001535812022397917, 0.9732573693792811, 0.2297122857627653, -7.109809029330963e-05, -2.240515263652886e-11, -0.22971255667652823, 0.973258517201434, 3.7672218122786205e-09, 0.0, 0.0, 0.0, 1.0], "right_foot_pose": [0.9999991136217594, -0.0013279735133712898, -9.613554581810136e-05, 0.14056726429476732, 0.0013314487198604482, 0.9973913007074726, 0.0721721588797413, -0.12010223402853412, 4.20416925639122e-08, -0.07217222290745968, 0.9973921847701607, 0.006000051897345357, 0.0, 0.0, 0.0, 1.0]}, {"left_foot_pose": [0.999998820640016, -0.00149503400002055, -0.00035155642027731603, 0.16087966782509694, 0.0015358120255605395, 0.9734474006407265, 0.22890565625872059, -7.109811392630797e-05, -5.540652398365431e-11, -0.22890592622112765, 0.9734485486870113, 3.4582045629893976e-09, 0.0, 0.0, 0.0, 1.0], "right_foot_pose": [0.9999988243214823, -0.0015294677369521615, -0.00010992767746930053, 0.16077583525360237, 0.0015334130724641618, 0.9974279249011258, 0.07166019307665225, -0.12007928049470