{"LoopMode": "Wrap", "FrameDuration": 0.005, "EnableCycleOffsetPosition": true, "EnableCycleOffsetRotation": false, "Debug_info": [{"left_foot_pose": [0.9559256184382633, 0.29338005647286647, 0.011591137882140438, 0.021888845073481905, -0.2936089440283196, 0.9551804113888848, 0.037738172790128005, -0.00163374245060309, -5.863777855534062e-10, -0.03947814791679532, 0.9992204340570009, 3.2554452258914957e-09, 0.0, 0.0, 0.0, 1.0], "right_foot_pose": [0.9889200216928404, 0.14818788626630106, 0.008805740114116656, -2.343074027768427e-09, -0.14844928661004583, 0.9871786593559138, 0.058660922403495776, -0.14744999990756497, -6.230849058612735e-10, -0.05931816649380137, 0.9982391272254425, 3.4567235532301233e-09, 0.0, 0.0, 0.0, 1.0]}, {"left_foot_pose": [0.9559256184780272, 0.2932365669208572, 0.014782684393301045, 0.02188884714438389, -0.29360894389885683, 0.9547132418427535, 0.04812913787612673, -0.0016337426186928822, -1.3806108513468179e-09, -0.05034820424375813, 0.9987317249038552, 2.8550553934914014e-09, 0.0, 0.0, 0.0, 1.0], "right_foot_pose": [0.988917903481817, 0.14809717199199168, 0.010421507621371224, -1.0249265951867235e-06, -0.14846339674516984, 0.986478528727712, 0.06941708857403313, -0.14744976691977654, -1.1899972295228578e-07, -0.07019501411911902, 0.9975332876615208, 1.1922897645608166e-05, 0.0, 0.0, 0.0, 1.0]}, {"left_foot_pose": [0.9559256184858738, 0.29306675007840877, 0.017835131647406407, 0.021888847501526025, -0.29360894387331016, 0.954160355971761, 0.058067229737973965, -0.0016337424910483397, -1.256128419835978e-09, -0.060744506667870755, 0.9981533473919115, 2.517408635716034e-09, 0.0, 0.0, 0.0, 1.0], "right_foot_pose": [0.9887695730342055, 0.14895865081292195, 0.012085188858636665, -7.254677912096495e-05, -0.14944808945033286, 0.9855320184120292, 0.07994941678559796, -0.1474335058842988, -1.1833110802174443e-06, -0.0808576590849993, 0.9967256588278909, 0.000817877969123311, 0.0, 0.0, 0.0, 1.0]}, {"left_foot_pose": [0.9559256184923496, 0.29287667446572796, 0.020723548535811653, 0.02188884781420528, -0.2936089438522265, 0.9535415120015651, 0.06747127521953321, -0.0016337424355854085, -1.0966170585372053e-09, -0.07058213969317005, 0.9975059706870605, 2.2288742657083915e-09, 0.0, 0.0, 0.0, 1.0], "right_foot_pose": [0.9883935332217525, 0.1512778848480279, 0.013900541044407175, -0.0002517906111635861, -0.15191518515087424, 0.9842485922320933, 0.09042391945563037, -0.1473927597709366, -2.448679306025151e-06, -0.09148612050496832, 0.9958063515307355, 0.0027443404015629197, 0.0, 0.0, 0.0, 1.0]}, {"left_foot_pose": [0.9559256184973101, 0.29267219133246103, 0.02343502338790288, 0.021888848072126908, -0.29360894383607605, 0.9528757603006683, 0.0762992367647805, -0.0016337424356301592, -9.074695643309075e-10, -0.07981712756094164, 0.9968095235038246, 1.968972734855967e-09, 0.0, 0.0, 0.0, 1.0], "right_foot_pose": [0.9877937313799029, 0.15495239902252483, 0.01591534742733866, -0.0005318208510730999, -0.15576759685964514, 0.9826267398523819, 0.10090166448404433, -0.14732910557538467, -3.890978975273996e-06, -0.10214912708508019, 0.9947690967358288, 0.00558880163860985, 0.0, 0.0, 0.0, 1.0]}, {"left_foot_pose": [0.9559256185007415, 0.29245936127198924, 0.025956384539372445, 0.021888848269837242, -0.2936089438249036, 0.9521828328179525, 0.08450823032583402, -0.0016337424783647633, -6.970923234666871e-10, -0.08840460899274448, 0.9960846475620636, 1.7248874412123527e-09, 0.0, 0.0, 0.0, 1.0], "right_foot_pose": [0.9869695012911378, 0.15987859361781714, 0.018166970686162014, -0.0009057022937598962, -0.16090743764977705, 0.9806626556253505, 0.11139817041055257, -0.14724412013227028, -5.486900922422049e-06, -0.11286979739781733, 0.9936097869914876, 0.009148757845926565, 0.0, 0.0, 0.0, 1.0]}, {"left_foot_pose": [0.9559256185027857, 0.29224386373518346, 0.028279603943464085, 0.021888848407175813, -0.29360894381824865, 0.9514812205906751, 0.09207211832695268, -0.001633742552999624, -4.75796754057147e-10, -0.09631724130399304, 0.9953506864555776, 1.4926686275895662e-09, 0.0, 0.0, 0.0, 1.0], "right_foot_pose": [0.9859168705575775, 0.16595209478906042, 0.02068396927757088, -0.0013664999677736242, -0.16723613335024304, 0.9783523354684525, 0.12189660940930365, -0.14713937998784143, -7.2119703113669805e-06, -0.12363903072471633, 0.9923272595416494, 0.013221708804105947, 0.0, 0.0, 0.0, 1.0]}, {"left_foot_pose": [0.9559256185035967, 0.292031003154992, 0.030399096776154228, 0.021888848485661826, -0.2936089438156077, 0.9507881936808247, 0.09897271779959561, -0.0016337426511047418, -2.4933653122619485e-10, -0.10353600317495572, 0.994625706508009, 1.265831925389982e-09, 0.0, 0.0, 0.0, 1.0], "right_foot_pose": [0.9846297772229518, 0.17306871919372072, 0.023482338949217085, -0.0019072789642307886, -0.17465452105284515, 0.9756966385803589, 0.13233241378736343, -0.14701646153450462, -9.03781676328424e-06, -0.13439973176920333, 0.99092719814257, 0.01760515577798641, 0.0, 0.0, 0.0, 1.0]}, {"left_foot_pose": [0.9559256185033792, 0.2918258306674369, 0.03230938631718312, 0.02188884850822737, -0.29360894381631564, 0.9501201974729753, 0.10519219773815457, -0.0016337427644374054, -2.3242730384979477e-11, -0.11004224147651694, 0.9939269113424914, 1.0429032637482294e-09, 0.0, 0.0, 0.0, 1.0], "right_foot_pose": [0.9831011940063596, 0.18112591135202546, 0.026560244354452024, -0.0025211043520246097, -0.1830629460699965, 0.9727074133459482, 0.1425771573500051, -0.14687694108627397, -1.0929020854611815e-05, -0.1450299702086878, 0.9894272624209542, 0.02209660027657933, 0.0, 0.0, 0.0, 1.0]}, {"left_foot_pose": [0.955925618502393, 0.2916330044270795, 0.03400592036180729, 0.021888848479546953, -0.29360894381952746, 0.9494923978925578, 0.11071573715341088, -0.0016337428841447753, 1.965319658302857e-10, -0.11582045187736409, 0.9932701661315134, 8.273428261929006e-10, 0.0, 0.0, 0.0, 1.0], "right_foot_pose": [0.9813241586484741, 0.19002444342780572, 0.029893252630265463, -0.003201041166685147, -0.19236136693208788, 0.9694128019194862, 0.15243334276538772, -0.14672239489314012, -1.2840671960018013e-05, -0.15533682877722282, 0.9878615639149814, 0.026493543601687868, 0.0, 0.0, 0.0, 1.0]}, {"left_foot_pose": [0.9559256185008997, 0.29145671676170665, 0.03548512573121323, 0.02188884840482057, -0.29360894382438957, 0.9489184442363322, 0.11553170255140491, -0.001633743001190049, 4.051287774962326e-10, -0.12085846450533108, 0.9926697494924558, 6.243434172437112e-10, 0.0, 0.0, 0.0, 1.0], "right_foot_pose": [0.9792927089736058, 0.1996705486726454, 0.03342846308016213, -0.00394015444664039, -0.20244947501676644, 0.9658624278287099, 0.16162914518819305, -0.14655439912035806, -1.4716407970575634e-05, -0.16504981824163, 0.9862852311992878, 0.030593486759971783, 0.0, 0.0, 0.0, 1.0]}, {"left_foot_pose": [0.9559256184991662, 0.2913007538677182, 0.036743471434896056, 0.021888848289933156, -0.2936089438300337, 0.9484106635273996, 0.11962859779555424, -0.0016337431060732535, 5.981130853946154e-10, -0.12514425317855213, 0.992138556803627, 4.415588797379577e-10, 0.0, 0.0, 0.0, 1.0], "right_foot_pose": [0.977002721337576, 0.2099783075792027, 0.037078199054759564, -0.0047315093092309335, -0.21322683280285978, 0.962131458778106, 0.16981570540551955, -0.14637452977811852, -1.6487324001427663e-05, -0.1738164732575333, 0.98477806299312, 0.03419393049153459, 0.0, 0.0, 0.0, 1.0]}, {"left_foot_pose": [0.9559256184974572, 0.2911684735257896, 0.03777739965795132, 0.021888848141515694, -0.29360894383559716, 0.9479799879621618, 0.12299483941615326, -0.0016337431887734543, 7.713642413794652e-10, -0.12866570035530833, 0.9916880243060714, 2.889875838629763e-10, 0.0, 0.0, 0.0, 1.0], "right_foot_pose": [0.9744526512021013, 0.22087147466182366, 0.04071636336790601, -0.0055681710546496435, -0.22459303247998713, 0.9583203306202288, 0.17657891629913922, -0.14618436263728127, -1.807316720742268e-05, -0.18121240465444538, 0.983443981156382, 0.03709237533548895, 0.0, 0.0, 0.0, 1.0]}, {"left_foot_pose": [0.955925618496029, 0.2910627754426458, 0.038583320938065796, 0.02188884796720544, -0.29360894384024766, 0.9476358583495209, 0.12561874090748484, -0.0016337432388037068, 9.210237764731553e-10, -0.13141058070715483, 0.9913280280907072, 1.790613005092645e-10, 0.0, 0.0, 0.0, 1.0], "right_foot_pose": [0.9716441747330335, 0.23228383099663014, 0.044179402043155215, -0.006443205262956115, -0.23644787444915397, 0.9545480270778859, 0.18146753613302954, -0.14598547315631322, -1.9386563274993828e-05, -0.18676800009435335, 0.9824040481211979, 0.039086321727307034, 0.0, 0.0, 0.0, 1.0]}, {"left_foot_pose": [0.9559256184951176, 0.29098603277534785, 0.039157893640906244, 0.021888847776041304, -0.29360894384321495, 0.9473860011688616, 0.12748942263790433, -0.0016337432451895431, 1.0435693972214815e-09, -0.13336751298175584, 0.9910666508772569, 1.2706249247207424e-10, 0.0, 0.0, 0.0, 1.0], "right_foot_pose": [0.968582730559642, 0.244156926273232, 0.04727461702050293, -0.007349677821238789, -0.2486915632824626, 0.9509371540512587, 0.18404085252198046, -0.1457794364589933, -2.0340907868378014e-05, -0.19001558988067305, 0.9817810729427142, 0.03997327016896086, 0.0, 0.0, 0.0, 1.0]}, {"left_foot_pose": [0.9559256184805854, 0.29098471203820864, 0.039167707266982855, 0.021888847468177923, -0.2936089438905277, 0.9473817012192275, 0.12752137178705553, -0.001633742984899481, 5.047225408634025e-10, -0.13340093536030606, 0.9910621526650063, 3.907697776472929e-11, 0.0, 0.0, 0.0, 1.0], "right_foot_pose": [0.9652779596848188, 0.25641463900849704, 0.0498998341565918, -0.008280654845517002, -0.26122492245118756, 0.9475182891850227, 0.18431123555078932, -0.1455678279015924, -2.090656170454725e-05, -0.1909466537073369, 0.981600415138913, 0.040000000072863695, 0.0, 0.0, 0.0, 1.0]}, {"left_foot_pose": [0.9559256184825256, 0.29097797285964166, 0.03921774138443238, 0.021888847360356657, -0.29360894388421216, 0.9473597599573828, 0.12768427187672116, -0.001633742964101969, 5.327210870852243e-10, -0.13357134619365313, 0.9910391997676057, 3.35478658741728e-11, 0.0, 0.0, 0.0, 1.0], "right_foot_pose": [0.9617440433781405, 0.26890983859583356, 0.05230577150781748, -0.009229200367455118, -0.27394962050860366, 0.9440658581064243, 0.18355179372856106, -0.1453522259882107, -2.1209836923373364e-05, -0.19085899052479327, 0.9816174638248847, 0.04000000006461176, 0.0, 0.0, 0.0, 1.0]}, {"left_foot_pose": [0.9559256184850419, 0.29099994303067256, 0.03905438618307575, 0.021888847247720007, -0.29360894387601894, 0.9474312899896252, 0.12715242358918954, -0.0016337429401825096, 5.394812406414194e-10, -0.13301497624230726, 0.9911140277966303, 5.389900331609354e-11, 0.0, 0.0, 0.0, 1.0], "right_foot_pose": [0.9579999543958525, 0.28154372722444093, 0.05449052246137595, -0.010188379296895344, -0.28676835063393297, 0.940560269695399, 0.18196233716132576, -0.1451342071565092, -2.126588324489235e-05, -0.18994606795374303, 0.9817945257622257, 0.04000000008447427, 0.0, 0.0, 0.0, 1.0]}, {"left_foot_pose": [0.9559256184881119, 0.2910502403513836, 0.03867776505337404, 0.021888847132508743, -0.2936089438660239, 0.9475950469575769, 0.12592622865529907, -0.001633742913560921, 5.247018535323591e-10, -0.1317322457596116, 0.9912853350207148, 1.0002781936080396e-10, 0.0, 0.0, 0.0, 1.0], "right_foot_pose": [0.9540695983521593, 0.294227127416988, 0.05640566453909343, -0.011151256810250159, -0.29958504811818026, 0.9370198070108217, 0.1795624688330777, -0.14491534767362935, -2.1075504079442508e-05, -0.1882133862437789, 0.9821281590477248, 0.0400000001325349, 0.0, 0.0, 0.0, 1.0]}, {"left_foot_pose": [0.9559256184916974, 0.29112806907423805, 0.03808752168851096, 0.021888847016651725, -0.2936089438543503, 0.9478484400829703, 0.1240045270182243, -0.0016337428845788647, 4.881980736365691e-10, -0.12972194120266, 0.9915504112099469, 1.7207297392518583e-10, 0.0, 0.0, 0.0, 1.0], "right_foot_pose": [0.9499818604255635, 0.3068716046969736, 0.0580024404063271, -0.012110898082944544, -0.3123050823093516, 0.9334663669557415, 0.1763691507214286, -0.1446972238067029, -2.0643019733969384e-05, -0.1856619508492607, 0.9826136776885984, 0.04000000020966607, 0.0, 0.0, 0.0, 1.0]}, {"left_foot_pose": [0.9559256184957292, 0.2912322192878698, 0.037282788954432634, 0.02188884690240859, -0.2936089438412231, 0.9481875301611798, 0.12138449548144087, -0.0016337428536370938, 4.2997423085335523e-10, -0.12698110920725475, 0.9919051355369105, 2.7017564574460806e-10, 0.0, 0.0, 0.0, 1.0], "right_foot_pose": [0.9457705578609383, 0.31938941489766465, 0.05923220015107203, -0.013060368291287684, -0.3248354221515242, 0.9299255128413644, 0.17239631400458177, -0.14448141182237925, -1.9976241770536805e-05, -0.18228807481032, 0.9832451664681079, 0.040000000317223415, 0.0, 0.0, 0.0, 1.0]}, {"left_foot_pose": [0.9559256185001621, 0.2913610235521749, 0.03626245785536655, 0.021888846791089503, -0.2936089438267899, 0.9486068883756191, 0.1180625233985934, -0.0016337428050631252, 3.4953522126262707e-10, -0.12350597265296819, 0.9923438288814243, 3.966776906949576e-10, 0.0, 0.0, 0.0, 1.0], "right_foot_pose": [0.9414743003542428, 0.3316942951752499, 0.060041954670738945, -0.0139927324860812, -0.33708476887612154, 0.9264288442551155, 0.16764085159609035, -0.1442694877901293, -1.9084559686879415e-05, -0.17806878188027542, 0.984018042799752, 0.03998808045571177, 0.0, 0.0, 0.0, 1.0]}, {"left_foot_pose": [0.9559256185051381, 0.2915136288340055, 0.03501451255693336, 0.021888846692582693, -0.2936089438105894, 0.9491037374415136, 0.11399948986281214, -0.0016337426329827136, 2.4265542541927796e-10, -0.1192556069062629, 0.9928635859076614, 5.876978070862293e-10, 0.0, 0.0, 0.0, 1.0], "right_foot_pose": [0.937136265439566, 0.34376284475458435, 0.06002271706794143, -0.014901056166305975, -0.3489636366135196, 0.9231784292637343, 0.16113959185628987, -0.14406302523613942, -1.7873163812982855e-05, -0.17195550095411286, 0.9851047179727492, 0.03918213202802822, 0.0, 0.0, 0.0, 1.0]}, {"left_foot_pose": [0.9559256185100723, 0.2916874436263723, 0.033535758629393425, 0.021888846623735934, -0.2936089437945256, 0.9496696399754523, 0.1091849945402708, -0.0016337424500076792, 1.1593095597707387e-10, -0.11421913210845179, 0.9934555802150357, 8.321048017290167e-10, 0.0, 0.0, 0.0, 1.0], "right_foot_pose": [0.9328038749176204, 0.3555225256064576, 0.05899715861867997, -0.0157784055471101, -0.36038442068345156, 0.9202269754146496, 0.15266100696595367, -0.14386360162464384, -1.635007556537526e-05, -0.1636644356774303, 0.986516067901108, 0.03725568560402704, 0.0, 0.0, 0.0, 1.0]}, {"left_foot_pose": [0.9559256185147393, 0.29187835233539283, 0.03183142009383757, 0.02188884658179461, -0.29360894377933033, 0.9502911965109097, 0.10363604569188478, -0.001633742266682196, -2.8511777082703035e-11, -0.10841434071118478, 0.9941057945350487, 1.1151045087309797e-09, 0.0, 0.0, 0.0, 1.0], "right_foot_pose": [0.9285283980577436, 0.366847878085915, 0.057075812251618216, -0.0166178449406454, -0.3712613820300549, 0.9174962293557728, 0.14270828753465253, -0.14367279451694442, -1.461006091590927e-05, -0.15369874255113863, 0.9881177542807057, 0.03441124070246413, 0.0, 0.0, 0.0, 1.0]}, {"left_foot_pose": [0.9559256185188912, 0.2920818331326668, 0.02990676534059669, 0.021888846564336796, -0.2936089437658129, 0.9509536849713783, 0.09736979603594197, -0.0016337420935451635, -1.8828307438999058e-10, -0.10185917628382098, 0.994798828008348, 1.4242822685139878e-09, 0.0, 0.0, 0.0, 1.0], "right_foot_pose": [0.9243644788291321, 0.37761303516067546, 0.05439398823113308, -0.017412438924096038, -0.38151056357131596, 0.9149258934142429, 0.13175848907621154, -0.14349218116135026, -1.2745310480564351e-05, -0.14254474819119764, 0.9897883584891596, 0.0308512969242107, 0.0, 0.0, 0.0, 1.0]}, {"left_foot_pose": [0.9559256185222579, 0.29229293408854595, 0.02776783273408609, 0.021888846568883284, -0.2936089437548507, 0.9516409829656899, 0.0904059051570043, -0.0016337419410564656, -3.6062114535422704e-10, -0.09457420484469059, 0.9955178148973505, 1.7483238398674494e-09, 0.0, 0.0, 0.0, 1.0], "right_foot_pose": [0.9203695837700449, 0.38769749275070253, 0.05109288977708196, -0.018155252375810386, -0.3910496504965597, 0.9124836076796999, 0.12022410973826281, -0.1433233384563713, -1.0838476863161523e-05, -0.13063047052911653, 0.9914311272357094, 0.026778353763866024, 0.0, 0.0, 0.0, 1.0]}, {"left_foot_pose": [0.9559256185246064, 0.29250642618471456, 0.025420513153661697, 0.021888846592090838, -0.29360894374720464, 0.9523360659641619, 0.08276355245852572, -0.0016337418185702925, -5.43554067550701e-10, -0.08657949009176867, 0.9962449457314452, 2.0788616245104308e-09, 0.0, 0.0, 0.0, 1.0], "right_foot_pose": [0.9166033763297545, 0.396989459770045, 0.047303481186714694, -0.018839350402036357, -0.39979776190048044, 0.910167523890352, 0.10842890774453083, -0.14316784298909407, -8.958834148617107e-06, -0.11829812883893465, 0.9929781229377342, 0.022394910509560814, 0.0, 0.0, 0.0, 1.0]}, {"left_foot_pose": [0.9559256185256879, 0.29271689181317695, 0.022869916779799514, 0.021888846630775376, -0.29360894374368407, 0.9530212954307764, 0.0744593755625412, -0.0016337417348678638, -7.348617281709779e-10, -0.07789243674888181, 0.9969617687240181, 2.4083459948531782e-09, 0.0, 0.0, 0.0, 1.0], "right_foot_pose": [0.9131270198407963, 0.4053865810536181, 0.043136591640093674, -0.019457798241822498, -0.40767517165676737, 0.9080028023731125, 0.09660158020032329, -0.14302727112757452, -7.161772243761464e-06, -0.10579523044179616, 0.9943879369564356, 0.017903466183027066, 0.0, 0.0, 0.0, 1.0]}, {"left_foot_pose": [0.9559256185251356, 0.29291849750916954, 0.02012375870231072, 0.021888846683423967, -0.2936089437454827, 0.953677678890016, 0.06551849311159566, -0.0016337416998788, -9.284492251170279e-10, -0.06853932158931153, 0.997648415723735, 2.7225510942918696e-09, 0.0, 0.0, 0.0, 1.0], "right_foot_pose": [0.9100024105031501, 0.41279433170959123, 0.03868400944690205, -0.020003661189195367, -0.41460295807953573, 0.9060339340890182, 0.08489344751437027, -0.14290319912160926, -5.491332295825425e-06, -0.09329174662106218, 0.9956388150239207, 0.013506519518253116, 0.0, 0.0, 0.0, 1.0]}, {"left_foot_pose": [0.9559256185227543, 0.2931051555264499, 0.017192430186162195, 0.021888846746750817, -0.2936089437532348, 0.9542853959857286, 0.0559747367700069, -0.0016337417200777138, -1.121633982359233e-09, -0.05855553613602784, 0.9982841525276377, 3.015190284949565e-09, 0.0, 0.0, 0.0, 1.0], "right_foot_pose": [0.9072913407954155, 0.4191243362791064, 0.034017843204056174, -0.020470004517630855, -0.42050258370406884, 0.9043183511753546, 0.07338866960022312, -0.1427972031131595, -3.982440233736753e-06, -0.08088949540012393, 0.9967230756424041, 0.009406569041345222, 0.0, 0.0, 0.0, 1.0]}, {"left_foot_pose": [0.9559256185184061, 0.293270915145994, 0.014084821249674933, 0.021888846818072974, -0.2936089437673926, 0.954825072493294, 0.04585705047179588, -0.0016337418000467643, -1.3130163420329907e-09, -0.04797135882595104, 0.9988487116337453, 3.2839951313867743e-09, 0.0, 0.0, 0.0, 1.0], "right_foot_pose": [0.9050545923249281, 0.42429280900899713, 0.02918556380838016, -0.020849893492383267, -0.4252954089858796, 0.902921428030476, 0.06210241459830283, -0.14271085915750745, -2.663015582187916e-06, -0.06861856182302944, 0.9976429686848133, 0.005806113471700597, 0.0, 0.0, 0.0, 1.0]}, {"left_foot_pose": [0.9559256185116922, 0.2934097181271531, 0.010814304489163165, 0.021888846899914972, -0.29360894378925106, 0.9552769841171157, 0.035208972479601156, -0.0016337419480568788, -1.48694582368216e-09, -0.03683233531360267, 0.9993214593289527, 3.4983825489276477e-09, 0.0, 0.0, 0.0, 1.0], "right_foot_pose": [0.9033509556753455, 0.42821770332358094, 0.02422084723366819, -0.02113639346217335, -0.42890214604034266, 0.9019095919388447, 0.051010166542513474, -0.14264574320574921, -1.5580819425365074e-06, -0.05646845605277392, 0.9984043837386672, 0.002907652818247168, 0.0, 0.0, 0.0, 1.0]}, {"left_foot_pose": [0.95592561850256, 0.29351543335124725, 0.007409606948355643, 0.021888846994259064, -0.2936089438189841, 0.9556211692941017, 0.024124031720992443, -0.0016337421664427611, -1.6312313468067182e-09, -0.025236306813885827, 0.9996815136924344, 3.637661082078747e-09, 0.0, 0.0, 0.0, 1.0], "right_foot_pose": [0.9022361733748867, 0.4308163780248039, 0.019160790156722163, -0.021322569978860735, -0.43124226074604616, 0.9013452216755752, 0.04008620597222272, -0.14260343094801306, -6.925855808908179e-07, -0.04443016754636141, 0.9990124925201499, 0.000913690305382471, 0.0, 0.0, 0.0, 1.0]}, {"left_foot_pose": [0.955925618491278, 0.2935830296978603, 0.0039008442027144838, 0.0218888471035651, -0.293608943855715, 0.9558412478181489, 0.012700277846432033, -0.0016337424517094534, -1.7421069804208696e-09, -0.01328584370186658, 0.9999117392835882, 3.706513589107896e-09, 0.0, 0.0, 0.0, 1.0], "right_foot_pose": [0.901761800352295, 0.43200571002729454, 0.014025759487476171, -0.021401488977915994, -0.4322333344680612, 0.9012869178129043, 0.02926151660348606, -0.14258549793122155, -9.128168809196143e-08, -0.03244931868511722, 0.9994733821952757, 2.673363190584116e-05, 0.0, 0.0, 0.0, 1.0]}, {"left_foot_pose": [0.9559256183966592, 0.2936087610550377, 0.0003279095784566988, 0.021888849182244777, -0.29360894416377326, 0.9559250222404216, 0.0010675962178024322, -0.0016337433858038975, -1.3682632361027048e-09, -0.0011168197598128563, 0.9999993763566182, 3.806629185476584e-09, 0.0, 0.0, 0.0, 1.0], "right_foot_pose": [0.9017479450023851, 0.4321727014055427, 0.008797718102510649, -0.02140378945271791, -0.4322622394842921, 0.9015611585039343, 0.018353032258140032, -0.14258497599431016, -1.3947072221915502e-09, -0.020352730452683123, 0.9997928617284284, 4.16263942065731e-09, 0.0, 0.0, 0.0, 1.0]}, {"left_foot_pose": [0.9559256183182125, 0.2935908254148321, -0.0032618208383802137, 0.02188885107829721, -0.29360894441917806, 0.955866626855697, -0.01061976556090841, -0.0016337444783728044, -5.454914299746029e-11, 0.01110940573344689, 0.99993828864798, 3.925426241002672e-09, 0.0, 0.0, 0.0, 1.0], "right_foot_pose": [0.9017479450182299, 0.4322482548981516, 0.0034770379494932003, -0.02140378716736744, -0.43226223945123815, 0.9017187716597613, 0.0072534944000689616, -0.1425849761823382, -9.24880985153195e-11, -0.008043815880168378, 0.9999676479897167, 4.433144962234792e-09, 0.0, 0.0, 0.0, 1.0]}, {"left_foot_pose": [0.9559256182878575, 0.29352914783775974, -0.006844828019538885, 0.02188885207503464, -0.2936089445180072, 0.9556658180690252, -0.022285238914662154, -0.0016337451326793439, 9.80852354686814e-10, 0.02331273351841486, 0.9997282212961182, 3.983823250452989e-09, 0.0, 0.0, 0.0, 1.0], "right_foot_pose": [0.9017479450425834, 0.4322582568946198, -0.0018555209248624198, -0.021403785948992483, -0.43226223940043346, 0.9017396370943995, -0.003870824380281932, -0.14258497615333798, 9.660405132078694e-10, 0.0042925795607752, 0.9999907868379161, 4.4992119127562624e-09, 0.0, 0.0, 0.0, 1.0]}, {"left_foot_pose": [0.95592561830162, 0.29342489773351843, -0.010394309247906618, 0.021888852100485953, -0.2936089444732002, 0.9553264030569, -0.033841562429946744, -0.0016337451112678723, 1.0709139337726859e-09, 0.035401878656945315, 0.999373157027724, 3.935934481114067e-09, 0.0, 0.0, 0.0, 1.0], "right_foot_pose": [0.9017479450617718, 0.432203546859748, -0.007123037184057598, -0.021403785995419353, -0.4322622393604046, 0.9016255059054472, -0.014859459070746392, -0.14258497605436032, 1.0898651980238237e-09, 0.016478506686002967, 0.9998642201906214, 4.329166650163252e-09, 0.0, 0.0, 0.0, 1.0]}, {"left_foot_pose": [0.9559256183475604, 0.29328088822975423, -0.013875618400702438, 0.021888851156756657, -0.2936089443236281, 0.9548575404796155, -0.04517593609860261, -0.0016337444224713334, 1.9311954849672622e-10, 0.04725884031995405, 0.9988826768002408, 3.7661284299495e-09, 0.0, 0.0, 0.0, 1.0], "right_foot_pose": [0.9017479450597036, 0.43208833141092745, -0.012260401262674284, -0.021403787248026086, -0.4322622393647184, 0.9013851534044685, -0.02557658384931936, -0.14258497593089797, 2.343117456351139e-10, 0.028363340433084368, 0.9995976795288575, 3.948825620658791e-09, 0.0, 0.0, 0.0, 1.0]}, {"left_foot_pose": [0.9559256184097759, 0.2931019889480361, -0.01724633707759952, 0.021888849348182686, -0.29360894412106836, 0.9542750845705626, -0.05615025289308751, -0.0016337433198956412, -1.0296407297302232e-09, 0.058739144039999684, 0.9982733658459735, 3.5032078002372735e-09, 0.0, 0.0, 0.0, 1.0], "right_foot_pose": [0.9017479450252132, 0.4319193166325901, -0.017214748399013123, -0.021403789411083184, -0.43226223943666975, 0.9010325691602223, -0.03591191542822609, -0.1425849757057992, -9.9331752564804e-10, 0.03982478163361816, 0.9992066787045784, 3.4271627896709234e-09, 0.0, 0.0, 0.0, 1.0]}, {"left_foot_pose": [0.9559214291414178, 0.2929086882364602, -0.020462689555058564, 0.02188982584864613, -0.2936225831032364, 0.9535972912797082, -0.06661820138511158, -0.0016341253273741453, 1.1535161584498376e-07, 0.06969007403928222, 0.9975686911588529, 1.1922890950685772e-05, 0.0, 0.0, 0.0, 1.0], "right_foot_pose": [0.901747944965176, 0.4317050723119065, -0.02194024364616383, -0.021403791689292823, -0.4322622395619139, 0.9005856308735628, -0.04576983409392326, -0.14258497528715228, -1.3716211924498035e-09, 0.050756792690616934, 0.9987110432931848, 2.8926073758483994e-09, 0.0, 0.0, 0.0, 1.0]}, {"left_foot_pose": [0.9556285653649286, 0.2936222102762513, -0.02366522112845304, 0.021958140690820603, -0.29457434555166867, 0.9525400633978061, -0.0767683695600624, -0.0016608233580814973, 1.1728844900005244e-06, 0.08033321389433637, 0.9967680646690246, 0.0008178781164848437, 0.0, 0.0, 0.0, 1.0], "right_foot_pose": [0.9017479449563182, 0.4314552150003459, -0.026401538138177146, -0.021403791981551238, -0.43226223958039195, 0.9000644001961788, -0.05507659877331098, -0.14258497545266283, -1.1766318967826964e-09, 0.06107759776299222, 0.9981330207199349, 2.5831109404239605e-09, 0.0, 0.0, 0.0, 1.0]}, {"left_foot_pose": [0.9548904536041586, 0.29572763698375704, -0.027007153490301583, 0.022129348441302172, -0.2969582826084066, 0.9509339696992402, -0.08683526738780072, -0.0017277261557564257, 2.431247361954152e-06, 0.0909381657833967, 0.9958565408722491, 0.0027443407241680776, 0.0, 0.0, 0.0, 1.0], "right_foot_pose": [0.9017479449499081, 0.4311785499828831, -0.030589243424372088, -0.0214037922095935, -0.4322622395937642, 0.8994872456376374, -0.06381262536990392, -0.14258497556937386, -9.63668596348606e-10, 0.07076547865926697, 0.9974929809427858, 2.306522410566725e-09, 0.0, 0.0, 0.0, 1.0]}, {"left_foot_pose": [0.9537254099587911, 0.2991235153119626, -0.030544475545528218, 0.022396825101715066, -0.30067896897520024, 0.9487929632851766, -0.09687141186410449, -0.0018322448330674798, 3.8662148094272334e-06, 0.1015728084082973, 0.9948281080554092, 0.005588802157979876, 0.0, 0.0, 0.0, 1.0], "right_foot_pose": [0.9017479449458053, 0.43088349524671826, -0.03449720727809909, -0.021403792377962402, -0.4322622396023236, 0.898871728070405, -0.07196507965470124, -0.14258497563552544, -7.376584610724491e-10, 0.07980620276454449, 0.9968103982203961, 2.047458057263807e-09, 0.0, 0.0, 0.0, 1.0]}, {"left_foot_pose": [0.9521473068469802, 0.3037069553541139, -0.034316050669886855, 0.02275394670401607, -0.30563950339295776, 0.9461289156118584, -0.10688577552151586, -0.0019717906144968624, 5.4543540786270825e-06, 0.11225934398821363, 0.9936789419413029, 0.009148758566795104, 0.0, 0.0, 0.0, 1.0], "right_foot_pose": [0.9017479449437401, 0.43057827314236335, -0.03811816479686738, -0.02140379248981824, -0.4322622396066312, 0.898235000245181, -0.07951880623348828, -0.14258497565269126, -5.046976702389779e-10, 0.08818296339021588, 0.996104294222106, 1.7982786093551084e-09, 0.0, 0.0, 0.0, 1.0]}, {"left_foot_pose": [0.9501668491626393, 0.30937429078676076, -0.03834718963017419, 0.023194089257612908, -0.3117418141682624, 0.9429536356062123, -0.11685667458946496, -0.0021437749717410706, 7.171052238360444e-06, 0.12298776076186028, 0.9924081875172942, 0.013221709705284468, 0.0, 0.0, 0.0, 1.0], "right_foot_pose": [0.9017479449433021, 0.43027033899250283, -0.041449718621581616, -0.021403792549273562, -0.43226223960754584, 0.8975926148041835, -0.08646880396106764, -0.14258497562642902, -2.7216176852180213e-10, 0.09589021447606527, 0.9953919161655544, 1.5585030765929986e-09, 0.0, 0.0, 0.0, 1.0]}, {"left_foot_pose": [0.9477927627937456, 0.31602277434167086, -0.04264369699255986, 0.023710628750099688, -0.31888693719721206, 0.9392836931659836, -0.1267172641649618, -0.002345609515228768, 8.987823025001011e-06, 0.1337002238212971, 0.9910218211872812, 0.01760515681478267, 0.0, 0.0, 0.0, 1.0], "right_foot_pose": [0.9017479449441673, 0.4299665980137741, -0.044490093070622, -0.021403792558044147, -0.43226223960574084, 0.8969589768070003, -0.09281136857286519, -0.14258497556400268, -4.3604246795567713e-11, 0.10292384814901157, 0.9946892386480309, 1.3230946060982518e-09, 0.0, 0.0, 0.0, 1.0]}, {"left_foot_pose": [0.9450329297629081, 0.32356874227915056, -0.04707473508820476, 0.02429694220635135, -0.3269751696174126, 0.9351923464265387, -0.13602394509383275, -0.002574704900870684, 1.0835130685999346e-05, 0.1439393768400938, 0.9895865074249377, 0.022096598324085046, 0.0, 0.0, 0.0, 1.0], "right_foot_pose": [0.9017479737906018, 0.42971256888613074, -0.04687963209994689, -0.021403792116420652, -0.43226217942880896, 0.8964291980802642, -0.09779622213884841, -0.14258497527562633, 5.167009527264774e-09, 0.10845183710042569, 0.9941017045702832, 8.530702810816138e-10, 0.0, 0.0, 0.0, 1.0]}, {"left_foot_pose": [0.9418952042171035, 0.33189748660737267, -0.0517443973443571, 0.024946403472094772, -0.33590686821025467, 0.9306585864220941, -0.1450557527573748, -0.0028284761972133116, 1.2727929649332205e-05, 0.15400861632564294, 0.9880695046075766, 0.026493544877063943, 0.0, 0.0, 0.0, 1.0], "right_foot_pose": [0.9017479449805775, 0.4294456178287271, -0.04926565792727812, -0.021403792168994646, -0.4322622395297842, 0.8958721533971257, -0.1027737371330446, -0.14258497552654803, 1.6169217621239948e-11, 0.11397168988525046, 0.9934839978100806, 8.433243825489711e-10, 0.0, 0.0, 0.0, 1.0]}, {"left_foot_pose": [0.938388692137679, 0.34093187075540216, -0.05649886699181923, 0.025652389152424775, -0.34558162893276584, 0.9257696797222581, -0.15337482795793161, -0.003104331599887454, 1.4570977201168238e-05, 0.1634501747021732, 0.9865515902260341, 0.030593487862362892, 0.0, 0.0, 0.0, 1.0], "right_foot_pose": [0.9017479449814343, 0.42920265429717264, -0.051339315013170704, -0.021403792077986396, -0.43226223952799725, 0.8953653040182278, -0.10709962016079655, -0.14258497542120196, 1.4762211463156302e-10, 0.11876890967171681, 0.9929219234639709, 6.205574248907553e-10, 0.0, 0.0, 0.0, 1.0]}, {"left_foot_pose": [0.9345241884912433, 0.35059828356314954, -0.06119954809765802, 0.026408275394487424, -0.35589962188649527, 0.9206117659570112, -0.16065315285597098, -0.003399684438479572, 1.630440964417139e-05, 0.17191515332886645, 0.9851117600506452, 0.03419393134011191, 0.0, 0.0, 0.0, 1.0], "right_foot_pose": [0.9017479449817251, 0.42898891510961623, -0.05309571013095064, -0.021403791962324007, -0.43226223952739073, 0.8949194199225359, -0.11076365886100567, -0.1425849753159987, 2.624107786791828e-10, 0.12283217232707044, 0.9924274570170925, 4.1716198551089434e-10, 0.0, 0.0, 0.0, 1.0]}, {"left_foot_pose": [0.9303150712985976, 0.36083578593679366, -0.06566128008242435, 0.027207438120518887, -0.36676132265562933, 0.9152932543795016, -0.16650642837823182, -0.003711946919631632, 1.7848785978281515e-05, 0.17898545771866103, 0.9838517193188527, 0.03709237586747884, 0.0, 0.0, 0.0, 1.0], "right_foot_pose": [0.90174794498131, 0.42880904017702404, -0.05452935708812372, -0.021403791826987564, -0.4322622395282572, 0.8945441804870092, -0.1137544084193703, -0.1425849752220584, 3.5866370668445467e-10, 0.12614878603968, 0.9920113324860331, 2.4457463138061186e-10, 0.0, 0.0, 0.0, 1.0]}, {"left_foot_pose": [0.9257778726175924, 0.37159538202519793, -0.06965775354684618, 0.028043253297844174, -0.3780678910012671, 0.9099379026659057, -0.17052179651243282, -0.004038531525387627, 1.9118048174957335e-05, 0.18420066598555188, 0.9828886581322324, 0.039086321927722406, 0.0, 0.0, 0.0, 1.0], "right_foot_pose": [0.9017479449800724, 0.42866707376993013, -0.055634374174076906, -0.02140379167818429, -0.43226223953083837, 0.894248022515533, -0.1160595989259092, -0.14258497515121596, 4.3457634200672165e-10, 0.12870514400203303, 0.9916829059267965, 1.183936837456656e-10, 0.0, 0.0, 0.0, 1.0]}, {"left_foot_pose": [0.9209327851971314, 0.3828354762586932, -0.07293698147603304, 0.028909096966224658, -0.3897214450706535, 0.904670484808136, -0.172303537888967, -0.0043768510266357155, 2.00274035841263e-05, 0.18710508286733654, 0.9823399042918453, 0.03997327010392639, 0.0, 0.0, 0.0, 1.0], "right_foot_pose": [0.9017479449779322, 0.42856636445629276, -0.05640491986335944, -0.02140379152321012, -0.4322622395353032, 0.8940379314980842, -0.11766704430107651, -0.14258497511597884, 4.885229849353545e-10, 0.1304877323710679, 0.9914499239500988, 5.931014707138971e-11, 0.0, 0.0, 0.0, 1.0]}, {"left_foot_pose": [0.9158040642134161, 0.39446390579042584, -0.07550591366742392, 0.029798345771214485, -0.4016253422615799, 0.8994838668055753, -0.17212163666941924, -0.004724317859722691, 2.0578120602400935e-05, 0.1879547828203711, 0.9821776820878642, 0.040000000047267, 0.0, 0.0, 0.0, 1.0], "right_foot_pose": [0.9017479449750054, 0.42850828115593476, -0.05684449590013802, -0.02140379140366045, -0.43226223954140874, 0.8939167631559783, -0.11858404958249805, -0.1425849751408104, 5.191781957946002e-10, 0.13150465212122767, 0.9913155534291161, 3.4725396169665856e-11, 0.0, 0.0, 0.0, 1.0]}, {"left_foot_pose": [0.9104203316431452, 0.4063096331297567, -0.07776439903162068, 0.030704375488096868, -0.41368444410521715, 0.8941996274126687, -0.17109122432317386, -0.00507834181183256, 2.0884053575577672e-05, 0.18793485137410765, 0.9821814960600967, 0.040000000045397596, 0.0, 0.0, 0.0, 1.0], "right_foot_pose": [0.9017479449713319, 0.4284916968010333, -0.05696937346110626, -0.02140379129327373, -0.4322622395490722, 0.8938821662986048, -0.11884455828237919, -0.14258497517555632, 5.281016717806116e-10, 0.13179354516016623, 0.991277186993686, 2.883596139646727e-11, 0.0, 0.0, 0.0, 1.0]}, {"left_foot_pose": [0.9048147958812675, 0.4182831912009399, -0.07968285331926431, 0.03162056199839079, -0.4258053366453168, 0.8888398204168342, -0.16927371008440398, -0.005436334421560166, 2.094539406847653e-05, 0.18709074162055325, 0.9823426357239938, 0.0400000000717675, 0.0, 0.0, 0.0, 1.0], "right_foot_pose": [0.901747944966953, 0.42851684293820935, -0.056779917806800376, -0.021403791184798994, -0.4322622395582072, 0.8939346239585987, -0.11844933237516235, -0.14258497521107102, 5.154789311693998e-10, 0.13135525648510846, 0.9913353603063554, 4.876524878349997e-11, 0.0, 0.0, 0.0, 1.0]}, {"left_foot_pose": [0.8990253584051312, 0.43029913187445534, -0.08121614403932761, 0.03254028131196089, -0.43789656828232676, 0.883436202132685, -0.1666945477450892, -0.005795707417075736, 2.0762659047733717e-05, 0.18542689629465442, 0.9826580614330934, 0.04000000012595434, 0.0, 0.0, 0.0, 1.0], "right_foot_pose": [0.9017479449619714, 0.4285833324535146, -0.05627584650541619, -0.021403791080457278, -0.432262239568599, 0.8940733285731731, -0.11739778267593343, -0.1425849752466919, 4.81465238644258e-10, 0.13018913271516483, 0.991489177814298, 9.43190456292875e-11, 0.0, 0.0, 0.0, 1.0]}, {"left_foot_pose": [0.8930946322039756, 0.4422732940481872, -0.08231835336189168, 0.033456909437706295, -0.4498688447922754, 0.8780239629833719, -0.163376690235292, -0.006153872526417029, 2.0339884020610925e-05, 0.18294330760850702, 0.9831234641628435, 0.040000000208333594, 0.0, 0.0, 0.0, 1.0], "right_foot_pose": [0.901747944956511, 0.4286901636104989, -0.05545617540285522, -0.021403790982152022, -0.43226223957998966, 0.8942961904077936, -0.11568785612759301, -0.1425849752818808, 4.262740345584113e-10, 0.12829289709766037, 0.9917363220908514, 1.6555271736828914e-10, 0.0, 0.0, 0.0, 1.0]}, {"left_foot_pose": [0.8870698702325233, 0.4541227545505089, -0.0829431680436298, 0.03436382238534677, -0.4616351859836633, 0.8726417769508698, -0.159340152447077, -0.006508241478305622, 1.9684607762989437e-05, 0.179635333159954, 0.9837332700956237, 0.040000000319758554, 0.0, 0.0, 0.0, 1.0], "right_foot_pose": [0.9017479449507414, 0.42883571587416536, -0.05431917311416582, -0.02140379089205994, -0.4322622395920265, 0.8945998288446542, -0.11331594086447386, -0.1425849753160424, 3.5034457861066944e-10, 0.12566254422781514, 0.9920730441747684, 2.6254491636290567e-10, 0.0, 0.0, 0.0, 1.0]}, {"left_foot_pose": [0.88100280763927, 0.46576691350178645, -0.08303755306332314, 0.035254395984464684, -0.4731110362040402, 0.867333938878096, -0.15458908723499068, -0.006856226174399908, 1.8805950710886552e-05, 0.1754794026580552, 0.9844831023888166, 0.039988080448374215, 0.0, 0.0, 0.0, 1.0], "right_foot_pose": [0.9017479449448039, 0.42901768310791943, -0.052862759751411956, -0.021403790812422368, -0.4322622396044126, 0.8949794330232993, -0.11027769800585768, -0.14258497536158618, 2.534174671421245e-10, 0.12229326247184105, 0.9924940090267513, 3.886474961301012e-10, 0.0, 0.0, 0.0, 1.0]}, {"left_foot_pose": [0.8749494274696463, 0.47720978001873415, -0.08206293453813748, 0.03612200538205634, -0.4842143110859173, 0.862298776105195, -0.14824750138560197, -0.007195240753463804, 1.7610491286651496e-05, 0.1694451137742107, 0.9855396253362502, 0.0391821320787675, 0.0, 0.0, 0.0, 1.0], "right_foot_pose": [0.9017479449385977, 0.42923500781969326, -0.0510681100202836, -0.021403790757026024, -0.43226223961735993, 0.8954327968945901, -0.10653385586993395, -0.14258497551378813, 1.3018977494654084e-10, 0.11814150120749103, 0.992996770232633, 5.962583760066309e-10, 0.0, 0.0, 0.0, 1.0]}, {"left_foot_pose": [0.8689696309557261, 0.4883868021012457, -0.0798129814628516, 0.0369600279754185, -0.4948654162671292, 0.8575986167899735, -0.14011720901690067, -0.007522695900030659, 1.6106873309275395e-05, 0.16125428370509695, 0.986912891661329, 0.037255685880762675, 0.0, 0.0, 0.0, 1.0], "right_foot_pose": [0.901747944932901, 0.4294843615520552, -0.048926751287132975, -0.02140379073382118, -0.4322622396292435, 0.8959529769272808, -0.10206673956707976, -0.14258497568389492, -1.157992661197493e-11, 0.11318765973977458, 0.9935736277109176, 8.705938955855252e-10, 0.0, 0.0, 0.0, 1.0]}, {"left_foot_pose": [0.8631268473788649, 0.4991639229236975, -0.07646844699121395, 0.037761839672768416, -0.5049871732299612, 0.8531780299485421, -0.1306721243660596, -0.007836002210593187, 1.4388741852625202e-05, 0.15140220363175383, 0.9884722416580114, 0.03441124124434182, 0.0, 0.0, 0.0, 1.0], "right_foot_pose": [0.9017479449280693, 0.429760130523793, -0.046442157897496776, -0.021403790739923618, -0.4322622396393231, 0.8965282621423548, -0.09688359697082805, -0.1425849758569658, -1.698140771076796e-10, 0.1074397756521384, 0.9942115944847044, 1.1912143701997557e-09, 0.0, 0.0, 0.0, 1.0]}, {"left_foot_pose": [0.8574875787780086, 0.5094092584972971, -0.07223060015439499, 0.03852081639873184, -0.5145046667271318, 0.8489988549240676, -0.12035735230398777, -0.008132570554783516, 1.2547229687091338e-05, 0.1403679154752156, 0.990099413265007, 0.030851297681532552, 0.0, 0.0, 0.0, 1.0], "right_foot_pose": [0.9017479449244893, 0.4300559037510572, -0.043618384579456375, -0.021403790772584527, -0.4322622396467911, 0.8971452785062501, -0.09099288669716603, -0.1425849760195723, -3.4193845783140383e-10, 0.10090722919000704, 0.9948958393204766, 1.540824932921847e-09, 0.0, 0.0, 0.0, 1.0]}, {"left_foot_pose": [0.8521208746581784, 0.5190001004710765, -0.06729718183397199, 0.039230334126345676, -0.5233450246807156, 0.8450490017509765, -0.10955441470620791, -0.008409812103046865, 1.066408987977181e-05, 0.12857324896996108, 0.9917000148913918, 0.026778354642272455, 0.0, 0.0, 0.0, 1.0], "right_foot_pose": [0.9017479449225703, 0.4303643910672983, -0.04046152158772952, -