{"LoopMode": "Wrap", "FrameDuration": 0.0167, "EnableCycleOffsetPosition": true, "EnableCycleOffsetRotation": false, "Debug_info": [{"left_foot_pose": [0.9999999999884726, 4.785130400566569e-06, 3.974043959464019e-07, 0.00019842111302271817, -4.801604232063508e-06, 0.9965691632582974, 0.08276413969590064, -6.676505781610075e-05, -3.765537745234218e-12, -0.08276413969685505, 0.9965691632697854, 3.2324837251351823e-12, 0.0, 0.0, 0.0, 1.0], "right_foot_pose": [0.9999999979400312, 6.398293128510394e-05, -5.110932503438697e-06, 0.0009680834198771603, -6.418673637819799e-05, 0.9968248031031633, -0.07962604974757198, -0.12012479653779061, -3.783280045316682e-12, 0.07962604991159872, 0.996824805156591, 3.1225994012729075e-12, 0.0, 0.0, 0.0, 1.0]}, {"left_foot_pose": [0.9999999999884724, 4.785771399304062e-06, 3.896043873074212e-07, 0.0001984211118494707, -4.801603842663748e-06, 0.9967029138325225, 0.08113754700941078, -6.676505823768886e-05, -1.407621823315341e-11, -0.08113754701034653, 0.9967029138440126, 1.2160585038945015e-11, 0.0, 0.0, 0.0, 1.0], "right_foot_pose": [0.9999999979400315, 6.397449561567424e-05, -5.215466289843433e-06, 0.000968083419044686, -6.418673677555158e-05, 0.996693359867823, -0.0812547984764798, -0.12012479653858443, -1.4129320948792655e-11, 0.08125479864386104, 0.9966933619209801, 1.2173491381606283e-11, 0.0, 0.0, 0.0, 1.0]}, {"left_foot_pose": [0.9999999999884728, 4.786806310327987e-06, 3.7666801877547503e-07, 0.0001984211094962903, -4.8016032161155765e-06, 0.9969188587065152, 0.07843971654872692, -6.676505856865328e-05, -3.17213543848382e-11, -0.07843971654963162, 0.9969188587180075, 2.742331361993422e-11, 0.0, 0.0, 0.0, 1.0], "right_foot_pose": [0.9999999979400311, 6.396013579157493e-05, -5.388719505117716e-06, 0.0009680834171102144, -6.418673748039126e-05, 0.9964696056508533, -0.08395427859314573, -0.1201247965395166, -3.1858944781307197e-11, 0.08395427876608669, 0.9964696077035496, 2.7733523810802296e-11, 0.0, 0.0, 0.0, 1.0]}, {"left_foot_pose": [0.9999999999884727, 4.7881974533334906e-06, 3.5854006735771817e-07, 0.00019842110598418934, -4.801602422716639e-06, 0.9972091033466334, 0.07465925381055583, -6.676505868395514e-05, -5.617014845836134e-11, -0.07465925381141705, 0.997209103358129, 4.853738244658956e-11, 0.0, 0.0, 0.0, 1.0], "right_foot_pose": [0.9999999979400311, 6.393924043832876e-05, -5.631246251636638e-06, 0.0009680834140223721, -6.418673852259578e-05, 0.9961440138947815, -0.08773311496610557, -0.12012479654042821, -5.648803870689286e-11, 0.08773311514682922, 0.9961440159468075, 4.9240438115827345e-11, 0.0, 0.0, 0.0, 1.0]}, {"left_foot_pose": [0.9999999999884728, 4.789881653758084e-06, 3.352776665187766e-07, 0.00019842110133043696, -4.80160154116072e-06, 0.9975604379728347, 0.06980811248266064, -6.676505844459106e-05, -8.713860552346504e-11, -0.06980811248346612, 0.997560437984334, 7.526700790405627e-11, 0.0, 0.0, 0.0, 1.0], "right_foot_pose": [0.999999997940031, 6.391110859776375e-05, -5.942035370965441e-06, 0.0009680834097304179, -6.418673995875857e-05, 0.9957056609987958, -0.0925755504170185, -0.12012479654116094, -8.779955428464344e-11, 0.09257555060771547, 0.9957056630499187, 7.637716847863629e-11, 0.0, 0.0, 0.0, 1.0]}, {"left_foot_pose": [0.9999999999884728, 4.79178310678149e-06, 3.068932218907275e-07, 0.00019842109546817552, -4.80160064701929e-06, 0.9979570247978672, 0.06388878331549601, -6.676505767407026e-05, -1.2505421698066884e-10, -0.06388878331623343, 0.9979570248093713, 1.080287179155981e-10, 0.0, 0.0, 0.0, 1.0], "right_foot_pose": [0.9999999979400311, 6.387478067487389e-05, -6.320619316103007e-06, 0.0009680834041029649, -6.418674189256057e-05, 0.9951395914719291, -0.09847430814757847, -0.12012479654154863, -1.2631102205266606e-10, 0.09847430835042421, 0.9951395935218865, 1.0949558620909627e-10, 0.0, 0.0, 0.0, 1.0]}, {"left_foot_pose": [0.9999999999884726, 4.793816273578372e-06, 2.7328815649365865e-07, 0.00019842108822044864, -4.801599821834981e-06, 0.9983809954650174, 0.056880470033451154, -6.676505612825644e-05, -1.7117902864541882e-10, -0.05688047003410798, 0.9983809954765263, 1.4800297792882944e-10, 0.0, 0.0, 0.0, 1.0], "right_foot_pose": [0.9999999979400307, 6.382893532243997e-05, -6.767952707154524e-06, 0.0009680833968917516, -6.41867444898622e-05, 0.9944252105749741, -0.1054442812720559, -0.12012479654138936, -1.734136068237881e-10, 0.10544428148925664, 0.9944252126234602, 1.497243093395717e-10, 0.0, 0.0, 0.0, 1.0]}, {"left_foot_pose": [0.9999999999884727, 4.795882773471074e-06, 2.3422874045877743e-07, 0.00019842107928873243, -4.8015991736989345e-06, 0.9988117904731877, 0.04873404547839731, -6.676505345333886e-05, -2.276587125553779e-10, -0.04873404547896051, 0.9988117904847017, 1.9718523341927252e-10, 0.0, 0.0, 0.0, 1.0], "right_foot_pose": [0.9999999979400307, 6.377179925760126e-05, -7.286716556421047e-06, 0.0009680833877053881, -6.418674799885404e-05, 0.9935348781475816, -0.11352727330616025, -0.12012479654040525, -2.314376107962732e-10, 0.11352727354000802, 0.9935348801942345, 1.9901015557710622e-10, 0.0, 0.0, 0.0, 1.0]}, {"left_foot_pose": [0.9999999999884727, 4.797864284004018e-06, 1.8934123779948082e-07, 0.00019842106825393834, -4.801598869183649e-06, 0.9992246598493509, 0.03937104425709858, -6.676504912989621e-05, -2.9750713486031794e-10, -0.039371044257554166, 0.9992246598608698, 2.583978378489782e-10, 0.0, 0.0, 0.0, 1.0], "right_foot_pose": [0.9999999979400304, 6.370104781408954e-05, -7.881353878914031e-06, 0.0009680833759905752, -6.418675277253193e-05, 0.9924323578107502, -0.12279255291040987, -0.12012479653818758, -3.0367145836210943e-10, 0.12279255316333926, 0.9924323598551331, 2.601155055237392e-10, 0.0, 0.0, 0.0, 1.0]}, {"left_foot_pose": [0.9999999999884726, 4.799612226270194e-06, 1.381205158023335e-07, 0.0001984210545875594, -4.801599176161258e-06, 0.999588487274437, 0.028685468191194628, -6.676504240434207e-05, -3.8455384229109526e-10, -0.028685468191527473, 0.99958848728596, 3.3528126108794964e-10, 0.0, 0.0, 0.0, 1.0], "right_foot_pose": [0.9999999979400298, 6.361369450309547e-05, -8.557916831520237e-06, 0.0009680833610210829, -6.418675929401008e-05, 0.9910710946083632, -0.13333447158121037, -0.12012479653413193, -3.9434037984919675e-10, 0.13333447185585015, 0.9910710966499432, 3.365968059831914e-10, 0.0, 0.0, 0.0, 1.0]}, {"left_foot_pose": [0.9999999999884727, 4.800934770083408e-06, 7.995694484277603e-08, 0.00019842103770464266, -4.801600517885364e-06, 0.9998630483310413, 0.016549457970082893, -6.676503222422837e-05, -4.931264829201274e-10, -0.016549457970276352, 0.9998630483425675, 4.320822657999379e-10, 0.0, 0.0, 0.0, 1.0], "right_foot_pose": [0.9999999979400295, 6.350598818592485e-05, -9.323662095051474e-06, 0.0009680833419281294, -6.418676818529185e-05, 0.9893926117092069, -0.1452661549545985, -0.12012479652737298, -5.083296329852225e-10, 0.14526615525380998, 0.9893926137473313, 4.3257551707309716e-10, 0.0, 0.0, 0.0, 1.0]}, {"left_foot_pose": [0.9999999999884727, 4.80158257379252e-06, 1.419835532470359e-08, 0.0001984210171408362, -4.8016035248771665e-06, 0.9999960055952861, 0.002826441299216483, -6.676501724687915e-05, -6.269073320885574e-10, -0.0028264412992523935, 0.9999960056068138, 5.527279328676471e-10, 0.0, 0.0, 0.0, 1.0], "right_foot_pose": [0.9999999979400287, 6.337337440638788e-05, -1.0186175043669858e-05, 0.0009680833178721522, -6.418678014394532e-05, 0.9873259099333314, -0.1587058393833593, -0.12012479651677178, -6.500359773167956e-10, 0.15870583971024738, 0.9873259119672011, 5.517997656023788e-10, 0.0, 0.0, 0.0, 1.0]}, {"left_foot_pose": [0.9999999999884726, 4.801237767239314e-06, -5.971362510024203e-08, 0.00019842099298437183, -4.801609021318777e-06, 0.9999206186503263, -0.01259985614578136, -6.67649961031587e-05, -7.860204560575733e-10, 0.012599856145922517, 0.9999206186618531, 6.983211578437398e-10, 0.0, 0.0, 0.0, 1.0], "right_foot_pose": [0.9999999979400275, 6.32106669159924e-05, -1.1151516907448802e-05, 0.0009680832885324961, -6.418679568744682e-05, 0.9847901515881454, -0.17374795888024983, -0.12012479650110194, -8.203305483950935e-10, 0.17374795923811379, 0.9847901536167951, 6.951467665383682e-10, 0.0, 0.0, 0.0, 1.0]}, {"left_foot_pose": [0.9999999999884728, 4.7995193570747364e-06, -1.4194373593188022e-07, 0.0001984209669089401, -4.8016177647317615e-06, 0.9995570294734233, -0.029761465138856368, -6.676496841163775e-05, -9.598692198262858e-10, 0.02976146513919452, 0.9995570294849461, 8.606939883026854e-10, 0.0, 0.0, 0.0, 1.0], "right_foot_pose": [0.9999999979400264, 6.301279630423345e-05, -1.222025557468025e-05, 0.0009680832553921742, -6.418681440427965e-05, 0.9817063624174335, -0.19040119187963075, -0.12012479647982942, -1.0088718962225784e-09, 0.19040119227178842, 0.981706364439735, 8.542580948178724e-10, 0.0, 0.0, 0.0, 1.0]}, {"left_foot_pose": [0.9999999999884728, 4.796040021004126e-06, -2.3161804235680532e-07, 0.00019842094450207986, -4.801629469636633e-06, 0.9988247147404988, -0.048468435094467896, -6.676493768581482e-05, -1.1107295791835495e-09, 0.04846843509502098, 0.9988247147520133, 1.0070765332770293e-09, 0.0, 0.0, 0.0, 1.0], "right_foot_pose": [0.9999999979400249, 6.277698252316656e-05, -1.3379088399601487e-05, 0.0009680832248122397, -6.418683307138393e-05, 0.9780313843866537, -0.20845768643726398, -0.12012479645539048, -1.1761891518878975e-09, 0.20845768686660746, 0.9780313864013891, 9.96524522622888e-10, 0.0, 0.0, 0.0, 1.0]}, {"left_foot_pose": [0.9999999999884726, 4.7905990063105175e-06, -3.2544097305917506e-07, 0.0001984209395870605, -4.8016402776889954e-06, 0.9976843290848432, -0.06801455340933744, -6.676491779791967e-05, -1.1430931622025347e-09, 0.06801455341011568, 0.9976843290963447, 1.050162672100452e-09, 0.0, 0.0, 0.0, 1.0], "right_foot_pose": [0.9999999979400245, 6.250824644161598e-05, -1.4583202724516777e-05, 0.0009680832140497741, -6.418684190248952e-05, 0.9738439740574559, -0.22721775914754236, -0.12012479643828378, -1.2195890241417538e-09, 0.22721775961552887, 0.9738439760635682, 1.036026625600428e-09, 0.0, 0.0, 0.0, 1.0]}, {"left_foot_pose": [0.9999999999881657, 4.8469388440920174e-06, -4.204864318403163e-07, 0.00019925220223714218, -4.8651438208900965e-06, 0.9962443361463241, -0.08658650398705942, -6.68272029888551e-05, -7.722637759515919e-10, 0.08658650398808003, 0.996244336158115, 3.932722266229011e-05, 0.0, 0.0, 0.0, 1.0], "right_foot_pose": [0.9999999979400259, 6.223205599172929e-05, -1.5720033039679427e-05, 0.0009680832558129799, -6.418682287500645e-05, 0.9695419892099816, -0.2449251457870428, -0.1201247964643024, -9.632829247896098e-10, 0.24492514629152212, 0.969541991207228, 8.153392891396827e-10, 0.0, 0.0, 0.0, 1.0]}, {"left_foot_pose": [0.9999999999782538, 6.56021457254002e-06, -6.763740527661126e-07, 0.0002218960268416071, -6.594990298912197e-06, 0.9947304148374909, -0.10252512742611203, -6.851821888030282e-05, 2.230070824961704e-10, 0.10252512742834272, 0.9947304148591232, 0.001005888631859686, 0.0, 0.0, 0.0, 1.0], "right_foot_pose": [0.9999999979400278, 6.198783925177031e-05, -1.665688675073265e-05, 0.0009680833223528825, -6.418679062690639e-05, 0.9657389812684477, -0.2595153481754727, -0.12012479652674077, -5.908443643636612e-10, 0.2595153487100302, 0.9657389832578527, 4.821869292737091e-10, 0.0, 0.0, 0.0, 1.0]}, {"left_foot_pose": [0.9999999999462971, 1.029495972375615e-05, -1.191841612013986e-06, 0.0002712292850117851, -1.0363719437782132e-05, 0.9933791450273929, -0.11488200084103783, -7.220105574291813e-05, 1.245029783645277e-09, 0.11488200084721982, 0.9933791450807391, 0.002752750147690823, 0.0, 0.0, 0.0, 1.0], "right_foot_pose": [0.9999999979400296, 6.180251118507122e-05, -1.7331757583339185e-05, 0.0009680833812336066, -6.418676039211047e-05, 0.962853405448945, -0.2700246571989848, -0.12012479655276753, -2.6008539376651115e-10, 0.2700246577552112, 0.9628534074323987, 2.0485280138871076e-10, 0.0, 0.0, 0.0, 1.0]}, {"left_foot_pose": [0.999999999876226, 1.561452354459016e-05, -1.9327850528941283e-06, 0.00034152326896886724, -1.5733689942343803e-05, 0.992442344665721, -0.12271182610840037, -7.744825355914323e-05, 2.0910314084759245e-09, 0.12271182612362126, 0.9924423447885561, 0.004589020852162194, 0.0, 0.0, 0.0, 1.0], "right_foot_pose": [0.9999999979400309, 6.169275148134604e-05, -1.771841236458729e-05, 0.0009680834204194107, -6.418674101444745e-05, 0.9611445577945275, -0.27604553048731734, -0.12012479655022547, -5.2693007591932306e-11, 0.2760455310559592, 0.9611445597744563, 4.1882587675790006e-11, 0.0, 0.0, 0.0, 1.0]}, {"left_foot_pose": [0.9999999997520851, 2.2092092025566066e-05, -2.7875431206640435e-06, 0.00042704910648572864, -2.2267261172422416e-05, 0.9921477400715399, -0.12507142509424782, -8.383254878787175e-05, 2.565174545713174e-09, 0.12507142512531128, 0.9921477403175015, 0.005823810255910604, 0.0, 0.0, 0.0, 1.0], "right_foot_pose": [0.9999999979400312, 6.16681499812199e-05, -1.7803832057017767e-05, 0.0009680834333629674, -6.418673662072892e-05, 0.960761550453149, -0.27737562807666477, -0.12012479653595762, -4.542344062690229e-12, 0.2773756286480494, 0.9607615524322874, 1.0357978363906284e-11, 0.0, 0.0, 0.0, 1.0]}, {"left_foot_pose": [0.9999999995640851, 2.930852793505221e-05, -3.583526694273499e-06, 0.0005220778752218589, -2.952679235613212e-05, 0.9926183305056347, -0.12128004399890358, -9.09266099007322e-05, 2.5347269189350785e-09, 0.12128004405184539, 0.9926183309383237, 0.006000000122404717, 0.0, 0.0, 0.0, 1.0], "right_foot_pose": [0.9999999979400305, 6.173278083986069e-05, -1.757846705802193e-05, 0.0009680834243011911, -6.418674889968905e-05, 0.9617677418459333, -0.27386640287672287, -0.12012479651888956, -1.3206076414524127e-10, 0.2738664034408709, 0.9617677438271477, 1.1623505630220521e-10, 0.0, 0.0, 0.0, 1.0]}, {"left_foot_pose": [0.9999999993127363, 3.684119507613765e-05, -4.153964396347955e-06, 0.0006208809057027222, -3.707464188160169e-05, 0.9937094973530305, -0.11198854180611346, -9.830238693272694e-05, 2.0421572853833475e-09, 0.11198854188315409, 0.9937094980359634, 0.006000000400255827, 0.0, 0.0, 0.0, 1.0], "right_foot_pose": [0.9999999979400285, 6.18835157604487e-05, -1.7040331800888732e-05, 0.0009680833965118455, -6.418677769264573e-05, 0.9641144390572636, -0.2654869945616088, -0.12012479647961835, -4.3867669236796794e-10, 0.26548699510847695, 0.9641144410433189, 3.7195314883664565e-10, 0.0, 0.0, 0.0, 1.0]}, {"left_foot_pose": [0.9999999990110688, 4.426279532228469e-05, -4.320662907231999e-06, 0.000717729350392599, -4.447317367260869e-05, 0.9952718925285199, -0.0971280493206602, -0.00010553239464550918, 1.0753815328806092e-09, 0.09712804941676043, 0.995271893512771, 0.005978465333337513, 0.0, 0.0, 0.0, 1.0], "right_foot_pose": [0.9999999979400256, 6.211516059637208e-05, -1.6175757144410357e-05, 0.0009680833372362798, -6.418682336905459e-05, 0.9677207756513575, -0.2520247929327328, -0.1201247964326902, -9.44236755231811e-10, 0.2520247934518384, 0.9677207776448524, 7.896128612072673e-10, 0.0, 0.0, 0.0, 1.0]}, {"left_foot_pose": [0.9999999986849378, 5.113663642030022e-05, -3.8948636343914255e-06, 0.0008068941872250981, -5.128474965276278e-05, 0.9971114116371673, -0.07595281530536345, -0.00011218976745793613, -3.5852511673335636e-10, 0.0759528154052275, 0.997111412948433, 0.005079320142652798, 0.0, 0.0, 0.0, 1.0], "right_foot_pose": [0.9999999979400218, 6.241940330750527e-05, -1.49590858483655e-05, 0.0009680832323763193, -6.418688460952021e-05, 0.9724574308071735, -0.2330805464811584, -0.12012479643153731, -1.6744427863383031e-09, 0.2330805469611945, 0.9724574328104394, 1.374544041088388e-09, 0.0, 0.0, 0.0, 1.0]}, {"left_foot_pose": [0.9999999983714094, 5.700385514767444e-05, -2.7824254958962736e-06, 0.000882646965963574, -5.7071721452796134e-05, 0.9988092102445346, -0.048786865788944714, -0.00011784562647010853, -1.927218508022363e-09, 0.0487868658682884, 0.9988092118711914, 0.003359234528149263, 0.0, 0.0, 0.0, 1.0], "right_foot_pose": [0.9999999979400176, 6.277836857225463e-05, -1.3373148996409988e-05, 0.0009680831007397064, -6.418695091641742e-05, 0.9780465869006103, -0.20838634727856495, -0.12012479642679057, -2.592182974802767e-09, 0.20838634770767422, 0.9780465889154035, 2.1306305400536907e-09, 0.0, 0.0, 0.0, 1.0]}, {"left_foot_pose": [0.9999999981152388, 6.138819989906649e-05, -1.0062733634697052e-06, 0.0009392590446617717, -6.139644665136865e-05, 0.9998647710736589, -0.01644493223753064, -0.00012207185246385956, -3.3875017257885114e-09, 0.01644493226831715, 0.9998647729581693, 0.0015090987828900795, 0.0, 0.0, 0.0, 1.0], "right_foot_pose": [0.999999997940014, 6.316338391803273e-05, -1.1417462066621233e-05, 0.0009680829513887599, -6.418700409708171e-05, 0.9840425149924533, -0.17793348354752178, -0.12012479641643779, -3.612846446899903e-09, 0.17793348391383382, 0.9840425170196081, 2.9999185358065006e-09, 0.0, 0.0, 0.0, 1.0]}, {"left_foot_pose": [0.9999999979634224, 6.380819100330314e-05, 1.2924934943969184e-06, 0.0009710016963494391, -6.38212798279149e-05, 0.9997963135774017, 0.020182350801696395, -0.0001244404688767898, -4.430936430700648e-09, -0.020182350843082363, 0.9997963156135592, 0.0002198034210660546, 0.0, 0.0, 0.0, 1.0], "right_foot_pose": [0.9999999979400134, 6.35344476344912e-05, -9.129449576095664e-06, 0.0009680828174015224, -6.418701477414583e-05, 0.9898233900782638, -0.1423012731285291, -0.12012479640321873, -4.4900568886020144e-09, 0.14230127342138227, 0.9898233921173274, 3.78346425716769e-09, 0.0, 0.0, 0.0, 1.0]}, {"left_foot_pose": [0.99999999794004, 6.407259954798838e-05, 3.823921486510943e-06, 0.0009757852465778711, -6.41866058132071e-05, 0.9982282273834227, 0.0595012767512623, -0.00012479655651593223, -4.74488963177088e-09, -0.059501276874136894, 0.9982282294397147, 4.2285031240374416e-09, 0.0, 0.0, 0.0, 1.0], "right_foot_pose": [0.9999999979400171, 6.384301698694132e-05, -6.635893409435083e-06, 0.000968082749894456, -6.418696033029646e-05, 0.9946338253457806, -0.10345795937506935, -0.1201247964570981, -4.784211425989043e-09, 0.10345795958788535, 0.9946338273947412, 4.095153646743732e-09, 0.0, 0.0, 0.0, 1.0]}, {"left_foot_pose": [0.9999999979400445, 6.387251571785313e-05, 6.341409824804849e-06, 0.0009757852095446472, -6.418653848685368e-05, 0.9951144841156956, 0.09872770322073807, -0.00012479669687374094, -4.4419907624929995e-09, -0.09872770342439681, 0.9951144861655595, 3.974289661257124e-09, 0.0, 0.0, 0.0, 1.0], "right_foot_pose": [0.9999999979400228, 6.405432806794611e-05, -4.122750784319376e-06, 0.0009680827529181768, -6.418686780740857e-05, 0.9979306888561168, -0.06429880340412628, -0.1201247965968576, -4.397117520191584e-09, 0.06429880353629851, 0.9979306909118492, 3.839285049600516e-09, 0.0, 0.0, 0.0, 1.0]}, {"left_foot_pose": [0.999999997940045, 6.360055639461003e-05, 8.653309755467458e-06, 0.0009757852687663497, -6.418652920178646e-05, 0.9908781773532135, 0.13476065273388743, -0.0001247967810838798, -3.5233047178072385e-09, -0.13476065301171278, 0.9908781793943479, 3.2123007656648106e-09, 0.0, 0.0, 0.0, 1.0], "right_foot_pose": [0.9999999979555032, 6.392039882378349e-05, -1.7821091899965822e-06, 0.0009801600004031334, -6.394523660640206e-05, 0.999609923437601, -0.027928424160346556, -0.12012480932527317, -3.781980002382331e-09, 0.02792842421720418, 0.9996099254813067, 8.978825412168934e-06, 0.0, 0.0, 0.0, 1.0]}, {"left_foot_pose": [0.9999999979400427, 6.330399163678487e-05, 1.0607553430240717e-05, 0.0009757854057770381, -6.418656822921447e-05, 0.986256047210122, 0.16522410605462592, -0.00012479676941163677, -2.418289054580922e-09, -0.165224106395134, 0.9862560492417426, 2.2504939023448856e-09, 0.0, 0.0, 0.0, 1.0], "right_foot_pose": [0.9999999992261859, 3.933970307395422e-05, 1.2446416824933174e-07, 0.002210423974520085, -3.933989991820038e-05, 0.9999951478377533, 0.0031149242883605414, -0.12012611737618423, -1.9233678298328183e-09, -0.003114924290846771, 0.999995148611563, 0.0008383180114755959, 0.0, 0.0, 0.0, 1.0]}, {"left_foot_pose": [0.999999997940039, 6.302600574960083e-05, 1.2150946610499588e-05, 0.0009757855403909653, -6.418662557086431e-05, 0.9819222853907168, 0.18928449839632733, -0.00012479675967385327, -1.4393816178520529e-09, -0.1892844987863371, 0.9819222874134215, 1.4276552301462075e-09, 0.0, 0.0, 0.0, 1.0], "right_foot_pose": [0.9999999997905782, -2.0457356408738972e-05, -5.831565625945083e-07, 0.005200697120886781, 2.0465665876651776e-05, 0.9996006075467286, 0.028259953527343763, -0.12012929938995746, 4.799712896901823e-09, -0.02825995353336039, 0.999600607756064, 0.002529239594840721, 0.0, 0.0, 0.0, 1.0]}, {"left_foot_pose": [0.9999999979400356, 6.279871395318519e-05, 1.3275967779168226e-05, 0.0009757856467372577, -6.418667925767822e-05, 0.9783783625455014, 0.20682305379926724, -0.00012479675234437597, -6.978228122095233e-10, -0.20682305422535954, 0.9783783645609171, 8.310819671342173e-10, 0.0, 0.0, 0.0, 1.0], "right_foot_pose": [0.9999999941569772, -0.0001079804276286691, -5.125686873718414e-06, 0.00958250612114925, 0.0001081020131460578, 0.9988809786152044, 0.047294596675374494, -0.12013396282446243, 1.3060346936718832e-08, -0.04729459695312837, 0.998880984451622, 0.00439085205596923, 0.0, 0.0, 0.0, 1.0]}, {"left_foot_pose": [0.999999997940033, 6.264357495633168e-05, 1.398989720280291e-05, 0.0009757857149827561, -6.418671752760829e-05, 0.9759592857253528, 0.21795290428559372, -0.000124796738891075, -2.209850764335804e-10, -0.21795290473458376, 0.9759592877357937, 4.769139111404641e-10, 0.0, 0.0, 0.0, 1.0], "right_foot_pose": [0.9999999766288697, -0.00021581134343056719, -1.2950824164968271e-05, 0.014987376952333795, 0.00021619958231570944, 0.9982098104217617, 0.059809093250867515, -0.12013971514479614, 2.015897077662723e-08, -0.059809094653024364, 0.9982098337507929, 0.005732264453737812, 0.0, 0.0, 0.0, 1.0]}, {"left_foot_pose": [0.9999999979400317, 6.257313085632213e-05, 1.430175638389313e-05, 0.0009757857633990799, -6.418673492853727e-05, 0.9748608292928727, 0.22281463010869873, -0.0001247967048585638, -1.3082429952321463e-11, -0.22281463056769102, 0.9748608313010552, 3.6650105172952863e-10, 0.0, 0.0, 0.0, 1.0], "right_foot_pose": [0.9999999430844038, -0.0003366663260622538, -2.206748837579588e-05, 0.021046832849155008, 0.0003373887795523843, 0.9978632969609362, 0.0653354937768284, -0.12014616369364485, 2.407605509983458e-08, -0.06533549750354298, 0.9978633537543925, 0.00600000547782336, 0.0, 0.0, 0.0, 1.0]}, {"left_foot_pose": [0.9999999979400322, 6.259076860743899e-05, 1.4224347120449441e-05, 0.0009757858229785804, -6.418673044977753e-05, 0.9751358605318203, 0.2216078730210885, -0.0001247966728056809, -6.386818237709292e-11, -0.22160787347759794, 0.9751358625405682, 5.130940811115536e-10, 0.0, 0.0, 0.0, 1.0], "right_foot_pose": [0.9999998922127257, -0.00046334136979293464, -2.982133233275383e-05, 0.027392396715691315, 0.00046430004980483393, 0.9979384212645097, 0.06417703475201735, -0.12015291658175567, 2.3978116787429534e-08, -0.06417704168059597, 0.9979385288288686, 0.006000005153637099, 0.0, 0.0, 0.0, 1.0]}, {"left_foot_pose": [0.999999997940034, 6.269462119768083e-05, 1.375927217089782e-05, 0.0009757858597351123, -6.418670499122368e-05, 0.9767552313497251, 0.21435767751823717, -0.00012479665995172515, -3.6767997448794636e-10, -0.21435767795983018, 0.9767552333618035, 9.420269425630678e-10, 0.0, 0.0, 0.0, 1.0], "right_foot_pose": [0.9999998262071907, -0.0005886229009303918, -3.329667102507963e-05, 0.033655595472252005, 0.0005895638959485694, 0.9984056427703267, 0.05644311205792374, -0.1201595819126415, 1.9875879593520744e-08, -0.056443121879032034, 0.998405816285416, 0.005998216211233552, 0.0, 0.0, 0.0, 1.0]}, {"left_foot_pose": [0.9999999979400367, 6.287799532729212e-05, 1.2895157102120664e-05, 0.0009757857927357523, -6.418666039099345e-05, 0.9796145043278762, 0.20088658190760916, -0.00012479662347329723, -9.373744091814473e-10, -0.20088658232148754, 0.9796145063458346, 1.6768422136936856e-09, 0.0, 0.0, 0.0, 1.0], "right_foot_pose": [0.9999997509154723, -0.0007051934758466526, -2.951533278649427e-05, 0.03946795504132336, 0.0007058108762915715, 0.9991257486328481, 0.04180000298873166, -0.12016576668854151, 1.243956817501832e-08, -0.04180001340924076, 0.9991259974993081, 0.00524107261769198, 0.0, 0.0, 0.0, 1.0]}, {"left_foot_pose": [0.9999999979400405, 6.312546888618188e-05, 1.162305879265237e-05, 0.0009757856741308734, -6.418660541513661e-05, 0.983472864300215, 0.18105557452122534, -0.00012479659703698315, -1.7448869898963596e-09, -0.18105557489430305, 0.98347286632611, 2.748448593714592e-09, 0.0, 0.0, 0.0, 1.0], "right_foot_pose": [0.999999675446596, -0.0008055023911478468, -1.651060036333258e-05, 0.044460998206939675, 0.0008056715844911507, 0.9997897637338892, 0.020488514495492716, -0.1201710796023782, 3.581819078594635e-09, -0.020488521147997353, 0.9997900882191059, 0.003581707092373737, 0.0, 0.0, 0.0, 1.0]}, {"left_foot_pose": [0.9999999979400436, 6.341103852367299e-05, 9.947571112666094e-06, 0.0009757854689260943, -6.418655599320715e-05, 0.9879243153815052, 0.15493722263572193, -0.00012479659396795722, -2.717187912931748e-09, -0.15493722295505855, 0.9879243174165596, 4.127834248024431e-09, 0.0, 0.0, 0.0, 1.0], "right_foot_pose": [0.9999996112349493, -0.0008817563369229818, 5.975986228486954e-06, 0.048266251528957915, 0.0008817765874074513, 0.9999766758036661, -0.006772763003342089, -0.12017512897969505, -3.9201468053585994e-09, 0.006772765639813084, 0.9999770645597768, 0.0017110110237297874, 0.0, 0.0, 0.0, 1.0]}, {"left_foot_pose": [0.9999999979400447, 6.369785607865809e-05, 7.905362508496714e-06, 0.0009757851681614736, -6.418653762351127e-05, 0.9923935276913554, 0.12310597904405843, -0.00012479663212124764, -3.643652166600358e-09, -0.12310597929788367, 0.9923935297356136, 5.618292497899802e-09, 0.0, 0.0, 0.0, 1.0], "right_foot_pose": [0.999999570561251, -0.000926045596028257, 3.628866849570678e-05, 0.05051524111935023, 0.0009267563397894499, 0.9992329376936417, -0.03914942337789393, -0.12017752316830613, -6.681719837216835e-09, 0.039149440196367936, 0.9992333668029261, 0.00031987625468660186, 0.0, 0.0, 0.0, 1.0]}, {"left_foot_pose": [0.9999999979400425, 6.394050991946183e-05, 5.6149298542905665e-06, 0.0009757848080135379, -6.418657359085211e-05, 0.9961719868658221, 0.08741492128855714, -0.00012479669640804228, -4.0811875398442045e-09, -0.08741492146888949, 0.9961719889178722, 6.592917975445367e-09, 0.0, 0.0, 0.0, 1.0], "right_foot_pose": [0.9999995621269329, -0.000933166536459647, 7.03289202719307e-05, 0.05096808073976263, 0.0009358129844033394, 0.9971719266200136, -0.07514834006808405, -0.12017800646265009, -4.108702674124409e-09, 0.0751483729773665, 0.9971723632546453, 7.238205500248451e-09, 0.0, 0.0, 0.0, 1.0]}, {"left_foot_pose": [0.9999999979400376, 6.410378948459084e-05, 3.2602772690447563e-06, 0.0009757844973894409, -6.418664361788734e-05, 0.998712246551025, 0.05073307076335807, -0.00012479668802564507, -3.896747820639356e-09, -0.0507330708681164, 0.9987122486083224, 6.66148396860633e-09, 0.0, 0.0, 0.0, 1.0], "right_foot_pose": [0.9999995621269863, -0.0009299372574754633, 0.00010470211365960176, 0.0509680804801457, 0.0009358129275821619, 0.9937213618637939, -0.11187930653043582, -0.12017800648557156, -3.991492783545697e-09, 0.11187935552309805, 0.9937217969873339, 7.036851649988574e-09, 0.0, 0.0, 0.0, 1.0]}, {"left_foot_pose": [0.9999999979400336, 6.417832493190909e-05, 1.0375410228734523e-06, 0.0009757844926836745, -6.418671102714782e-05, 0.9998701369618901, 0.01611536818935187, -0.00012479669038738435, -3.1489488184081204e-09, -0.016115368222751402, 0.9998701390215863, 5.968263314115596e-09, 0.0, 0.0, 0.0, 1.0], "right_foot_pose": [0.9999995621269926, -0.0009257590692473315, 0.0001368063194485758, 0.050968080251183503, 0.0009358129211140719, 0.9892566369378004, -0.1461862870747106, -0.12017800643780009, -3.2784306611449688e-09, 0.14618635108880268, 0.9892570701063205, 6.107281756706495e-09, 0.0, 0.0, 0.0, 1.0]}, {"left_foot_pose": [0.9999999997066586, 2.42193177811343e-05, -3.2907724895105463e-07, 0.002971645334576741, -2.422155272207843e-05, 0.9999046409463184, -0.013809722203259715, -0.00012392811961439015, -5.41618219797313e-09, 0.013809722207179185, 0.9999046412396344, 0.0006826701492032572, 0.0, 0.0, 0.0, 1.0], "right_foot_pose": [0.9999995621269557, -0.0009212848361805381, 0.00016425634718220876, 0.050968080115997454, 0.0009358129604577249, 0.9844753966190891, -0.17552013475892228, -0.12017800639015469, -2.293941874585416e-09, 0.17552021161660483, 0.9844758276941401, 4.532352430863806e-09, 0.0, 0.0, 0.0, 1.0]}, {"left_foot_pose": [0.999999996139238, -8.780711167178154e-05, 3.381708202300787e-06, 0.008569592261340688, 8.787220551669074e-05, 0.9992668663200751, -0.03828475092426862, -0.00012148881160569183, -1.755555845743522e-08, 0.03828475107361813, 0.9992668701779478, 0.0023080915551129816, 0.0, 0.0, 0.0, 1.0], "right_foot_pose": [0.9999995621269027, -0.0009171214422378629, 0.00018610282824039389, 0.05096808006477687, 0.000935813016841335, 0.9800262446630215, -0.19886599514671494, -0.12017800630997451, -1.3876006924773247e-09, 0.19886608222609464, 0.980026673790078, 3.1994170576754577e-09, 0.0, 0.0, 0.0, 1.0]}, {"left_foot_pose": [0.9999999668825039, -0.0002569413117141679, 1.4702196452336894e-05, 0.01703386278158168, 0.0002573615960978855, 0.9983742622968319, -0.056997948632094265, -0.00011779997444770138, -3.3166850862429935e-08, 0.05699795052824533, 0.9983742953600012, 0.0041854875383283766, 0.0, 0.0, 0.0, 1.0], "right_foot_pose": [0.9999995621268533, -0.000913723045153111, 0.00020212940931397418, 0.05096808003122595, 0.0009358130696635464, 0.976394562739474, -0.215992551044453, -0.12017800621878907, -6.847532394742847e-10, 0.21599264562245782, 0.9763949902764821, 2.2088268852860082e-09, 0.0, 0.0, 0.0, 1.0]}, {"left_foot_pose": [0.9999998897813765, -0.0004683698485901724, 3.266375237654724e-05, 0.02762839580826925, 0.00046950743719461144, 0.9975839006160501, -0.06947043107995023, -0.00011318263532203443, -4.697821828743683e-08, 0.06947043875888925, 0.9975840105668526, 0.005623964211915383, 0.0, 0.0, 0.0, 1.0], "right_foot_pose": [0.9999995621268176, -0.000911396068844911, 0.00021237555917869727, 0.05096807998566402, 0.0009358131076462118, 0.9739078381662841, -0.22694194634774517, -0.12017800615035615, -2.2396177960688212e-10, 0.22694204571978482, 0.9739082646145472, 1.5502682956802794e-09, 0.0, 0.0, 0.0, 1.0]}, {"left_foot_pose": [0.9999997482548358, -0.000707560725144552, 5.3367467041334086e-05, 0.039617127453358277, 0.0007095704780163788, 0.997173229631022, -0.07513352525321056, -0.00010795790377710057, -5.507785591363014e-08, 0.0751335442066876, 0.9971734806616851, 0.00600002167293015, 0.0, 0.0, 0.0, 1.0], "right_foot_pose": [0.9999995621268012, -0.0009103216144707587, 0.0002169349299019976, 0.05096807996611591, 0.0009358131253537022, 0.9727596194780063, -0.23181425100023312, -0.12017800613637623, -1.663501915481775e-11, 0.23181435250554003, 0.9727600454235551, 1.1988793707784495e-09, 0.0, 0.0, 0.0, 1.0]}, {"left_foot_pose": [0.9999995364968363, -0.0009601498742987617, 7.154252511783528e-05, 0.05226398504006979, 0.000962811565631034, 0.9972393354262921, -0.07424810349374023, -0.000102446344478542, -5.571296705283088e-08, 0.07424813796147961, 0.9972397976461079, 0.0060000229947369255, 0.0, 0.0, 0.0, 1.0], "right_foot_pose": [0.9999995621268045, -0.0009105433751035027, 0.00021600222428336933, 0.05096808004292264, 0.0009358131217504579, 0.9729966036264667, -0.23081753309738373, -0.12017800615337265, -5.498396433692556e-11, 0.2308176341662886, 0.9729970296757731, 1.1559665377691708e-09, 0.0, 0.0, 0.0, 1.0]}, {"left_foot_pose": [0.9999992625046934, -0.0012117596853896129, 8.141582022188457e-05, 0.06483290541627398, 0.0012144916914249215, 0.9977524488478249, -0.06699683446328836, -9.696833118439524e-05, -4.8770950386054567e-08, 0.0669968839322742, 0.9977531846821459, 0.006000021093552084, 0.0, 0.0, 0.0, 1.0], "right_foot_pose": [0.999999562126827, -0.0009120290156776714, 0.00020964071388530174, 0.050968080115854235, 0.0009358130979828883, 0.974584232663362, -0.2240194136627705, -0.12017800615848366, -3.289414451534712e-10, 0.22401951175520476, 0.9745846594077703, 1.4297859493583864e-09, 0.0, 0.0, 0.0, 1.0]}, {"left_foot_pose": [0.9999989489351997, -0.0014481318018041034, 7.101254299976115e-05, 0.07658782581332506, 0.0014498718893665933, 0.9987998961016479, -0.04895574959943689, -9.184553062169254e-05, -3.294269419406892e-08, 0.04895580110286127, 0.9988009459038256, 0.005390349134886806, 0.0, 0.0, 0.0, 1.0], "right_foot_pose": [0.999999562126873, -0.0009154475147663423, 0.00019416979593073848, 0.050968080078055096, 0.0009358130486068787, 0.9782373845278538, -0.2074867315421448, -0.12017800618832888, -9.40588456062191e-10, 0.20748682239590935, 0.9782378128717211, 2.1681344497537225e-09, 0.0, 0.0, 0.0, 1.0]}, {"left_foot_pose": [0.9999986317876821, -0.0016535848370468353, 4.56064893135916e-05, 0.08679267477771271, 0.0016542136394383932, 0.9996187873532075, -0.027559817628913987, -8.739835802228958e-05, -1.6607000221614882e-08, 0.02755985536410835, 0.9996201550450601, 0.0038012625778849896, 0.0, 0.0, 0.0, 1.0], "right_foot_pose": [0.9999995621269246, -0.0009191660904039798, 0.00017572608386585216, 0.05096808000164366, 0.0009358129932291174, 0.9822112089140207, -0.1877771693729039, -0.12017800619702333, -1.7226320292505444e-09, 0.18777725159708966, 0.9822116389977483, 3.2087150159121336e-09, 0.0, 0.0, 0.0, 1.0]}, {"left_foot_pose": [0.9999983569164842, -0.0018127779868998587, 5.507307253856716e-07, 0.09471139103372585, 0.0018127780705555045, 0.9999983112188383, -0.0003023162902655873, -8.394726374163185e-05, -2.697479403489688e-09, 0.0003023167918869371, 0.9999999543022784, 0.0019195638368249557, 0.0, 0.0, 0.0, 1.0], "right_foot_pose": [0.9999995621269739, -0.0009234633864063556, 0.00015152964834026002, 0.05096807983803504, 0.0009358129408979561, 0.9868034261189238, -0.16192011133300735, -0.1201780061840323, -2.6818019780949283e-09, 0.1619201822359639, 0.9868038582133088, 4.639360604019593e-09, 0.0, 0.0, 0.0, 1.0]}, {"left_foot_pose": [0.9999981743699462, -0.0019098460747966096, -6.119432741860412e-05, 0.09960791239657778, 0.0019108262022275756, 0.9994852824349513, 0.03202372462958915, -8.181259269278603e-05, 2.4448390665132184e-09, -0.0320237830978396, 0.9994871071285029, 0.00043614776012285833, 0.0, 0.0, 0.0, 1.0], "right_foot_pose": [0.999999562126997, -0.0009278301865214483, 0.00012197114149909452, 0.05096807954543814, 0.00093581291632778, 0.991469809441587, -0.13033319308621685, -0.1201780061345391, -3.633568518091489e-09, 0.1303332501589996, 0.9914702435791966, 6.305840502540683e-09, 0.0, 0.0, 0.0, 1.0]}, {"left_foot_pose": [0.9999981263138348, -0.001931322923400059, -0.0001317595789908333, 0.10085571486859522, 0.0019358121864195249, 0.9976789254823683, 0.06806624919537535, -8.126710191081431e-05, -4.152191604542156e-09, -0.06806637672238484, 0.9976807948236186, 8.57320622132951e-09, 0.0, 0.0, 0.0, 1.0], "right_foot_pose": [0.9999995621269687, -0.0009316124277019017, 8.856723383566233e-05, 0.05096807916941521, 0.0009358129462348775, 0.9955113529765758, -0.09463757366330422, -0.12017800604302226, -4.147032871822413e-09, 0.09463761510642682, 0.995511788883973, 7.534727702873667e-09, 0.0, 0.0, 0.0, 1.0]}, {"left_foot_pose": [0.9999981263137101, -0.0019250734831102762, -0.0002036201231660169, 0.10085571463787216, 0.0019358122506887496, 0.9944504905456438, 0.1051878057783297, -8.126707673071585e-05, -4.124283189068685e-09, -0.10518800285970933, 0.9944523538382252, 8.26287992194974e-09, 0.0, 0.0, 0.0, 1.0], "right_foot_pose": [0.9999995621269032, -0.0009342588818074573, 5.391050937675837e-05, 0.05096807877286852, 0.0009358130161742013, 0.9983390803099879, -0.05760386254242341, -0.12017800603729142, -4.048143571434203e-09, 0.05760388776939794, 0.9983395174557855, 7.55027034643474e-09, 0.0, 0.0, 0.0, 1.0]}, {"left_foot_pose": [0.9999981263136825, -0.0019166864471984097, -0.00027144463261693635, 0.10085571429944493, 0.0019358122650298144, 0.9901178990863215, 0.14022410113730177, -8.12670774458955e-05, -3.4448557473468483e-09, -0.14022436386717138, 0.9901197542610938, 7.1591937794712734e-09, 0.0, 0.0, 0.0, 1.0], "right_foot_pose": [0.9999995621268348, -0.0009355808054110173, 2.0849350988732104e-05, 0.05096807861712379, 0.000935813089713529, 0.9997514248454716, -0.022275833840973994, -0.12017800597849547, -3.325791972169242e-09, 0.022275843598079492, 0.9997518626099151, 6.83128272005451e-09, 0.0, 0.0, 0.0, 1.0]}, {"left_foot_pose": [0.9999981263137518, -0.0019074754849394758, -0.0003300094862786159, 0.100855714051661, 0.0019358122291880644, 0.9853597706930906, 0.17047690439081115, -8.12671322460868e-05, -2.444148088692771e-09, -0.17047722380697922, 0.9853616169524091, 5.3732623905844434e-09, 0.0, 0.0, 0.0, 1.0], "right_foot_pose": [0.99999953240875, -0.0009670131477685641, -8.237329139899586e-06, 0.05253170826131301, 0.0009670482312420513, 0.999963248575204, 0.008518586540242677, -0.12017575969486219, -5.587786095193637e-10, -0.008518590522920914, 0.9999637161494924, 0.0005400726388017293, 0.0, 0.0, 0.0, 1.0]}, {"left_foot_pose": [0.9999981263138603, -0.001898737588589479, -0.00037704686629810337, 0.10085571392369742, 0.0019358121731476478, 0.9808460571774861, 0.1947749079081053, -8.126722846216357e-05, -1.5067798153383726e-09, -0.19477527285297386, 0.9808478949791608, 3.823553383630607e-09, 0.0, 0.0, 0.0, 1.0], "right_foot_pose": [0.999999426028867, -0.0010708077482819989, -3.623124214574035e-05, 0.057756574102499895, 0.0010714205227368731, 0.9994278811391737, 0.03380476977773272, -0.12016825733162008, 1.2104161886482849e-08, -0.03380478919366728, 0.9994284547818177, 0.002090427201201679, 0.0, 0.0, 0.0, 1.0]}, {"left_foot_pose": [0.9999981263139657, -0.0018914605827176786, -0.000412001726730915, 0.1008557138436779, 0.0019358121186738378, 0.977087010157325, 0.21283145259397546, -8.126733799823475e-05, -7.679931862532713e-10, -0.21283185137259072, 0.9770888409153574, 2.663928584667463e-09, 0.0, 0.0, 0.0, 1.0], "right_foot_pose": [0.9999992374830844, -0.0012331643056190586, -6.587142481966772e-05, 0.06594145476795721, 0.0012349223653472443, 0.9985768597551536, 0.05331725919707031, -0.12015650532612285, 2.873962885970897e-08, -0.05331729988785425, 0.9985776211855879, 0.003974038351921158, 0.0, 0.0, 0.0, 1.0]}, {"left_foot_pose": [0.9999981263140441, -0.001886319616437358, -0.0004349329908344353, 0.10085571377189859, 0.0019358120781402285, 0.9744313729551777, 0.22467699488885406, -8.126742677609482e-05, -2.71418967408835e-10, -0.22467741586326112, 0.9744331987370958, 1.8761335818240354e-09, 0.0, 0.0, 0.0, 1.0], "right_foot_pose": [0.9999989591424622, -0.0014396036649279992, -9.620436782952402e-05, 0.0763485203271161, 0.0014428146071265725, 0.997775517538002, 0.06664784233402932, -0.12014156279701657, 4.3884816884089586e-08, -0.06664791176818759, 0.9977765560770295, 0.00550001197220492, 0.0, 0.0, 0.0, 1.0]}, {"left_foot_pose": [0.9999981263140855, -0.0018841503266076786, -0.0004442362732054664, 0.10085571373747747, 0.0019358120569126325, 0.9733108048765097, 0.22948274388790552, -8.126745482013413e-05, -2.221863287639715e-11, -0.2294831738672546, 0.9733126285586828, 1.4512748086614735e-09, 0.0, 0.0, 0.0, 1.0], "right_foot_pose": [0.9999985881975398, -0.001675964655113478, -0.00012143064660789969, 0.08823993920989547, 0.001680357975063613, 0.9973863381898331, 0.0722334326288812, -0.12012448886446395, 5.25879607553721e-08, -0.07223353469649896, 0.9973877462979215, 0.006000020247983559, 0.0, 0.0, 0.0, 1.0]}, {"left_foot_pose": [0.99999812631408, -0.0018844485303969056, -0.0004429695994890503, 0.10085571381548397, 0.0019358120595210982, 0.9734648459250878, 0.2288284212673687, -8.126744710904715e-05, -4.925461090060667e-11, -0.22882885002067058, 0.9734666698959027, 1.3574210991351698e-09, 0.0, 0.0, 0.0, 1.0], "right_foot_pose": [0.999998132114504, -0.0019278269268518462, -0.00013874740806989053, 0.10087786925068504, 0.001932813364049157, 0.9974202487230844, 0.07175731091449981, -0.12010634298135002, 5