{"LoopMode": "Wrap", "FrameDuration": 0.0167, "EnableCycleOffsetPosition": true, "EnableCycleOffsetRotation": false, "Debug_info": [{"left_foot_pose": [0.9999999999884728, 4.785130400488506e-06, 3.9740439589089073e-07, 0.00019842111302270548, -4.80160423198718e-06, 0.9965691632582973, 0.08276413969590073, -6.676505781610075e-05, -3.7656487675366804e-12, -0.08276413969685513, 0.9965691632697854, 3.2324906640290862e-12, 0.0, 0.0, 0.0, 1.0], "right_foot_pose": [0.9999999979400311, 6.398293128508485e-05, -5.110932503827275e-06, 0.0009680834198771608, -6.418673637819799e-05, 0.9968248031031633, -0.07962604974757176, -0.12012479653779061, -3.782780444955601e-12, 0.07962604991159851, 0.996824805156591, 3.1225994012729075e-12, 0.0, 0.0, 0.0, 1.0]}, {"left_foot_pose": [0.9999999999884726, 4.785771399212122e-06, 3.896043873074212e-07, 0.00019842111184944881, -4.801603842580481e-06, 0.9967029138325224, 0.08113754700941087, -6.67650582376958e-05, -1.4076384766607103e-11, -0.08113754701034662, 0.9967029138440124, 1.2160571161157208e-11, 0.0, 0.0, 0.0, 1.0], "right_foot_pose": [0.9999999979400316, 6.397449561568118e-05, -5.215466289843433e-06, 0.0009680834190446582, -6.418673677555158e-05, 0.996693359867823, -0.08125479847647994, -0.12012479653858434, -1.4129487482246349e-11, 0.08125479864386116, 0.9966933619209802, 1.2173435870455052e-11, 0.0, 0.0, 0.0, 1.0]}, {"left_foot_pose": [0.9999999999884724, 4.786806310234312e-06, 3.7666801899751963e-07, 0.0001984211094962462, -4.8016032160461876e-06, 0.9969188587065152, 0.07843971654872711, -6.676505856866195e-05, -3.172174296289682e-11, -0.07843971654963183, 0.9969188587180072, 2.7423306681040316e-11, 0.0, 0.0, 0.0, 1.0], "right_foot_pose": [0.9999999979400314, 6.396013579156626e-05, -5.388719505117716e-06, 0.0009680834171101935, -6.418673748037738e-05, 0.9964696056508534, -0.08395427859314558, -0.12012479653951662, -3.1858944781307197e-11, 0.08395427876608652, 0.9964696077035499, 2.7733502994120585e-11, 0.0, 0.0, 0.0, 1.0]}, {"left_foot_pose": [0.9999999999884726, 4.788197453262367e-06, 3.585400671911847e-07, 0.00019842110598417394, -4.801602422640311e-06, 0.9972091033466334, 0.07465925381055587, -6.676505868397249e-05, -5.617020396951257e-11, -0.07465925381141708, 0.997209103358129, 4.8537389385483465e-11, 0.0, 0.0, 0.0, 1.0], "right_foot_pose": [0.9999999979400311, 6.393924043832703e-05, -5.631246251803172e-06, 0.0009680834140223506, -6.418673852260966e-05, 0.9961440138947815, -0.08773311496610567, -0.12012479654042821, -5.64879276845904e-11, 0.08773311514682933, 0.9961440159468073, 4.924045199361515e-11, 0.0, 0.0, 0.0, 1.0]}, {"left_foot_pose": [0.9999999999884728, 4.7898816536626744e-06, 3.352776665187766e-07, 0.000198421101330422, -4.801601541070514e-06, 0.9975604379728347, 0.0698081124826607, -6.67650584445928e-05, -8.713893859037243e-11, -0.06980811248346616, 0.9975604379843342, 7.526695239290504e-11, 0.0, 0.0, 0.0, 1.0], "right_foot_pose": [0.9999999979400311, 6.391110859777763e-05, -5.942035371076463e-06, 0.0009680834097304222, -6.418673995877939e-05, 0.9957056609987958, -0.09257555041701848, -0.12012479654116094, -8.779955428464344e-11, 0.0925755506077154, 0.9957056630499189, 7.637716153974239e-11, 0.0, 0.0, 0.0, 1.0]}, {"left_foot_pose": [0.9999999999884729, 4.791783106694754e-06, 3.0689322183521636e-07, 0.00019842109546814885, -4.8016006469325535e-06, 0.9979570247978672, 0.06388878331549608, -6.676505767406506e-05, -1.2505427249182007e-10, -0.06388878331623347, 0.9979570248093714, 1.0802867628223467e-10, 0.0, 0.0, 0.0, 1.0], "right_foot_pose": [0.9999999979400311, 6.387478067486695e-05, -6.3206193158809625e-06, 0.0009680834041029149, -6.418674189253281e-05, 0.9951395914719291, -0.09847430814757858, -0.12012479654154856, -1.2631124409727098e-10, 0.09847430835042434, 0.9951395935218865, 1.0949560008688408e-10, 0.0, 0.0, 0.0, 1.0]}, {"left_foot_pose": [0.9999999999884726, 4.7938162735037786e-06, 2.7328815649365865e-07, 0.00019842108822042698, -4.8015998217586535e-06, 0.9983809954650174, 0.05688047003345148, -6.67650561282547e-05, -1.7117902864541882e-10, -0.05688047003410831, 0.9983809954765263, 1.4800298486772334e-10, 0.0, 0.0, 0.0, 1.0], "right_foot_pose": [0.9999999979400307, 6.382893532244691e-05, -6.7679527072655464e-06, 0.0009680833968917419, -6.418674448988302e-05, 0.9944252105749741, -0.10544428127205563, -0.12012479654138937, -1.7341338477918319e-10, 0.10544428148925634, 0.9944252126234605, 1.497242954617839e-10, 0.0, 0.0, 0.0, 1.0]}, {"left_foot_pose": [0.9999999999884728, 4.795882773396481e-06, 2.3422874023673283e-07, 0.00019842107928873294, -4.801599173612198e-06, 0.9988117904731877, 0.04873404547839738, -6.676505345334753e-05, -2.2765843499962175e-10, -0.04873404547896057, 0.9988117904847018, 1.9718524035816642e-10, 0.0, 0.0, 0.0, 1.0], "right_foot_pose": [0.9999999979400306, 6.377179925759779e-05, -7.286716556310025e-06, 0.0009680833877053492, -6.418674799883323e-05, 0.9935348781475816, -0.11352727330616007, -0.12012479654040527, -2.314376107962732e-10, 0.11352727354000783, 0.9935348801942345, 1.9901015557710622e-10, 0.0, 0.0, 0.0, 1.0]}, {"left_foot_pose": [0.9999999999884726, 4.797864283917282e-06, 1.8934123791050313e-07, 0.0001984210682538985, -4.801598869089974e-06, 0.9992246598493509, 0.039371044257098545, -6.676504912990315e-05, -2.9750713486031794e-10, -0.03937104425755413, 0.9992246598608698, 2.583978447878721e-10, 0.0, 0.0, 0.0, 1.0], "right_foot_pose": [0.9999999979400302, 6.370104781409301e-05, -7.881353879025053e-06, 0.0009680833759905516, -6.418675277254581e-05, 0.9924323578107502, -0.12279255291040976, -0.12012479653818767, -3.0367129182865573e-10, 0.12279255316333916, 0.9924323598551331, 2.601154985848453e-10, 0.0, 0.0, 0.0, 1.0]}, {"left_foot_pose": [0.9999999999884728, 4.79961222618606e-06, 1.381205156913112e-07, 0.00019842105458755564, -4.801599176074521e-06, 0.999588487274437, 0.028685468191194517, -6.676504240435074e-05, -3.845535647353391e-10, -0.02868546819152736, 0.99958848728596, 3.3528124721016184e-10, 0.0, 0.0, 0.0, 1.0], "right_foot_pose": [0.9999999979400298, 6.361369450311282e-05, -8.557916831353704e-06, 0.0009680833610210283, -6.41867592939962e-05, 0.9910710946083632, -0.13333447158121045, -0.12012479653413188, -3.9434037984919675e-10, 0.1333344718558502, 0.9910710966499434, 3.365968059831914e-10, 0.0, 0.0, 0.0, 1.0]}, {"left_foot_pose": [0.9999999999884726, 4.800934770000141e-06, 7.995694500930948e-08, 0.00019842103770459382, -4.8016005178055664e-06, 0.9998630483310413, 0.016549457970082684, -6.676503222423705e-05, -4.931267049647324e-10, -0.01654945797027614, 0.9998630483425675, 4.320822449832562e-10, 0.0, 0.0, 0.0, 1.0], "right_foot_pose": [0.9999999979400294, 6.350598818594913e-05, -9.323662095218007e-06, 0.0009680833419281151, -6.418676818533348e-05, 0.9893926117092069, -0.14526615495459874, -0.12012479652737296, -5.083292444071639e-10, 0.14526615525381023, 0.9893926137473311, 4.3257550319530935e-10, 0.0, 0.0, 0.0, 1.0]}, {"left_foot_pose": [0.9999999999884728, 4.8015825737096325e-06, 1.4198355213681288e-08, 0.00019842101714082552, -4.8016035247939e-06, 0.9999960055952861, 0.0028264412992164384, -6.676501724688436e-05, -6.269072765774062e-10, -0.002826441299252349, 0.9999960056068138, 5.527279120509654e-10, 0.0, 0.0, 0.0, 1.0], "right_foot_pose": [0.9999999979400286, 6.337337440636013e-05, -1.0186175043558836e-05, 0.0009680833178721131, -6.418678014388981e-05, 0.9873259099333314, -0.1587058393833592, -0.12012479651677178, -6.500360883390981e-10, 0.15870583971024732, 0.9873259119672012, 5.517997656023788e-10, 0.0, 0.0, 0.0, 1.0]}, {"left_foot_pose": [0.9999999999884727, 4.801237767156047e-06, -5.971362515575318e-08, 0.0001984209929843591, -4.801609021238112e-06, 0.9999206186503263, -0.012599856145781333, -6.676499610317604e-05, -7.860204560575733e-10, 0.012599856145922485, 0.9999206186618532, 6.983211578437398e-10, 0.0, 0.0, 0.0, 1.0], "right_foot_pose": [0.9999999979400274, 6.321066691598199e-05, -1.1151516907448802e-05, 0.0009680832885324613, -6.418679568743295e-05, 0.9847901515881454, -0.17374795888024977, -0.120124796501102, -8.203305483950935e-10, 0.1737479592381137, 0.9847901536167949, 6.951468012328377e-10, 0.0, 0.0, 0.0, 1.0]}, {"left_foot_pose": [0.999999999988473, 4.799519356992337e-06, -1.4194373598739137e-07, 0.0001984209669089343, -4.801617764653699e-06, 0.9995570294734233, -0.02976146513885632, -6.67649684116308e-05, -9.598689422705297e-10, 0.029761465139194466, 0.9995570294849461, 8.606940091193671e-10, 0.0, 0.0, 0.0, 1.0], "right_foot_pose": [0.9999999979400263, 6.301279630420569e-05, -1.2220255575013316e-05, 0.0009680832553921586, -6.41868144043074e-05, 0.9817063624174335, -0.19040119187963053, -0.12012479647982942, -1.0088717296891247e-09, 0.19040119227178823, 0.9817063644397348, 8.542581086956602e-10, 0.0, 0.0, 0.0, 1.0]}, {"left_foot_pose": [0.9999999999884726, 4.796040020927798e-06, -2.316180419127161e-07, 0.0001984209445020068, -4.801629469539489e-06, 0.9988247147404988, -0.04846843509446784, -6.676493768582002e-05, -1.1107299677616081e-09, 0.04846843509502093, 0.9988247147520133, 1.0070765679714988e-09, 0.0, 0.0, 0.0, 1.0], "right_foot_pose": [0.9999999979400249, 6.27769825231735e-05, -1.3379088399656998e-05, 0.0009680832248122002, -6.41868330713423e-05, 0.9780313843866536, -0.20845768643726412, -0.12012479645539048, -1.176189040865595e-09, 0.20845768686660765, 0.978031386401389, 9.965245434395698e-10, 0.0, 0.0, 0.0, 1.0]}, {"left_foot_pose": [0.9999999999884727, 4.790599006222047e-06, -3.2544097305917506e-07, 0.00019842093958703864, -4.801640277605729e-06, 0.9976843290848432, -0.06801455340933739, -6.676491779792834e-05, -1.143093217713686e-09, 0.06801455341011563, 0.9976843290963447, 1.0501626929171337e-09, 0.0, 0.0, 0.0, 1.0], "right_foot_pose": [0.9999999979400245, 6.250824644157435e-05, -1.4583202724294732e-05, 0.0009680832140497236, -6.418684190246177e-05, 0.9738439740574559, -0.22721775914754241, -0.12012479643828378, -1.2195891906752075e-09, 0.22721775961552898, 0.9738439760635682, 1.0360266464171097e-09, 0.0, 0.0, 0.0, 1.0]}, {"left_foot_pose": [0.9999999999881657, 4.846938850598962e-06, -4.204863474633664e-07, 0.00019925220225955329, -4.8651438201129285e-06, 0.996244338264916, -0.08658647961102789, -6.682720297191205e-05, -7.722290259711647e-10, 0.08658647961204852, 0.9962443382767068, 3.932722265191646e-05, 0.0, 0.0, 0.0, 1.0], "right_foot_pose": [0.9999999979400259, 6.223205639713417e-05, -1.5720031419419945e-05, 0.0009680832559149156, -6.418682287130107e-05, 0.9695419957383398, -0.24492511994438027, -0.12012479646427626, -9.632422351160175e-10, 0.24492512044885953, 0.9695419977355864, 8.15271530840711e-10, 0.0, 0.0, 0.0, 1.0]}, {"left_foot_pose": [0.9999999999782536, 6.560217185983593e-06, -6.763484990958217e-07, 0.0002218960152633696, -6.594990277857626e-06, 0.9947308274318244, -0.10252112422962044, -6.851821790973892e-05, 2.2386112151786333e-10, 0.10252112423185107, 0.9947308274534564, 0.0010058886303677753, 0.0, 0.0, 0.0, 1.0], "right_foot_pose": [0.9999999979400278, 6.198791132936327e-05, -1.6656618184785392e-05, 0.0009680833240634361, -6.418679054119629e-05, 0.9657401095245752, -0.2595111495398939, -0.12012479652595351, -5.898567655143996e-10, 0.25951115007444275, 0.9657401115139828, 4.801229760986736e-10, 0.0, 0.0, 0.0, 1.0]}, {"left_foot_pose": [0.9999999999462972, 1.0294986359595458e-05, -1.1916110761458128e-06, 0.0002712292355177077, -1.0363719387339199e-05, 0.9933817341583122, -0.11485961053920964, -7.2201052577308e-05, 1.2465530094113387e-09, 0.11485961054539047, 0.9933817342116583, 0.0027527501420175488, 0.0, 0.0, 0.0, 1.0], "right_foot_pose": [0.9999999979400296, 6.180292745718003e-05, -1.7330272580829336e-05, 0.0009680833822519651, -6.418676023861727e-05, 0.9628599009887334, -0.27000149434406173, -0.12012479655073281, -2.58226991678885e-10, 0.2700014949002406, 0.9628599029722003, 1.9940941259344314e-10, 0.0, 0.0, 0.0, 1.0]}, {"left_foot_pose": [0.9999999998762261, 1.5614640985186163e-05, -1.9318355943823164e-06, 0.00034152318629998855, -1.5733689887448014e-05, 0.9924498094005839, -0.12265143934417014, -7.744824894952498e-05, 2.0916756147825784e-09, 0.12265143935938362, 0.9924498095234199, 0.004589020842778457, 0.0, 0.0, 0.0, 1.0], "right_foot_pose": [0.9999999979400309, 6.169388794493597e-05, -1.7714454526418978e-05, 0.0009680834168203864, -6.418674091218294e-05, 0.9611622715175264, -0.27598384679421284, -0.12012479654729166, -5.116761728847413e-11, 0.2759838473627276, 0.9611622734974914, 3.3605132565561746e-11, 0.0, 0.0, 0.0, 1.0]}, {"left_foot_pose": [0.9999999997520851, 2.2092427892536542e-05, -2.7848799185052395e-06, 0.0004270490460518215, -2.2267261164445642e-05, 0.9921627956996165, -0.12495193609420789, -8.383254611204344e-05, 2.5626073203082474e-09, 0.12495193612524168, 0.992162795945582, 0.005823810247269481, 0.0, 0.0, 0.0, 1.0], "right_foot_pose": [0.9999999979400314, 6.167039459927436e-05, -1.7796055760966235e-05, 0.0009680834230761408, -6.418673671929123e-05, 0.9607965175486695, -0.277254481923038, -0.12012479653314129, -4.903500832661834e-12, 0.27725448249417295, 0.9607965195278804, 1.1130402155501429e-12, 0.0, 0.0, 0.0, 1.0]}, {"left_foot_pose": [0.9999999995640849, 2.930924710786131e-05, -3.5776404448411795e-06, 0.0005220778492191307, -2.952679242275718e-05, 0.992642635759985, -0.12108095143183929, -9.092661040561306e-05, 2.5269149991664227e-09, 0.12108095148469411, 0.9926426361926847, 0.006000000113968444, 0.0, 0.0, 0.0, 1.0], "right_foot_pose": [0.9999999979400304, 6.173647225642516e-05, -1.7565499822569853e-05, 0.0009680834026739883, -6.418674933871196e-05, 0.9618252301056474, -0.27366443432108556, -0.12012479651694159, -1.3584818100555933e-10, 0.27366443488481723, 0.9618252320869801, 1.0700749314418445e-10, 0.0, 0.0, 0.0, 1.0]}, {"left_foot_pose": [0.999999999312736, 3.684244793664805e-05, -4.1428390449300576e-06, 0.0006208808542594172, -3.707464202364364e-05, 0.9937432261775567, -0.11168884927195442, -9.830238863517068e-05, 2.0276236303292054e-09, 0.11168884934878856, 0.9937432268605129, 0.006000000384482555, 0.0, 0.0, 0.0, 1.0], "right_foot_pose": [0.9999999979400286, 6.188890769885925e-05, -1.7020741750751105e-05, 0.0009680833550843557, -6.418677858950283e-05, 0.9641983955132128, -0.2651819186328574, -0.12012479647895287, -4.47399273656108e-10, 0.2651819191790967, 0.9641983974994413, 3.6226925625992834e-10, 0.0, 0.0, 0.0, 1.0]}, {"left_foot_pose": [0.9999999990110693, 4.426462640554447e-05, -4.301865336121211e-06, 0.0007177293055714199, -4.4473173881056485e-05, 0.9953130007455085, -0.09670588694133003, -0.00010553240034419896, 1.0525397446425705e-09, 0.09670588703701179, 0.9953130017298005, 0.005978465310711077, 0.0, 0.0, 0.0, 1.0], "right_foot_pose": [0.9999999979400256, 6.212238221058886e-05, -1.6148006342698226e-05, 0.000968083275210368, -6.418682481190645e-05, 0.9678332094887164, -0.251592675749557, -0.12012479643487875, -9.59559058570175e-10, 0.25159267626777165, 0.9678332114824433, 7.810551996834114e-10, 0.0, 0.0, 0.0, 1.0]}, {"left_foot_pose": [0.999999998684938, 5.113883434210243e-05, -3.865900247979968e-06, 0.000806894305700123, -5.1284749803518264e-05, 0.9971542231418196, -0.07538867713595913, -0.00011218978503597064, -3.903130280112965e-10, 0.07538867723507962, 0.9971542244531416, 0.005079320124600585, 0.0, 0.0, 0.0, 1.0], "right_foot_pose": [0.9999999979400217, 6.242839468226267e-05, -1.4921526434397625e-05, 0.0009680831611624917, -6.418688659572466e-05, 0.9725974115270901, -0.23249574398437514, -0.12012479643907195, -1.6980813278044506e-09, 0.23249574446320515, 0.9725974135306448, 1.3717740762753117e-09, 0.0, 0.0, 0.0, 1.0]}, {"left_foot_pose": [0.9999999983714096, 5.700585982394877e-05, -2.741043658217499e-06, 0.0008826471725152311, -5.7071721287306876e-05, 0.9988443293616889, -0.048062484796536735, -0.0001178456539551332, -1.9673566303142614e-09, 0.04806248487469839, 0.9988443309884029, 0.003359234505356974, 0.0, 0.0, 0.0, 1.0], "right_foot_pose": [0.9999999979400174, 6.278882551780407e-05, -1.3323977159696504e-05, 0.0009680830209153313, -6.418695327213537e-05, 0.9782093869767012, -0.2076207867981951, -0.12012479644099205, -2.6258269035016574e-09, 0.20762078722572525, 0.9782093889918304, 2.1335050878756867e-09, 0.0, 0.0, 0.0, 1.0]}, {"left_foot_pose": [0.9999999981152388, 6.138908610178045e-05, -9.506155084781865e-07, 0.0009392592478423594, -6.139644574740561e-05, 0.9998792577154031, -0.01553918340749457, -0.00012207188851954924, -3.4355393087574514e-09, 0.015539183436570998, 0.9998792595999408, 0.001509098742180727, 0.0, 0.0, 0.0, 1.0], "right_foot_pose": [0.9999999979400142, 6.31747103574994e-05, -1.1354636751781876e-05, 0.000968082867574312, -6.418700640418275e-05, 0.9842188694924484, -0.17695539781265573, -0.12012479643919594, -3.6582558552256e-09, 0.17695539817695, 0.9842188715199668, 3.007034829471955e-09, 0.0, 0.0, 0.0, 1.0]}, {"left_foot_pose": [0.9999999979634225, 6.380670655996e-05, 1.3637008539057598e-06, 0.0009710017563709001, -6.382127750112754e-05, 0.9997731866709595, 0.021297209691422347, -0.00012444051312392006, -4.48673913763785e-09, -0.021297209735082374, 0.9997731887070691, 0.00021980334092806114, 0.0, 0.0, 0.0, 1.0], "right_foot_pose": [0.9999999979400134, 6.354572895305694e-05, -9.05060338041213e-06, 0.0009680827389452705, -6.418701635868951e-05, 0.9899990797275867, -0.14107380344542672, -0.12012479643670594, -4.5486586355597305e-09, 0.14107380373574757, 0.9899990817670123, 3.79032007863378e-09, 0.0, 0.0, 0.0, 1.0]}, {"left_foot_pose": [0.9999999979400405, 6.406731291044344e-05, 3.91142437722198e-06, 0.0009757851429114208, -6.418660141372312e-05, 0.9981460948314095, 0.06086352974391031, -0.0001247966130488755, -4.810162488068947e-09, -0.060863529869595215, 0.9981460968875319, 4.100997541556239e-09, 0.0, 0.0, 0.0, 1.0], "right_foot_pose": [0.9999999979400169, 6.385309601534468e-05, -6.538199319339684e-06, 0.0009680827021260491, -6.418696049438109e-05, 0.9947908493803448, -0.10193704856020926, -0.12012479650178157, -4.855295024801277e-09, 0.10193704876988763, 0.9947908514296285, 4.09570363041345e-09, 0.0, 0.0, 0.0, 1.0]}, {"left_foot_pose": [0.9999999979400448, 6.386192217025722e-05, 6.4471586309055705e-06, 0.0009757851660849864, -6.418653236667282e-05, 0.9949497658837835, 0.10037409649852001, -0.00012479677053972744, -4.516232003223121e-09, -0.10037409670557493, 0.9949497679333067, 3.815684580799061e-09, 0.0, 0.0, 0.0, 1.0], "right_foot_pose": [0.9999999979400229, 6.406190809333968e-05, -4.003216622028791e-06, 0.000968082769327478, -6.418686619426527e-05, 0.9980488573881151, -0.06243776218222614, -0.12012479664941661, -4.476407113886391e-09, 0.062437762310559516, 0.9980488594440908, 3.8266192436964275e-09, 0.0, 0.0, 0.0, 1.0]}, {"left_foot_pose": [0.9999999979400453, 6.358323915734168e-05, 8.779598313689532e-06, 0.000975785288022329, -6.418652222456827e-05, 0.9906087619126525, 0.13672701526023717, -0.00012479686182892327, -3.6005050946731795e-09, -0.13672701554211794, 0.9906087639532302, 3.0239664522424547e-09, 0.0, 0.0, 0.0, 1.0], "right_foot_pose": [0.9999999979405609, 6.415740610857403e-05, -1.6447396050672228e-06, 0.0009680829218778545, -6.41784848265646e-05, 0.9996701548320635, -0.02568223937200017, -0.12012463106006552, -3.5087656295169698e-09, 0.02568223942466586, 0.9996701568908287, 8.978833355058335e-06, 0.0, 0.0, 0.0, 1.0]}, {"left_foot_pose": [0.999999997940043, 6.327856548377015e-05, 1.0758148605903813e-05, 0.0009757854534037124, -6.418656093625042e-05, 0.9858603286497917, 0.1675691149186236, -0.0001247968091564423, -2.4987086934236543e-09, -0.16756911526396717, 0.9858603306805952, 2.068790430631573e-09, 0.0, 0.0, 0.0, 1.0], "right_foot_pose": [0.9999999979944294, 6.333253504075142e-05, 3.618600089012106e-07, 0.0009680840554012069, -6.333356875924803e-05, 0.9999838876578611, 0.005676302804588954, -0.12010777471147416, -2.3595322381008885e-09, -0.005676302816122808, 0.9999838896633986, 0.0008383176602771575, 0.0, 0.0, 0.0, 1.0]}, {"left_foot_pose": [0.9999999979400394, 6.299106374595259e-05, 1.2330771439082979e-05, 0.0009757856020709554, -6.41866188064288e-05, 0.9813782948377302, 0.19208497677191624, -0.00012479678078490541, -1.5144324447433576e-09, -0.19208497716769957, 0.9813782968593125, 1.235692027867774e-09, 0.0, 0.0, 0.0, 1.0], "right_foot_pose": [0.9999999981223796, 6.125049523022338e-05, 1.9020182851487599e-06, 0.0009680867411292088, -6.128001989197158e-05, 0.9995188269900184, 0.031017909943399636, -0.120066806587793, -1.2407402686499515e-09, -0.031017910001715672, 0.999518828866733, 0.002529237954932921, 0.0, 0.0, 0.0, 1.0]}, {"left_foot_pose": [0.9999999979400358, 6.275300945725362e-05, 1.3490326299158111e-05, 0.0009757857154906273, -6.418667384269406e-05, 0.9776666265393913, 0.2101617549202472, -0.00012479677624579848, -7.592099631812381e-10, -0.21016175535322087, 0.9776666285533399, 6.127084603568811e-10, 0.0, 0.0, 0.0, 1.0], "right_foot_pose": [0.999999998302253, 5.819748825356101e-05, 2.923422632305585e-06, 0.0009680907365668004, -5.82708678401141e-05, 0.9987409345103822, 0.05016515063103894, -0.1200067745331703, -2.560871588439294e-10, -0.05016515071622178, 0.9987409362059907, 0.004390848839748045, 0.0, 0.0, 0.0, 1.0]}, {"left_foot_pose": [0.9999999979400334, 6.258620478623838e-05, 1.4244341131229828e-05, 0.000975785789020974, -6.418671423050285e-05, 0.97506568438717, 0.22191644150591064, -0.0001247967850359858, -2.603803808653745e-10, -0.2219164419630678, 0.9750656863957696, 2.122610698318539e-10, 0.0, 0.0, 0.0, 1.0], "right_foot_pose": [0.9999999985116496, 5.445168268299885e-05, 3.422708785616019e-06, 0.0009680956784341656, -5.455914847395454e-05, 0.9980297296152411, 0.06274277510142505, -0.11993272634655297, 4.845566490760054e-10, -0.06274277519478208, 0.9980297311006606, 0.005732259793450739, 0.0, 0.0, 0.0, 1.0]}, {"left_foot_pose": [0.999999997940032, 6.25037747446386e-05, 1.4601883505770383e-05, 0.0009757858242736734, -6.418673429304587e-05, 0.973780339731466, 0.22749032030513805, -0.00012479678493787158, -2.3344434621915786e-11, -0.22749032077376266, 0.9737803417374226, 2.152366479490908e-11, 0.0, 0.0, 0.0, 1.0], "right_foot_pose": [0.9999999987300257, 5.028019051941584e-05, 3.4425023547331294e-06, 0.0009681010742989811, -5.0397900555534806e-05, 0.9976632323829069, 0.06832329186552337, -0.11984970966851682, 8.501051285407419e-10, -0.06832329195224962, 0.9976632336499164, 0.006000000014562232, 0.0, 0.0, 0.0, 1.0]}, {"left_foot_pose": [0.9999999979400319, 6.250970466891775e-05, 1.4576470146131479e-05, 0.0009757858227783359, -6.418673273876045e-05, 0.9738728036003835, 0.22709416172062383, -0.00012479678996872405, -3.8866958371141736e-11, -0.2270941621884333, 0.9738728056065303, 2.9577645888068105e-11, 0.0, 0.0, 0.0, 1.0], "right_foot_pose": [0.9999999989401515, 4.593588955423238e-05, 3.0969421245804114e-06, 0.0009681066516720998, -4.6040167234713483e-05, 0.9977338851878262, 0.06728366984869416, -0.11976277291584386, 8.111289279044613e-10, -0.06728366991996758, 0.9977338862452756, 0.006000000043031056, 0.0, 0.0, 0.0, 1.0]}, {"left_foot_pose": [0.9999999979400335, 6.260288350126264e-05, 1.4170841707904476e-05, 0.0009757857826955501, -6.418671028536186e-05, 0.9753257220729071, 0.2207707674105186, -0.00012479681469543258, -2.997888458998852e-10, -0.22077076786531816, 0.9753257240820415, 2.419960759558748e-10, 0.0, 0.0, 0.0, 1.0], "right_foot_pose": [0.9999999991289279, 4.1664321678066345e-05, 2.4955923308419527e-06, 0.0009681121230324305, -4.1738994738963136e-05, 0.9982103896397521, 0.05979980161430528, -0.11967696459905004, 3.9197756778502224e-10, -0.05979980166637908, 0.9982103905092662, 0.0059982122838544635, 0.0, 0.0, 0.0, 1.0]}, {"left_foot_pose": [0.9999999979400362, 6.277781986667279e-05, 1.3374367582640295e-05, 0.0009757857032357318, -6.418666820093203e-05, 0.9780534197563088, 0.2083542751734696, -0.0001247968074855419, -8.187961144528806e-10, -0.20835427560272374, 0.9780534217710528, 6.610599220802094e-10, 0.0, 0.0, 0.0, 1.0], "right_foot_pose": [0.9999999992875656, 3.7708176348941254e-05, 1.7210308076995054e-06, 0.0009681170428652878, -3.774743051426132e-05, 0.9989605852129403, 0.045582318569281285, -0.11959733218022771, -4.158358267758907e-10, -0.04558231860177159, 0.9989605859246333, 0.005241070099722356, 0.0, 0.0, 0.0, 1.0]}, {"left_foot_pose": [0.9999999979400397, 6.302054510065903e-05, 1.2179177043435376e-05, 0.0009757855909038379, -6.418661430353457e-05, 0.9818377700477007, 0.1897224003322691, -0.00012479680094360564, -1.5669428060656263e-09, -0.18972240072318886, 0.9818377720702289, 1.2748185423960834e-09, 0.0, 0.0, 0.0, 1.0], "right_foot_pose": [0.9999999994111193, 3.430783235080688e-05, 8.567828694292006e-07, 0.0009681212164870342, -3.431852903978252e-05, 0.9996893482053727, 0.024924002627104994, -0.11952892475556846, -1.428204750952277e-09, -0.02492400264183145, 0.9996893487940692, 0.003581706260334848, 0.0, 0.0, 0.0, 1.0]}, {"left_foot_pose": [0.9999999979400429, 6.330665491055746e-05, 1.0591617133347514e-05, 0.0009757854565247789, -6.41865632615286e-05, 0.9862977413180903, 0.16497503250770734, -0.0001247968042878628, -2.4706039822578417e-09, -0.1649750328477056, 0.9862977433497958, 2.0342595524747153e-09, 0.0, 0.0, 0.0, 1.0], "right_foot_pose": [0.9999999994973854, 3.170531648917104e-05, -4.1480157364741736e-08, 0.0009681244564346936, -3.1705343527229025e-05, 0.9999990387185997, -0.0013862022390416055, -0.1194767910734962, -2.4698632443538932e-09, 0.001386202239659829, 0.9999990392212137, 0.0017110110257992917, 0.0, 0.0, 0.0, 1.0]}, {"left_foot_pose": [0.9999999979400445, 6.36010474612433e-05, 8.649775328105583e-06, 0.0009757853314594208, -6.418653940123541e-05, 0.9908852499213869, 0.13470863880360318, -0.00012479682059112276, -3.32425777169493e-09, -0.13470863908130876, 0.9908852519625378, 2.773850760195984e-09, 0.0, 0.0, 0.0, 1.0], "right_foot_pose": [0.9999999995451592, 3.014516037118222e-05, -9.750865824778143e-07, 0.0009681264435108683, -3.016092632224001e-05, 0.9994736998447966, -0.03243951924538578, -0.11944597974397532, -3.321115832181093e-09, 0.03243951926004028, 0.9994737002994012, 0.0003198748953012337, 0.0, 0.0, 0.0, 1.0]}, {"left_foot_pose": [0.9999999979400427, 6.385939571553812e-05, 6.4724761559264544e-06, 0.0009757852790492756, -6.418656677954494e-05, 0.9949086328878562, 0.1007809906941888, -0.00012479680744654012, -3.7092384242197948e-09, -0.10078099090203056, 0.9949086349373021, 3.1320097973464023e-09, 0.0, 0.0, 0.0, 1.0], "right_foot_pose": [0.9999999995544882, 2.9783827976547065e-05, -1.986644238949573e-06, 0.000968126860899149, -2.9850010899887642e-05, 0.9977745964248489, -0.06667723628201144, -0.11943977672905826, -3.6801814856209813e-09, 0.06667723631160713, 0.9977745968693762, 3.131275135015432e-09, 0.0, 0.0, 0.0, 1.0]}, {"left_foot_pose": [0.9999999979400389, 6.404626178152342e-05, 4.242608961478829e-06, 0.0009757853189119167, -6.418662918958944e-05, 0.9978167316314093, 0.06604366704302074, -0.00012479670653330922, -3.496219418855923e-09, -0.06604366717929239, 0.9978167336868587, 2.9878541446537454e-09, 0.0, 0.0, 0.0, 1.0], "right_foot_pose": [0.9999999995544869, 2.9696528542147276e-05, -3.0236093487292583e-06, 0.000968126870867791, -2.9850058769127098e-05, 0.9948446428701231, -0.10141072754690016, -0.11943977662355582, -3.525002487323364e-09, 0.10141072759197509, 0.9948446433133499, 2.9775691981481778e-09, 0.0, 0.0, 0.0, 1.0]}, {"left_foot_pose": [0.9999999979400347, 6.415045284073267e-05, 2.1566138838068953e-06, 0.000975785436506597, -6.418669313489215e-05, 0.9994368203670765, 0.03355648930710066, -0.00012479665147392856, -2.73533829143569e-09, -0.03355648937640165, 0.9994368224258763, 2.370484808444928e-09, 0.0, 0.0, 0.0, 1.0], "right_foot_pose": [0.999999999554487, 2.958302223109228e-05, -3.983836283472326e-06, 0.000968126969871637, -2.9850061105827145e-05, 0.991041468489562, -0.13355450888317782, -0.11943977655206366, -2.7990447576951257e-09, 0.1335545089425951, 0.9910414689310948, 2.35470771353663e-09, 0.0, 0.0, 0.0, 1.0]}, {"left_foot_pose": [0.9999999990530923, 4.3517789421076004e-05, 1.355165859521134e-07, 0.0009757158179021314, -4.3518000355902013e-05, 0.999995321784956, 0.0030585150624394515, 0.00028954143026609785, -2.4161378204008833e-09, -0.0030585150654410475, 0.9999953227318594, 0.0006826704674440381, 0.0, 0.0, 0.0, 1.0], "right_foot_pose": [0.9999999995544877, 2.9462075221476478e-05, -4.796908879223465e-06, 0.0009681271061471985, -2.9850028600575396e-05, 0.9869928962539855, -0.16076386986243396, -0.11943977661629172, -1.9222390771894626e-09, 0.1607638699339994, 0.9869928966937117, 1.5899462649238139e-09, 0.0, 0.0, 0.0, 1.0]}, {"left_foot_pose": [0.9999999998955519, -1.4447739545412201e-05, 4.001030347036514e-07, 0.0009755208231238141, 1.4453276019575762e-05, 0.9996329250020265, -0.027092711990434833, 0.001451672175316148, -8.527720592083725e-09, 0.027092711993387517, 0.9996329251064333, 0.0023080882222814222, 0.0, 0.0, 0.0, 1.0], "right_foot_pose": [0.9999999995544893, 2.9350782670060705e-05, -5.43625994375874e-06, 0.0009681272303448017, -2.9849980976285207e-05, 0.9832696483943012, -0.18215597068316627, -0.11943977664616509, -1.1109041953601974e-09, 0.18215597076428594, 0.9832696488323642, 9.008347262584593e-10, 0.0, 0.0, 0.0, 1.0]}, {"left_foot_pose": [0.999999994786994, -0.00010194873240233283, 5.698190941485091e-06, 0.0009752261741427258, 0.00010210785019874935, 0.9984518015995749, -0.055623641165883066, 0.0032088511352949406, -1.8609302986790897e-08, 0.055623641457746356, 0.9984518068044049, 0.0041854774579167114, 0.0, 0.0, 0.0, 1.0], "right_foot_pose": [0.9999999995544906, 2.9262903791058305e-05, -5.890771772210315e-06, 0.0009681273223479289, -2.984993685272448e-05, 0.9803306037571503, -0.197362373430507, -0.11943977664536548, -4.922977092306941e-10, 0.19736237351841923, 0.9803306041938997, 3.9028499876359035e-10, 0.0, 0.0, 0.0, 1.0]}, {"left_foot_pose": [0.9999999775654667, -0.0002111255925427345, 1.7177046408471262e-05, 0.0009748574695542255, 0.0002118231948144289, 0.9967180462984829, -0.08095116622921651, 0.005408271399583419, -2.9809200354157786e-08, 0.08095116805161134, 0.996718068658876, 0.005623947733820668, 0.0, 0.0, 0.0, 1.0], "right_foot_pose": [0.9999999995544914, 2.9207942236448594e-05, -6.157359193404102e-06, 0.0009681273753460066, -2.9849907234519048e-05, 0.9784927796854381, -0.20628106847805486, -0.11943977662826148, -1.1401998788795664e-10, 0.2062810685699513, 0.9784927801213656, 8.803829887327197e-11, 0.0, 0.0, 0.0, 1.0]}, {"left_foot_pose": [0.9999999435598497, -0.0003342498747090778, 3.401940602349479e-05, 0.0009744401521087554, 0.0003359766319038463, 0.9948722566896082, -0.10113891431605401, 0.007897125446570223, -3.929380386596928e-08, 0.10113892003748357, 0.994872312839015, 0.0060000008077581435, 0.0, 0.0, 0.0, 1.0], "right_foot_pose": [0.9999999995544916, 2.9191690254760354e-05, -6.233910645914389e-06, 0.0009681273881823603, -2.98498981885798e-05, 0.9779493998644315, -0.20884197474114774, -0.11943977661639293, -1.063928659715806e-12, 0.20884197483418834, 0.9779494003001159, 1.2202738819411252e-12, 0.0, 0.0, 0.0, 1.0]}, {"left_foot_pose": [0.9999998909809855, -0.0004638319186319508, 5.383279609983686e-05, 0.0009739998431523317, 0.0004669454107754481, 0.9933432307721252, -0.11519117952855931, 0.010522605852428736, -4.5097789573044537e-08, 0.11519119210750707, 0.9933433390630103, 0.006000000324200415, 0.0, 0.0, 0.0, 1.0], "right_foot_pose": [0.9999999995544913, 2.9215789265753486e-05, -6.120040407897822e-06, 0.0009681273607088748, -2.9849911842172923e-05, 0.9787551625773757, -0.20503251165880435, -0.11943977659522557, -1.6550903573067851e-10, 0.20503251175014306, 0.9787551630134205, 1.3609260940405932e-10, 0.0, 0.0, 0.0, 1.0]}, {"left_foot_pose": [0.999999821731715, -0.0005926246995537418, 7.302400376841766e-05, 0.0009735622216503814, 0.0005971068058120955, 0.9925028320944607, -0.12222017733556993, 0.013131906752891597, -4.583467816401201e-08, 0.12222019915071775, 0.9925030090229238, 0.006000000028899062, 0.0, 0.0, 0.0, 1.0], "right_foot_pose": [0.9999999995544904, 2.9278862007240754e-05, -5.810991770161203e-06, 0.0009681272882661516, -2.9849947829090434e-05, 0.9808640421687208, -0.19469393901562299, -0.11943977655522124, -6.240975849433615e-10, 0.1946939391023425, 0.9808640426057086, 5.156373869552588e-10, 0.0, 0.0, 0.0, 1.0]}, {"left_foot_pose": [0.9999997416359119, -0.0007139928790973852, 8.33203412087385e-05, 0.0009731528048041504, 0.0007188380270328367, 0.9932658447932988, -0.11585527540404071, 0.015572221093693809, -3.940745508501904e-08, 0.11585530536502742, 0.9932661014143066, 0.005390332615804079, 0.0, 0.0, 0.0, 1.0], "right_foot_pose": [0.9999999995544885, 2.940022522557915e-05, -5.162355094123998e-06, 0.0009681271483716176, -2.98500109052034e-05, 0.984922850490591, -0.17299415507601937, -0.11943977657084331, -1.5456274341084687e-09, 0.17299415515304462, 0.9849228509293935, 1.2717778913318156e-09, 0.0, 0.0, 0.0, 1.0]}, {"left_foot_pose": [0.9999996600859191, -0.0008201308076112545, 8.493236006369782e-05, 0.0009727972568197655, 0.0008245168564016685, 0.9946838478135395, -0.10297263263025615, 0.01769074200095544, -2.981835120291043e-08, 0.10297266765657051, 0.9946841859181685, 0.0038012530723127783, 0.0, 0.0, 0.0, 1.0], "right_foot_pose": [0.9999999995544866, 2.9523958305814665e-05, -4.400303796725741e-06, 0.0009681269796646642, -2.9850071695984057e-05, 0.9890616129219151, -0.14750296591347947, -0.11943977662037598, -2.6998451350311296e-09, 0.14750296597911414, 0.9890616133625671, 2.2351979989121418e-09, 0.0, 0.0, 0.0, 1.0]}, {"left_foot_pose": [0.999999589109837, -0.000903636429834216, 7.225898394715402e-05, 0.0009725213283365753, 0.0009065209086118593, 0.9968192768261726, -0.07969007195121273, 0.019334663507785378, -1.8296011353490305e-08, 0.07969010471162548, 0.9968196864082545, 0.0019195613967973105, 0.0, 0.0, 0.0, 1.0], "right_foot_pose": [0.9999999995544853, 2.9653952769223623e-05, -3.4164671222083407e-06, 0.000968126778205706, -2.9850111314134458e-05, 0.9934127357190263, -0.11459116728705965, -0.11943977669857489, -4.119112282240493e-09, 0.11459116733798935, 0.9934127361616203, 3.4518845559716738e-09, 0.0, 0.0, 0.0, 1.0]}, {"left_foot_pose": [0.9999995418572232, -0.0009562130858545069, 4.406676072723005e-05, 0.0009723506399470474, 0.000957227948235164, 0.9989397586567665, -0.04602653896848098, 0.020351179587313358, -8.860467455030731e-09, 0.04602656006368921, 0.9989402163136212, 0.0004361483262338914, 0.0, 0.0, 0.0, 1.0], "right_foot_pose": [0.9999999995544857, 2.976714004483898e-05, -2.2238264000276152e-06, 0.0009681265817340545, -2.985009211734505e-05, 0.9972071381895594, -0.07468549158143731, -0.11943977681110583, -5.557927252476738e-09, 0.07468549161454512, 0.9972071386338415, 4.728816081767118e-09, 0.0, 0.0, 0.0, 1.0]}, {"left_foot_pose": [0.9999995294044364, -0.0009701460192820217, 2.758228881256462e-06, 0.00097230700686177, 0.0009701499402235088, 0.9999955063772626, -0.002836553256411173, 0.02061022388011951, -6.345636820971346e-09, 0.002836554597437059, 0.9999959769709161, 5.52152218391555e-09, 0.0, 0.0, 0.0, 1.0], "right_foot_pose": [0.999999999554489, 2.9837019608783238e-05, -8.798973754056229e-07, 0.0009681264935358166, -2.9849990246854945e-05, 0.9995591197012368, -0.029691165875836, -0.11943977695650862, -6.386452400091701e-09, 0.029691165888872998, 0.9995591201465568, 5.521062780566854e-09, 0.0, 0.0, 0.0, 1.0]}, {"left_foot_pose": [0.9999995294043029, -0.000969226421106325, -4.232396425922126e-05, 0.000972307009296827, 0.0009701500777105688, 0.9990471694680126, 0.04363269401239735, 0.020610223630149076, -6.3231672039414736e-09, -0.043632714539636776, 0.999047639615801, 5.4019821046913385e-09, 0.0, 0.0, 0.0, 1.0], "right_foot_pose": [0.9999999995544931, 2.9845563705648447e-05, 5.059682823824655e-07, 0.0009681265596275352, -2.9849851553503643e-05, 0.9998598567312295, 0.016741147105014138, -0.11943977718281151, -6.2484018541014185e-09, -0.016741147112659116, 0.9998598571766706, 5.517231234375419e-09, 0.0, 0.0, 0.0, 1.0]}, {"left_foot_pose": [0.9999995294042183, -0.0009663874313275485, -8.53620285163717e-05, 0.0009723070901671619, 0.0009701501653413763, 0.9961205360363313, 0.08799395715246226, 0.020610223388542098, -5.38462223914181e-09, -0.08799399855686353, 0.9961210048071346, 4.553747830204902e-09, 0.0, 0.0, 0.0, 1.0], "right_foot_pose": [0.9999999995544959, 2.9794121051767297e-05, 1.821564463211127e-06, 0.0009681266834589477, -2.984975241097809e-05, 0.9981469463858458, 0.06084958939552022, -0.11943977726775076, -5.228974202427593e-09, -0.06084958942278494, 0.9981469468305147, 4.749037413320778e-09, 0.0, 0.0, 0.0, 1.0]}, {"left_foot_pose": [0.9999995294042163, -0.0009623180646835357, -0.00012302556517150212, 0.0009723072925647951, 0.0009701501673902965, 0.991925940744, 0.1268147739334185, 0.0206102233449164, -3.898356627877745e-09, -0.12681483360819343, 0.9919264075408657, 3.257553088387155e-09, 0.0, 0.0, 0.0, 1.0], "right_foot_pose": [0.9999999999062149, 1.3631128895993212e-05, 1.3276064799726601e-06, 0.0009700000119236923, -1.3695625536511741e-05, 0.9952378772235573, 0.09747598448837125, -0.11911594461951693, 7.423453754476316e-09, -0.09747598449741203, 0.9952378773169058, 0.0005400729345418076, 0.0, 0.0, 0.0, 1.0]}, {"left_foot_pose": [0.9999995294042637, -0.0009578933583004513, -0.0001537256199108765, 0.0009723074949763899, 0.0009701501183257026, 0.9873652461131189, 0.15845797416579777, 0.020610223334262767, -2.506486214273672e-09, -0.15845804873307934, 0.9873657107635986, 2.0681673595923655e-09, 0.0, 0.0, 0.0, 1.0], "right_foot_pose": [0.9999999991886389, -3.997440534429477e-05, -4.976875484063693e-06, 0.0009762590264779469, 4.028302102367881e-05, 0.9924129140974385, 0.12294960882373024, -0.1180338617697254, 2.427800208693026e-08, -0.12294960892445746, 0.9924129149025229, 0.002090423812508714, 0.0, 0.0, 0.0, 1.0]}, {"left_foot_pose": [0.9999995294043255, -0.0009538219647174041, -0.00017724217343366091, 0.0009723076577567495, 0.00097015005458922, 0.9831687949931083, 0.18269696045821726, 0.020610223323341337, -1.3996955197919305e-09, -0.18269704643332246, 0.983169257668557, 1.1443453129533765e-09, 0.0, 0.0, 0.0, 1.0], "right_foot_pose": [0.9999999922072873, -0.00012364628932682426, -1.7234270035470094e-05, 0.0009860638310180076, 0.00012484159319961995, 0.9904686590403657, 0.13773822952744952, -0.1163387534624179, 3.9183352058135247e-08, -0.13773823060564896, 0.9904686667581283, 0.0039740284794514, 0.0, 0.0, 0.0, 1.0]}, {"left_foot_pose": [0.9999995294043795, -0.0009506018981049041, -0.00019377061602991405, 0.000972307773003728, 0.0009701499988751631, 0.9798498463481288, 0.199733165549763, 0.020610223309383214, -6.179426388356734e-10, -0.19973325954277318, 0.9798503074615121, 5.072675821060635e-10, 0.0, 0.0, 0.0, 1.0], "right_foot_pose": [0.9999999730050546, -0.0002299908823775004, -3.3076938463603554e-05, 0.0009985306083621257, 0.00023235724102880782, 0.9898456554932588, 0.14214613716606372, -0.11418342610716997, 4.874832177421094e-08, -0.14214614101450285, 0.9898456822124763, 0.005499995981856451, 0.0, 0.0, 0.0, 1.0]}, {"left_foot_pose": [0.999999529404416, -0.0009487395602475415, -0.00020269236189305817, 0.0009723078456184916, 0.0009701499609590908, 0.9779303437554342, 0.20892893904730472, 0.02061022330825539, -1.3861232202187638e-10, -0.2089290373682559, 0.97793080396538, 1.2088570422452705e-10, 0.0, 0.0, 0.0, 1.0], "right_foot_pose": [0.9999999369139243, -0.00035192536313467375, -4.817350166924358e-05, 0.0010127753828068154, 0.0003552071858962959, 0.9907800874163532, 0.13547948998685616, -0.1117206861431649, 5.06774837829733e-08, -0.13547949855156094, 0.9907801499183434, 0.006000000311399717, 0.0, 0.0, 0.0, 1.0]}, {"left_foot_pose": [0.9999995294044272, -0.00094809320027518, -0.00020569445441152523, 0.0009723078678397531, 0.0009701499497419228, 0.9772641377158455, 0.21202326274156946, 0.020610223320304752, -8.222113019614667e-14, -0.21202336251882553, 0.9772645976122389, -4.962835697952528e-13, 0.0, 0.0, 0.0, 1.0], "right_foot_pose": [0.9999998820142574, -0.0004822023691186753, -5.87