{"LoopMode": "Wrap", "FrameDuration": 0.005, "EnableCycleOffsetPosition": true, "EnableCycleOffsetRotation": false, "Debug_info": [{"left_foot_pose": [0.994802508567241, -0.10168997825854563, -0.005207424517209114, -0.007266898374430412, 0.10182322401262876, 0.9935007104251973, 0.050876020248277205, -0.00018534603844047766, -1.4355960978612183e-09, -0.05114182932204878, 0.9986914004303813, 2.9666378589809916e-09, 0.0, 0.0, 0.0, 1.0], "right_foot_pose": [0.998699781856666, -0.05093151135812881, -0.002174136661814906, 5.082177444723848e-10, 0.050977894419517326, 0.9977910975266236, 0.042593191676232225, -0.14255000023695855, -1.4196718114352617e-09, -0.042648644144832076, 0.9990901326470037, 3.2019470408428674e-09, 0.0, 0.0, 0.0, 1.0]}, {"left_foot_pose": [0.994802508565557, -0.1016285520372749, -0.006293358601167633, -0.007266899078734844, 0.1018232240290792, 0.9929005822726868, 0.06148548422907913, -0.0001853460293214336, -1.3139619462038302e-09, -0.061806724014198205, 0.9980881368229131, 2.641008876869133e-09, 0.0, 0.0, 0.0, 1.0], "right_foot_pose": [0.9986995329010643, -0.05091040376535038, -0.0027154689547820078, 3.467628316060692e-07, 0.050982771435010635, 0.9972819559805355, 0.05319264321729515, -0.14254997321858867, 2.924709059956529e-08, -0.053261910067946366, 0.9985805770872539, 1.1922663858333904e-05, 0.0, 0.0, 0.0, 1.0]}, {"left_foot_pose": [0.9948025085652601, -0.10155982265995983, -0.007319246788032633, -0.0072668991352021, 0.10182322403197942, 0.9922291032176204, 0.07150830564131105, -0.0001853458082276896, -1.16292791722783e-09, -0.07188191114067098, 0.9974131495276999, 2.347738274621758e-09, 0.0, 0.0, 0.0, 1.0], "right_foot_pose": [0.9986820978597118, -0.05121937352503304, -0.003262390263040343, 2.4565892304787018e-05, 0.05132316644971229, 0.9966628148218073, 0.06347571296997635, -0.14254811275321908, 3.1681023190555814e-07, -0.063559494390491, 0.9979780511978834, 0.0008178781481075342, 0.0, 0.0, 0.0, 1.0]}, {"left_foot_pose": [0.9948025085651722, -0.10148571031815073, -0.008283692030851268, -0.007266899172227212, 0.10182322403283868, 0.9915050332037212, 0.08093083577504304, -0.00018534564251548, -1.0131734697694086e-09, -0.08135367067876544, 0.9966852965039127, 2.093447006024096e-09, 0.0, 0.0, 0.0, 1.0], "right_foot_pose": [0.9986378937617756, -0.05203387527185788, -0.0038513591415365697, 8.526262870258024e-05, 0.052176212420885444, 0.9959145552521889, 0.07370102776926174, -0.14254345626991918, 6.745402063336545e-07, -0.0738015884722518, 0.9972729443530078, 0.002744340653221815, 0.0, 0.0, 0.0, 1.0]}, {"left_foot_pose": [0.9948025085652705, -0.10140815588125732, -0.009184490895461634, -0.007266899196568535, 0.10182322403187921, 0.9907473343214995, 0.08973154730972636, -0.00018534553092684931, -8.652726999383749e-10, -0.09020036283522655, 0.9959236389123388, 1.860346703075333e-09, 0.0, 0.0, 0.0, 1.0], "right_foot_pose": [0.9985673758040462, -0.0533193494405071, -0.0044992171609727774, 0.000180088769217967, 0.05350884019134553, 0.9950328703134944, 0.08394278418700238, -0.1425361841854946, 1.0943227704947825e-06, -0.08406327361535322, 0.9964604186960326, 0.005588801928772945, 0.0, 0.0, 0.0, 1.0]}, {"left_foot_pose": [0.9948025085655201, -0.10132908317213783, -0.01001927418747039, -0.007266899211890497, 0.10182322402944136, 0.989974802115188, 0.09788729348207435, -0.00018534547096970243, -7.216619364186265e-10, -0.09839871991286021, 0.9951470704973774, 1.6379946912725707e-09, 0.0, 0.0, 0.0, 1.0], "right_foot_pose": [0.9984704516249182, -0.05504103857782756, -0.005219320281962992, 0.0003066960379461126, 0.055287948320330856, 0.9940140724671327, 0.09422985995868871, -0.14252647689619746, 1.5684518148048583e-06, -0.09437429633952134, 0.9955367859541707, 0.009148758263436897, 0.0, 0.0, 0.0, 1.0]}, {"left_foot_pose": [0.994802508565873, -0.10125023047009866, -0.010787019087707569, -0.007266899220019557, 0.10182322402598891, 0.9892044193837783, 0.1053880814919609, -0.00018534545758806201, -5.863252699448121e-10, -0.10593869690228787, 0.9943726627872701, 1.4235014833552384e-09, 0.0, 0.0, 0.0, 1.0], "right_foot_pose": [0.9983466345625222, -0.05716406821373761, -0.006022172609639087, 0.00046273610357429893, 0.05748040756050202, 0.9928561108641151, 0.10455977174067717, -0.1425145146244317, 2.0889519616278153e-06, -0.10473305316393255, 0.9945003708247662, 0.013221709413773389, 0.0, 0.0, 0.0, 1.0]}, {"left_foot_pose": [0.9948025085663018, -0.10117319762345879, -0.011487081127881658, -0.007266899220306746, 0.10182322402180186, 0.988451816474587, 0.11222761495236512, -0.00018534548529781925, -4.5953975660948476e-10, -0.11281396452006694, 0.9936161277924519, 1.2108451810655119e-09, 0.0, 0.0, 0.0, 1.0], "right_foot_pose": [0.9981951860288921, -0.059653698353184376, -0.006914250612487788, 0.0006458606183754672, 0.060053064715633694, 0.991562036317986, 0.11488410486742166, -0.1425004774845019, 2.6466795944335414e-06, -0.1150919823693908, 0.9933548387093499, 0.017605156581518233, 0.0, 0.0, 0.0, 1.0]}, {"left_foot_pose": [0.994802508566777, -0.10109951463410397, -0.012118460710729863, -0.007266899211671548, 0.10182322401716105, 0.9877319413422511, 0.11839612790551661, -0.00018534554741405068, -3.4191629653385304e-10, -0.1190147057846929, 0.9928924915654184, 9.98322056966483e-10, 0.0, 0.0, 0.0, 1.0], "right_foot_pose": [0.9980152469787871, -0.062475716359096774, -0.007896306939843122, 0.0008537212351048583, 0.06297274638632076, 0.9901445618620426, 0.1250926849483515, -0.14248454551631207, 3.2302718481298537e-06, -0.12534165899828006, 0.9921136368930349, 0.022096601222135255, 0.0, 0.0, 0.0, 1.0]}, {"left_foot_pose": [0.9948025085672662, -0.10103060150859214, -0.012680161950374084, -0.007266899193455851, 0.10182322401238196, 0.9870586672971369, 0.12388389066107498, -0.00018534563579819183, -2.348650949060689e-10, -0.12453114017149676, 0.9922156998997688, 7.888640435327332e-10, 0.0, 0.0, 0.0, 1.0], "right_foot_pose": [0.9978059584522951, -0.06559691300360751, -0.008961823558493589, 0.0010839696060474802, 0.066206263015392, 0.9886301575827436, 0.13500793404632186, -0.1424668986869877, 3.825332428783806e-06, -0.13530504987736583, 0.990803988417008, 0.026493544600347627, 0.0, 0.0, 0.0, 1.0]}, {"left_foot_pose": [0.9948025085677422, -0.10096774778882552, -0.013171288994639211, -0.007266899165016855, 0.10182322400772939, 0.9864445930244679, 0.12868215084254936, -0.00018534574160017185, -1.3926983365467184e-10, -0.12935446957583255, 0.9915984173044833, 5.87250990891075e-10, 0.0, 0.0, 0.0, 1.0], "right_foot_pose": [0.9975665711723807, -0.06898569201367505, -0.010095066952441539, 0.0013342573710756244, 0.0697204135092338, 0.9870632658035218, 0.14437857611635982, -0.1424477168759365, 4.413769245905524e-06, -0.14473107336947538, 0.9894710285712455, 0.030593487699718702, 0.0, 0.0, 0.0, 1.0]}, {"left_foot_pose": [0.9948025085681805, -0.10091213619910969, -0.013590795200740363, -0.007266899126052137, 0.10182322400344723, 0.985901273612898, 0.13278068286467898, -0.00018534585503937693, -5.602957128229546e-11, -0.13347441498728876, 0.9910522592395428, 4.0111093613237614e-10, 0.0, 0.0, 0.0, 1.0], "right_foot_pose": [0.9972965441775341, -0.07261276559911213, -0.011268950421210618, 0.0016022361393371843, 0.07348199062908309, 0.9855098092262814, 0.15287515485508169, -0.14242717982457184, 4.973394367617656e-06, -0.15328992853682963, 0.9881812575557376, 0.034193931254541024, 0.0, 0.0, 0.0, 1.0]}, {"left_foot_pose": [0.9948025085685578, -0.1008648336115921, -0.013937513630881864, -0.007266899076663707, 0.10182322399975971, 0.9854391322877388, 0.13616808587287813, -0.00018534596534497232, 1.3887855403855876e-11, -0.13687951598575518, 0.9905877033879972, 2.4119218428042544e-10, 0.0, 0.0, 0.0, 1.0], "right_foot_pose": [0.9969956324660467, -0.07645170003581478, -0.012443729555919169, 0.0018855574710921086, 0.07745778730131485, 0.9840571670936986, 0.16009929130982595, -0.1424054670844177, 5.478259712351946e-06, -0.16058215795398345, 0.9870224772095268, 0.037092375825104947, 0.0, 0.0, 0.0, 1.0]}, {"left_foot_pose": [0.9948025085688537, -0.10082677955724488, -0.014210188923140916, -0.007266899017347003, 0.10182322399686952, 0.9850673481645165, 0.13883209511856895, -0.00018534606072416037, 6.944449902124984e-11, -0.13955744374358112, 0.9902139768230694, 1.2182002628868815e-10, 0.0, 0.0, 0.0, 1.0], "right_foot_pose": [0.9966639636277549, -0.0804790363510483, -0.013567177813388257, 0.002181872869514626, 0.08161460390765664, 0.9828086136590686, 0.16560883233250406, -0.14238275798254899, 5.899980699760078e-06, -0.1661636350876624, 0.9860981930516072, 0.039086321907055376, 0.0, 0.0, 0.0, 1.0]}, {"left_foot_pose": [0.9948025085690502, -0.10079876415827853, -0.014407570540836308, -0.007266898948784795, 0.10182322399494871, 0.984793640651179, 0.1407604929952712, -0.0001853461283707579, 1.0961540179626875e-10, -0.14149591682151477, 0.9899388392839431, 6.16360434912977e-11, 0.0, 0.0, 0.0, 1.0], "right_foot_pose": [0.9963021034400961, -0.08467363712062569, -0.014577169053159134, 0.0024888337963224075, 0.08591925652769754, 0.9818704139270197, 0.16896263377596316, -0.14235923162825484, 6.210272818113793e-06, -0.169590286961097, 0.9855146546499881, 0.03997327010510745, 0.0, 0.0, 0.0, 1.0]}, {"left_foot_pose": [0.9948025085697482, -0.10080401662013413, -0.014370775086407168, -0.007266898868617056, 0.10182322398812775, 0.9848449566625106, 0.14040100566976765, -0.00018534611248364335, 5.8160287462792166e-11, -0.14113455129650676, 0.989990423403345, 1.4591571007027682e-11, 0.0, 0.0, 0.0, 1.0], "right_foot_pose": [0.9959111109382166, -0.08903646490509702, -0.015282899823342647, 0.002804092165713741, 0.09033858018417244, 0.9815681798651865, 0.16841273469204376, -0.14233506735712692, 6.333620680653802e-06, -0.16910474917443438, 0.9855980842952858, 0.0400000000189035, 0.0, 0.0, 0.0, 1.0]}, {"left_foot_pose": [0.9948025085696676, -0.10079948740484, -0.014402509587535813, -0.007266898830910471, 0.10182322398891928, 0.9848007066890776, 0.14071104846882734, -0.00018534611144759364, 6.20458428902397e-11, -0.14144621395999188, 0.9899459422394667, 2.738045901118369e-12, 0.0, 0.0, 0.0, 1.0], "right_foot_pose": [0.9954925789157422, -0.09346710842718273, -0.016075601573359778, 0.0031252997244399375, 0.09483947111934249, 0.9810989355931624, 0.168672325221914, -0.1423104469278447, 6.4410824611801155e-06, -0.16943664957802093, 0.9855410806954154, 0.040000000004282645, 0.0, 0.0, 0.0, 1.0]}, {"left_foot_pose": [0.9948025085694994, -0.10080503323675521, -0.0143636422250299, -0.007266898794725696, 0.10182322399056143, 0.9848548888715817, 0.14033131839298485, -0.00018534611162607587, 5.2560378737687886e-11, -0.1410644999278061, 0.9900004075050269, 1.5127933628011903e-11, 0.0, 0.0, 0.0, 1.0], "right_foot_pose": [0.9950486713276975, -0.0979596682850942, -0.01679419776167212, 0.003450108086448398, 0.09938884065696597, 0.9807512575072797, 0.16807388033467216, -0.14228555050798825, 6.469008612743326e-06, -0.16891084715720256, 0.9856313335475836, 0.040000000021749714, 0.0, 0.0, 0.0, 1.0]}, {"left_foot_pose": [0.9948025085692492, -0.10082057225399442, -0.01425416271503472, -0.007266898760795102, 0.10182322399300493, 0.9850067034286852, 0.13926171496942427, -0.00018534611298314223, 2.9782332262835646e-11, -0.13998930820220495, 0.9901530152401037, 5.173950851089515e-11, 0.0, 0.0, 0.0, 1.0], "right_foot_pose": [0.9945821419471537, -0.10248345314696206, -0.01742138774284504, 0.0037761689010570856, 0.10395365736054096, 0.9805262265532465, 0.1666191950605292, -0.14226055809760457, 6.417114442407542e-06, -0.16752749288497673, 0.985867404414252, 0.040000000071154417, 0.0, 0.0, 0.0, 1.0]}, {"left_foot_pose": [0.9948025085689239, -0.10084589765797865, -0.014073871909804699, -0.007266898729763238, 0.10182322399618446, 0.9852541299608522, 0.13750029254553572, -0.00018534611541470587, -6.314220222399457e-12, -0.1382186829652257, 0.9904017344892725, 1.1275506223151766e-10, 0.0, 0.0, 0.0, 1.0], "right_foot_pose": [0.9940963455728545, -0.10700760343138313, -0.017939579888258655, 0.004101133817251191, 0.10850094782616533, 0.9804237538303489, 0.16430705172338475, -0.1422356496967275, 6.286424390205596e-06, -0.16528350109154624, 0.9862460971924814, 0.04000000015267603, 0.0, 0.0, 0.0, 1.0]}, {"left_foot_pose": [0.9948025085685327, -0.10088067710532735, -0.013822370727405392, -0.007266898702380788, 0.10182322400000512, 0.9855939215095035, 0.13504315213206536, -0.00018534611873633356, -5.5738937619169394e-11, -0.1357487048567685, 0.9907433013297193, 1.9838027748297904e-10, 0.0, 0.0, 0.0, 1.0], "right_foot_pose": [0.9935952376855742, -0.11150100854518119, -0.01833108676414419, 0.004422654484329596, 0.11299780356975765, 0.980442570375556, 0.16113305863100633, -0.14221100530523842, 6.07927748766158e-06, -0.1621724122308734, 0.9867624378107741, 0.040000000266568705, 0.0, 0.0, 0.0, 1.0]}, {"left_foot_pose": [0.9948025085680826, -0.10092443752962034, -0.013499142786873147, -0.0072668986789933675, 0.1018232240044023, 0.986021456265494, 0.13188524874839078, -0.0001853461107129634, -1.1933703266544844e-10, -0.13257430253788013, 0.9911730698049638, 3.1078455087207857e-10, 0.0, 0.0, 0.0, 1.0], "right_foot_pose": [0.99308336320313, -0.11593245885901948, -0.018576832670332076, 0.004738382496156609, 0.11741138656678288, 0.9805821795358897, 0.15707690944600888, -0.1421868047007051, 5.798726696214928e-06, -0.158171597196039, 0.9874116394932909, 0.039988080406198605, 0.0, 0.0, 0.0, 1.0]}, {"left_foot_pose": [0.994802508567558, -0.10097710172730108, -0.013099384506499338, -0.007266898657811363, 0.1018232240095298, 0.9865359799518609, 0.12797965194798447, -0.00018534600049289335, -2.0289082395786122e-10, -0.1286483003664503, 0.9916902816972771, 4.907142817089927e-10, 0.0, 0.0, 0.0, 1.0], "right_foot_pose": [0.9925658347643898, -0.12028742019839637, -0.018547242395683776, 0.005045969083429659, 0.12170892994819549, 0.9809798576703956, 0.15121327724719028, -0.14216322551431065, 5.416185686737939e-06, -0.1523464977837852, 0.9883271445142444, 0.03918213211193404, 0.0, 0.0, 0.0, 1.0]}, {"left_foot_pose": [0.9948025085670203, -0.10103799705950693, -0.01262109737573608, -0.007266898643536444, 0.10182322401478366, 0.9871309209736152, 0.12330683642449947, -0.00018534586721917056, -2.9986770351224575e-10, -0.12395107102395744, 0.9922883310772205, 7.311326613579361e-10, 0.0, 0.0, 0.0, 1.0], "right_foot_pose": [0.9920482989718227, -0.12453691500430247, -0.018185964597019235, 0.0053430663298136135, 0.1258577470112696, 0.9816427721672734, 0.14330839252813538, -0.14214044924746405, 4.935601874127988e-06, -0.14445769156733074, 0.9895109778687033, 0.03725568600902405, 0.0, 0.0, 0.0, 1.0]}, {"left_foot_pose": [0.9948025085664992, -0.10110586724729953, -0.012065345331687684, -0.007266898637473228, 0.10182322401987427, 0.9877940056218469, 0.11787719672500592, -0.0001853457241128417, -4.091637211684711e-10, -0.1184930633654084, 0.9929548801100091, 1.013936684612915e-09, 0.0, 0.0, 0.0, 1.0], "right_foot_pose": [0.9915368927424134, -0.12863662727060043, -0.01752736304079856, 0.005627326002676534, 0.12982522987258308, 0.9824635321138843, 0.13383130334432966, -0.1421186568050348, 4.387516261939806e-06, -0.1349741686055361, 0.9908491175703765, 0.03441124146045276, 0.0, 0.0, 0.0, 1.0]}, {"left_foot_pose": [0.994802508566028, -0.10117929402186666, -0.011433259026871643, -0.007266898640564323, 0.10182322402447756, 0.9885113775640418, 0.11170177919667122, -0.00018534558323405042, -5.294066968902035e-10, -0.11228538145136037, 0.9936760000685954, 1.3239464941028345e-09, 0.0, 0.0, 0.0, 1.0], "right_foot_pose": [0.9910381892408794, -0.13254158310636646, -0.016614337597898106, 0.0058963998137992754, 0.1335788435782619, 0.983346162812129, 0.12323561429617759, -0.14209802885315787, 3.801710657355832e-06, -0.12435052404521749, 0.9922383519876797, 0.030851297957505013, 0.0, 0.0, 0.0, 1.0]}, {"left_foot_pose": [0.9948025085656428, -0.1012566768633071, -0.010726338709224011, -0.007266898653646827, 0.1018232240282405, 0.9892673998939747, 0.10479524109190476, -0.0001853454556523292, -6.587995128147029e-10, -0.10534275911336054, 0.994435972349344, 1.6477776434986602e-09, 0.0, 0.0, 0.0, 1.0], "right_foot_pose": [0.990559132812998, -0.136207917811512, -0.015492176290438375, 0.0061479394296198135, 0.13708612034225007, 0.9842160441416375, 0.11192039163483868, -0.1420787458191511, 3.2049584897344253e-06, -0.11298752842521148, 0.9935964061982562, 0.026778354941454016, 0.0, 0.0, 0.0, 1.0]}, {"left_foot_pose": [0.9948025085653759, -0.1013362822115395, -0.00994619824753567, -0.007266898677575439, 0.10182322403084733, 0.9900451359152659, 0.09717334973380004, -0.00018534535100439217, -7.962436034174732e-10, -0.09768104605329918, 0.9952177717675333, 1.9752976684883627e-09, 0.0, 0.0, 0.0, 1.0], "right_foot_pose": [0.9901069632478176, -0.1395939445557279, -0.014203238065921636, 0.006379596487480562, 0.14031465112853195, 0.9850233069562575, 0.1002042086523142, -0.1420609879217244, 2.619782319500123e-06, -0.10120580712750897, 0.9948655108087757, 0.022394911693497492, 0.0, 0.0, 0.0, 1.0]}, {"left_foot_pose": [0.994802508565262, -0.10141627515115455, -0.00909439864578198, -0.0072668987133094895, 0.10182322403196215, 0.9908266587008205, 0.08885135595760747, -0.00018534527799376338, -9.402568211138222e-10, -0.08931557278679858, 0.9960033777341154, 2.297384379956746e-09, 0.0, 0.0, 0.0, 1.0], "right_foot_pose": [0.9896891294006134, -0.14266045425132712, -0.012783659063850037, 0.006589022615562309, 0.14323207441768906, 0.9857406977721179, 0.08831675726465212, -0.14204493523337763, 2.064296300660676e-06, -0.08923716461510275, 0.9960104057926279, 0.01790346725996752, 0.0, 0.0, 0.0, 1.0]}, {"left_foot_pose": [0.9948025085653477, -0.10149463385957734, -0.008173631371842896, -0.007266898761470868, 0.10182322403112411, 0.9915922152635939, 0.079855555076319, -0.0001853452458066996, -1.0853708736823768e-09, -0.08027277201112366, 0.9967729340595336, 2.5987164781193783e-09, 0.0, 0.0, 0.0, 1.0], "right_foot_pose": [0.9893131922037267, -0.145370340488102, -0.011263739967070453, 0.006773869449494951, 0.14580606204565208, 0.9863575871994136, 0.07641532859898462, -0.14203076774750722, 1.553039816467381e-06, -0.0772410142380631, 0.997012450131423, 0.013506520419159014, 0.0, 0.0, 0.0, 1.0]}, {"left_foot_pose": [0.9948025085656574, -0.10156921009304237, -0.007187803040673559, -0.0072668988223861496, 0.1018232240280976, 0.9923208174878921, 0.07022411429620125, -0.000185345261111294, -1.2292857679775318e-09, -0.070591010342943, 0.9975053429725396, 2.8710829824696305e-09, 0.0, 0.0, 0.0, 1.0], "right_foot_pose": [0.9889867170862529, -0.14768821674066465, -0.00966768136204934, 0.006931788628593037, 0.14800430205149698, 0.9868750725102652, 0.06459348134376913, -0.1420186653614025, 1.0976724457217186e-06, -0.0653129534917929, 0.9978648295761171, 0.009406569758648196, 0.0, 0.0, 0.0, 1.0]}, {"left_foot_pose": [0.9948025085662061, -0.1016378901393898, -0.006140703412252525, -0.0072668988957271695, 0.10182322402273453, 0.9929918146257346, 0.05999405917178505, -0.0001853453291835814, -1.3707068733021646e-09, -0.06030750678236439, 0.9981798458322513, 3.1101938177680033e-09, 0.0, 0.0, 0.0, 1.0], "right_foot_pose": [0.9887171557906362, -0.14958006916682387, -0.008011788397255812, 0.007060431801017007, 0.14979447868587625, 0.9873022002692892, 0.05287702240715765, -0.14200880790473225, 7.076437042043792e-07, -0.053480540867391346, 0.9985688918387305, 0.0058061140614549325, 0.0, 0.0, 0.0, 1.0]}, {"left_foot_pose": [0.9948025085670292, -0.10169850969211938, -0.005038062638457396, -0.007266898977610965, 0.1018232240146971, 0.9935840616351427, 0.049221372551630414, -0.0001853454577485092, -1.494410645571465e-09, -0.04947853667011022, 0.998775187121199, 3.2867644786382932e-09, 0.0, 0.0, 0.0, 1.0], "right_foot_pose": [0.9885117175508661, -0.15101255677867587, -0.0063080868576551544, 0.0071574506225364825, 0.1511442498558354, 0.9876505282602921, 0.041253481824963766, -0.14200137517783465, 3.9155086430946756e-07, -0.041732981229874296, 0.9991287996437266, 0.0029076533403197546, 0.0, 0.0, 0.0, 1.0]}, {"left_foot_pose": [0.994802508568104, -0.10174884668111403, -0.0038911625090099905, -0.007266899060920602, 0.10182322400419486, 0.9940758491145668, 0.03801627625827017, -0.00018534564996558998, -1.5892028181575309e-09, -0.038214897699937134, 0.9992695440139185, 3.3842010721540916e-09, 0.0, 0.0, 0.0, 1.0], "right_foot_pose": [0.988377229586173, -0.15195251224748835, -0.004570126610732164, 0.007220496715317884, 0.1520212223195704, 0.9879305372148416, 0.02971197743096444, -0.14199654689271532, 1.580232046065567e-07, -0.03006139817226241, 0.9995480540423776, 0.0009136906631378588, 0.0, 0.0, 0.0, 1.0]}, {"left_foot_pose": [0.9948025085693678, -0.10178710425007313, -0.002711890941497582, -0.007266899135988973, 0.10182322399184722, 0.9944496219453004, 0.02649491401676444, -0.00018534590405645292, -1.6535923627048633e-09, -0.026633340406984785, 0.999645269672581, 3.4157153633307402e-09, 0.0, 0.0, 0.0, 1.0], "right_foot_pose": [0.988319986829246, -0.1523670918957304, -0.0028058761691166323, 0.0072472216659583534, 0.15239292514365002, 0.9881524513172525, 0.018196959137918044, -0.1419945028614695, 1.5669415134793276e-08, -0.018412014092522237, 0.9998304845007759, 2.6733399194393825e-05, 0.0, 0.0, 0.0, 1.0]}, {"left_foot_pose": [0.9948025085738611, -0.1018119858137264, -0.0015127722300288654, -0.007266899839575255, 0.10182322394795033, 0.9946927129221862, 0.014779645609671276, -0.00018534599937163922, -1.555623334272588e-09, -0.014856863873894328, 0.9998896307072266, 3.495163956868108e-09, 0.0, 0.0, 0.0, 1.0], "right_foot_pose": [0.9883183147436139, -0.15240037383766544, -0.001017249469563086, 0.007248000763622552, 0.15240376879310932, 0.9882962988380067, 0.006596738645257351, -0.14199444410713039, -1.549882567555384e-09, -0.006674710273649197, 0.9999777238732686, 3.49665495169571e-09, 0.0, 0.0, 0.0, 1.0]}, {"left_foot_pose": [0.9948025085772939, -0.10182276096844922, -0.00030704573889604584, -0.007266900430896755, 0.10182322391440855, 0.9947979856030864, 0.0029998186142812465, -0.00018534604875138604, -1.331169093998134e-09, -0.0030154914697876883, 0.9999954533952624, 3.5550020566210705e-09, 0.0, 0.0, 0.0, 1.0], "right_foot_pose": [0.9883183147442853, -0.15240174105424328, 0.0007861708787811615, 0.007248000165280559, 0.15240376878875156, 0.9883051651988898, -0.005098205584296661, -0.14199444409790435, -1.3329291593359113e-09, 0.005158465356130005, 0.9999866950290734, 3.5154738980969213e-09, 0.0, 0.0, 0.0, 1.0]}, {"left_foot_pose": [0.9948025085787872, -0.10181929395596298, 0.000894596927380935, -0.0072669007167345655, 0.10182322389982229, 0.9947641135275413, -0.008740109405064948, -0.0001853460690733194, -1.1507091068097427e-09, 0.008785773504648176, 0.9999614043471509, 3.5587491356570133e-09, 0.0, 0.0, 0.0, 1.0], "right_foot_pose": [0.9883183147444174, -0.15238180793372488, 0.00258715125265394, 0.007247999886125002, 0.1524037687878969, 0.9881759016339704, -0.016777326638498655, -0.14199444405207343, -1.156285728871797e-09, 0.01697563079060621, 0.999855903597744, 3.464657248597458e-09, 0.0, 0.0, 0.0, 1.0]}, {"left_foot_pose": [0.9948025085787147, -0.1018019458250693, 0.0020815262973984546, -0.007266900704864437, 0.10182322390052857, 0.9945946241721023, -0.020336288807407635, -0.00018534604197147954, -1.0940108996683747e-09, 0.020442538839024905, 0.9997910294685666, 3.4981561605751388e-09, 0.0, 0.0, 0.0, 1.0], "right_foot_pose": [0.98831831474447, -0.15234114980307192, 0.004368388413269901, 0.007247999914301452, 0.15240376878755718, 0.9879122391064465, -0.028328414763904984, -0.141994443998966, -1.101408730003764e-09, 0.028663249996554976, 0.9995891246405371, 3.3432745738526393e-09, 0.0, 0.0, 0.0, 1.0]}, {"left_foot_pose": [0.9948025085775603, -0.1017715685795842, 0.003242954924814149, -0.007266900403877858, 0.10182322391180439, 0.9942978416160729, -0.03168332731620923, -0.00018534596978318427, -1.1634101608318187e-09, 0.03184886161969384, 0.9994926963282573, 3.3704882010376913e-09, 0.0, 0.0, 0.0, 1.0], "right_foot_pose": [0.9883183147450509, -0.1522811263703719, 0.006112879098507704, 0.007248000230187154, 0.15240376878378742, 0.9875229951982974, -0.03964120602455194, -0.14199444394581698, -1.1725448224383315e-09, 0.04010975574537855, 0.9991952799598514, 3.1566879735156483e-09, 0.0, 0.0, 0.0, 1.0]}, {"left_foot_pose": [0.9948025085758245, -0.10172949331761236, 0.004367965268778986, -0.007266899824946709, 0.10182322392876522, 0.9938867706094129, -0.04267456240368204, -0.00018534587629172317, -1.2842436158092572e-09, 0.04289752203723413, 0.9990794776208078, 3.180224174281765e-09, 0.0, 0.0, 0.0, 1.0], "right_foot_pose": [0.9883183147467711, -0.1522038318517885, 0.007803992935310244, 0.007248000807990247, 0.15240376877263198, 0.9870217506534512, -0.050607855130350134, -0.14199444387815238, -1.2964577013678078e-09, 0.05120602803019249, 0.9986881108200751, 2.9161344519690324e-09, 0.0, 0.0, 0.0, 1.0]}, {"left_foot_pose": [0.9948020113203089, -0.10168232700797634, 0.005446342562853047, -0.007267244239220335, 0.10182808194730972, 0.9933780858863612, -0.0532073322736797, -0.00018539055859907554, -3.19906941144497e-08, 0.05348535177964755, 0.9985686341684319, 1.192266537035358e-05, 0.0, 0.0, 0.0, 1.0], "right_foot_pose": [0.9883183147497234, -0.15211203495886202, 0.00942536741672394, 0.0072480015246855125, 0.15240376875348685, 0.9864264601501508, -0.06112225441994674, -0.14199444380738563, -1.3154021620882596e-09, 0.06184470499822048, 0.9980857841206253, 2.6320818580227723e-09, 0.0, 0.0, 0.0, 1.0]}, {"left_foot_pose": [0.9947672463237194, -0.10195905111845593, 0.006517479309467075, -0.0072913377217873766, 0.10216714560670945, 0.9927413001753117, -0.06345538026684545, -0.00018848331952874692, -3.205231779722619e-07, 0.06378920615007304, 0.9979633947087647, 0.0008178780906265073, 0.0, 0.0, 0.0, 1.0], "right_foot_pose": [0.9883183147504745, -0.15200889133916876, 0.010963835214835507, 0.007248001682990237, 0.1524037687486149, 0.9857575874562072, -0.07109901577192777, -0.1419944439952141, -1.1878469270539342e-09, 0.07193938925480864, 0.9974090055106005, 2.3288215869610163e-09, 0.0, 0.0, 0.0, 1.0]}, {"left_foot_pose": [0.9946796132085411, -0.10273402867777258, 0.007628002290395599, -0.007351719536391845, 0.10301682904674517, 0.9919495207547495, -0.07364564622282423, -0.00019622810119160165, -6.792852253841223e-07, 0.07403963550732938, 0.9972552994963132, 0.002744340533037376, 0.0, 0.0, 0.0, 1.0], "right_foot_pose": [0.9883183147509329, -0.15189733503095115, 0.012414037955892293, 0.00724800182702895, 0.15240376874564274, 0.9850341595522026, -0.08050338991253982, -0.14199444412371617, -1.0558592434734204e-09, 0.0814549208199279, 0.9966770268618713, 2.069800213166939e-09, 0.0, 0.0, 0.0, 1.0]}, {"left_foot_pose": [0.994541252375444, -0.10397251094040486, 0.008798539210090165, -0.007446053143112763, 0.10434412931389012, 0.9910001135643394, -0.0838515211143687, -0.0002083249464848759, -1.100159966506357e-06, 0.08431187273578088, 0.9964394151751405, 0.005588801743106622, 0.0, 0.0, 0.0, 1.0], "right_foot_pose": [0.988318314751107, -0.15178031390936708, 0.013771166875254644, 0.007248001947900979, 0.15240376874451672, 0.9842752930205658, -0.08930419263252601, -0.14199444420059557, -9.201892338499375e-10, 0.09035974689458459, 0.9959091907102507, 1.8356041200928708e-09, 0.0, 0.0, 0.0, 1.0]}, {"left_foot_pose": [0.9943537590242199, -0.10563958173085235, 0.01004393778031601, -0.007572002214955433, 0.1061159833009257, 0.9898910703331364, -0.09410136536095749, -0.00022447394681166834, -1.5754426829198448e-06, 0.0946358687097508, 0.9955119549011303, 0.009148758013173434, 0.0, 0.0, 0.0, 1.0], "right_foot_pose": [0.9883183147510269, -0.15166080641217008, 0.015030253693796736, 0.007248002040834223, 0.1524037687450334, 0.9835003026410822, -0.09746920527638459, -0.14199444423223923, -7.840516603007742e-10, 0.09862126800700675, 0.9951250401314854, 1.6141589176399407e-09, 0.0, 0.0, 0.0, 1.0]}, {"left_foot_pose": [0.9941183359844532, -0.10770028979922203, 0.011374604901548624, -0.0077272305564461425, 0.10829928003040797, 0.9886220210657254, -0.10439236278970286, -0.0002443753869959906, -2.0971613167218943e-06, 0.10501022350745248, 0.9944711423437677, 0.013221709106291113, 0.0, 0.0, 0.0, 1.0], "right_foot_pose": [0.9883183147507503, -0.15154153227937694, 0.016188660310690443, 0.0072480021048682425, 0.1524037687468272, 0.9827268255760869, -0.10498132007605358, -0.14199444422533639, -6.524176576138938e-10, 0.10622217418018566, 0.9943424207547591, 1.4014864407885241e-09, 0.0, 0.0, 0.0, 1.0]}, {"left_foot_pose": [0.993835935707855, -0.11012007777322128, 0.01279458349899501, -0.00790940200444209, 0.11086087176564127, 0.9871976945385897, -0.11467597398346664, -0.00026772966596758097, -2.6561590103074825e-06, 0.11538752258764469, 0.9933205523012355, 0.017605156230867343, 0.0, 0.0, 0.0, 1.0], "right_foot_pose": [0.988318314750314, -0.15142499882470478, 0.017244664683230666, 0.00724800214122143, 0.15240376874965691, 0.9819711214286547, -0.11182936980530414, -0.1419944441856381, -5.263177904242346e-10, 0.1131511661941162, 0.9935777843676415, 1.1911225131222558e-09, 0.0, 0.0, 0.0, 1.0]}, {"left_foot_pose": [0.9935073913326862, -0.11286278946076211, 0.014319710976740833, -0.008116180810693575, 0.11376758482444695, 0.985609601694811, -0.12502259671838983, -0.000294237158722125, -3.245620904998515e-06, 0.12583999285653355, 0.9920505512257602, 0.022096600756200187, 0.0, 0.0, 0.0, 1.0], "right_foot_pose": [0.9883183147483645, -0.15131403993860743, 0.01819258229087034, 0.00724800202919993, 0.15240376876229997, 0.9812515675556768, -0.11797649103348697, -0.14199444414774537, -4.1474436600566914e-10, 0.11937094490278814, 0.9928497255441103, 9.464116712543102e-10, 0.0, 0.0, 0.0, 1.0]}, {"left_foot_pose": [0.9931335370649149, -0.11590369773219718, 0.015877985040165812, -0.00834522983738995, 0.11698622800226313, 0.9839480434938659, -0.13476078866791008, -0.0003235985621604931, -3.838598978266066e-06, 0.13569296428554403, 0.9907509371323696, 0.026493544153579865, 0.0, 0.0, 0.0, 1.0], "right_foot_pose": [0.9883183147477439, -0.1512123275780183, 0.019019482711609696, 0.007248002018621699, 0.15240376876632394, 0.980591976232112, -0.12333883174013746, -0.14199444406394757, -3.1091025879625413e-10, 0.12479666717360331, 0.9921823380116989, 7.39807590188768e-10, 0.0, 0.0, 0.0, 1.0]}, {"left_foot_pose": [0.9927153170749472, -0.11921000218900879, 0.0174721098578343, -0.008594213356852322, 0.12048360562840885, 0.9822268830708627, -0.14392376783449332, -0.00035551445644861623, -4.423327732089507e-06, 0.14498043161404736, 0.9894345225579305, 0.03059348730365128, 0.0, 0.0, 0.0, 1.0], "right_foot_pose": [0.9883183147470751, -0.15112045660302872, 0.019736168108163372, 0.0072480019929186635, 0.15240376877066256, 0.9799962049932314, -0.12798644249826963, -0.1419944439687956, -2.177729911947671e-10, 0.12949921156113856, 0.9915795249020845, 5.429804592060883e-10, 0.0, 0.0, 0.0, 1.0]}, {"left_foot_pose": [0.9922538839463441, -0.1227560048382548, 0.019057624971294557, -0.008860795228666857, 0.12422652602653292, 0.9805143062174247, -0.15218234304393696, -0.000389685624325245, -4.9774878825511034e-06, 0.15337098349790138, 0.9881686806391469, 0.03419393094081766, 0.0, 0.0, 0.0, 1.0], "right_foot_pose": [0.9883183147464613, -0.15104021174517043, 0.020341169403173945, 0.0072480019554564245, 0.15240376877464207, 0.979475827594883, -0.1319097965300694, -0.1419944438714425, -1.3625782316601752e-10, 0.13346893868347373, 0.9910529967699543, 3.633544437553482e-10, 0.0, 0.0, 0.0, 1.0]}, {"left_foot_pose": [0.9917506858285037, -0.12651990849159975, 0.02057401064378417, -0.009142639432613129, 0.1281818127844839, 0.978899282624685, -0.1591402442758021, -0.00042581305596224583, -5.475116807713641e-06, 0.16046466038400956, 0.9870415861238413, 0.0370923756172656, 0.0, 0.0, 0.0, 1.0], "right_foot_pose": [0.9883183147459339, -0.1509731727439817, 0.02083290304716086, 0.007248001909811732, 0.15240376877806056, 0.9790410884436115, -0.1350986247205799, -0.1419944437819244, -6.731826985852936e-11, 0.13669545804731206, 0.9906131191081791, 2.1109085313053555e-10, 0.0, 0.0, 0.0, 1.0]}, {"left_foot_pose": [0.9912075425956826, -0.13048360026785263, 0.021946242561493568, -0.009437410128599565, 0.13231631595068108, 0.9774856878137289, -0.1643597354967516, -0.00046359799322591433, -5.887978460303462e-06, 0.16581845548810806, 0.98615629581972, 0.03908632180741153, 0.0, 0.0, 0.0, 1.0], "right_foot_pose": [0.9883183147455222, -0.15092070077996939, 0.021209686811762735, 0.007248001859905373, 0.15240376878072967, 0.9787008146192298, -0.13754201803480226, -0.14199444371114736, -1.1987837996451555e-11, 0.13916773167562543, 0.9902688233304434, 9.932997480088801e-11, 0.0, 0.0, 0.0, 1.0]}, {"left_foot_pose": [0.990626710935538, -0.13463128036028305, 0.02308977976486409, -0.009742771666547637, 0.13659692362109124, 0.9763791501213599, -0.1674067969514555, -0.0005027419259201402, -6.1881287190857805e-06, 0.1689916375352424, 0.9856174848311416, 0.03997327008003344, 0.0, 0.0, 0.0, 1.0], "right_foot_pose": [0.9883183147452527, -0.15088390462362178, 0.02146988739219304, 0.007248001810288249, 0.15240376878248008, 0.978462196355488, -0.139229384700539, -0.1419944436708622, 2.8691416981836597e-11, 0.14087504260416062, 0.9900273846572508, 4.4751341521376276e-11, 0.0, 0.0, 0.0, 1.0]}, {"left_foot_pose": [0.99001093798739, -0.13893247491826077, 0.024002293190782523, -0.010056388245560143, 0.1409905763684021, 0.9755670079807229, -0.1684953124417625, -0.0005429459861121359, -6.374583147970275e-06, 0.17019629946807904, 0.9854101783555607, 0.04000000002352649, 0.0, 0.0, 0.0, 1.0], "right_foot_pose": [0.9883183147451555, -0.15086302365190543, 0.02161612439591583, 0.007248001775520545, 0.15240376878310805, 0.9783267859849203, -0.1401777125120855, -0.14199444367122196, 5.2474124694013126e-11, 0.1418345794191972, 0.9898903737692265, 1.6135537350692175e-11, 0.0, 0.0, 0.0, 1.0]}, {"left_foot_pose": [0.9893635041867097, -0.14333312035882434, 0.024808732164277182, -0.010375923063294573, 0.1454642792625835, 0.9748761972185442, -0.1686906741800748, -0.0005839088913863755, -6.481764460181621e-06, 0.17050518087411198, 0.9853567796758055, 0.04000000000670888, 0.0, 0.0, 0.0, 1.0], "right_foot_pose": [0.9883183147452056, -0.1508572599489046, 0.02165631224157273, 0.007248001740595583, 0.15240376878278256, 0.9782894091248341, -0.14043832544924162, -0.1419944436755104, 6.245386661112009e-11, 0.14209827273718545, 0.9898525551237961, 4.639788553362223e-12, 0.0, 0.0, 0.0, 1.0]}, {"left_foot_pose": [0.9886882564872476, -0.14780199100312838, 0.0254971163020129, -0.01069903993760766, 0.1499851040665006, 0.9743047481634671, -0.1680319203731395, -0.0006253309904467562, -6.509094298135402e-06, 0.16995537402987604, 0.9854517597508248, 0.04000000002206591, 0.0, 0.0, 0.0, 1.0], "right_foot_pose": [0.9883183147454006, -0.15086664671249161, 0.02159082324829771, 0.007248001702576952, 0.15240376878151993, 0.9783502810586384, -0.14001363795599345, -0.14199444367917058, 5.917787168670094e-11, 0.14166856554017618, 0.9899141465489765, 1.7447723821284455e-11, 0.0, 0.0, 0.0, 1.0]}, {"left_foot_pose": [0.9879896289548765, -0.1523084906822466, 0.026050273390168376, -0.011023402747228477, 0.15452020267888122, 0.9738551644627754, -0.16652214751575667, -0.0006669128032851662, -6.456323391560519e-06, 0.16854744826095036, 0.9856935414433025, 0.04000000006962091, 0.0, 0.0, 0.0, 1.0], "right_foot_pose": [0.9883183147457388, -0.15089103697503303, 0.02141970351666435, 0.007248001662191794, 0.15240376877932704, 0.978508448720498, -0.13890394898800418, -0.14199444368215558, 4.2582690677847323e-11, 0.1405457603174276, 0.9900741837139257, 5.455561002953857e-11, 0.0, 0.0, 0.0, 1.0]}, {"left_foot_pose": [0.9872726529410039, -0.1568217928098384, 0.0264505964912191, -0.01134667537060577, 0.15903681559574132, 0.9735287925525137, -0.16416144905675073, -0.0007083548499031353, -6.324513049830719e-06, 0.16627872795746879, 0.9860787922822638, 0.04000000014971831, 0.0, 0.0, 0.0, 1.0], "right_foot_pose": [0.9883183147462168, -0.15093009726814727, 0.021142716850611712, 0.007248001620053628, 0.15240376877622658, 0.9787617496114666, -0.13710772684390676, -0.14199444368449732, 1.2520552884080995e-11, 0.13872830726325625, 0.9903304785594914, 1.1616024114813328e-10, 0.0, 0.0, 0.0, 1.0]}, {"left_foot_pose": [0.9865429563882939, -0.1613107576827642, 0.026680229692757466, -0.01166652168651784, 0.16350227877078638, 0.9733258200917533, -0.16094673895260242, -0.0007493576504563719, -6.116038925287574e-06, 0.16314315002024887, 0.9866024085537527, 0.04000000026277189, 0.0, 0.0, 0.0, 1.0], "right_foot_pose": [0.988318314746827, -0.15098330708004323, 0.02075932848540331, 0.0072480015768899494, 0.15240376877226983, 0.9791068082802253, -0.13462150364380293, -0.14199444368629374, -3.115470259161934e-11, 0.13621269750828396, 0.9906796157373565, 2.0247394039163424e-10, 0.0, 0.0, 0.0, 1.0]}, {"left_foot_pose": [0.9858067523187094, -0.16574418944191752, 0.02671910831374921, -0.011980605525478133, 0.167884028569737, 0.9732472517082793, -0.1568589812330755, -0.0007896219439572985, -5.834033291371928e-06, 0.15911835440490252, 0.9872595146451822, 0.039988080406206696, 0.0, 0.0, 0.0, 1.0], "right_foot_pose": [0.9883183147475668, -0.15104993638845784, 0.0202688295560431, 0.00724800153316965, 0.1524037687674721, 0.9795388906282227, -0.13144068248568075, -0.14199444370100048, -8.934163480175743e-11, 0.13299427981636427, 0.9911168051930744, 3.1526352362032384e-10, 0.0, 0.0, 0.0, 1.0]}, {"left_foot_pose": [0.9850708171208342, -0.1701148967245693, 0.026389527644167573, -0.012286591084377387, 0.1721496012983769, 0.973432725675009, -0.15097431356934152, -0.0008288507203535571, -5.450063026735819e-06, 0.15326333709440385, 0.9881853821388907, 0.039182132089533916, 0.0, 0.0, 0.0, 1.0], "right_foot_pose": [0.9883183147484738, -0.15112982917332862, 0.01966426878315476, 0.00724800149647053, 0.1524037687615882, 0.9800569848903035, -0.12752018520607394, -0.14199444382328918, -1.6734605555309085e-10, 0.12902744321177384, 0.991641023202566, 4.894309194036772e-10, 0.0, 0.0, 0.0, 1.0]}, {"left_foot_pose": [0.984342456349325, -0.17439437486600026, 0.025622853925256137, -0.012582142649348, 0.17626664064280756, 0.9738910816295201, -0.14306024087419952, -0.0008667430411823489, -4.967648267675229e-06, 0.1453367232931216, 0.9893822501125347, 0.037255685904899145, 0.0, 0.0, 0.0, 1.0], "right_foot_pose": [0.9883183147494515, -0.15122190803731717, 0.018943158668952693, 0.007248001473362651, 0.15240376875525075, 0.98065410427524, -0.1228438807483811, -0.1419944439633574, -2.5916682098514563e-10, 0.12429586597179958, 0.9922452003926855, 7.195626733347282e-10, 0.0, 0.0, 0.0, 1.0]}, {"left_foot_pose": [0.983629461214328, -0.17853269688723805, 0.024477728109065337, -0.012864923586236357, 0.18020289401588113, 0.9745160938146289, -0.1335863012609436, -0.0009029984203890278, -4.417350995686528e-06, 0.13581037897910395, 0.9907348489591149, 0.03441124126159077, 0.0, 0.0, 0.0, 1.0], "right_foot_pose": [0.9883183147504567, -0.15132423588352645, 0.018107577504560775, 0.007248001460875691, 0.15240376874873146, 0.9813176869601868, -0.11742524656261846, -0.1419944441098813, -3.637050877229378e-10, 0.11881318484652865, 0.9929166264629797, 9.895983060781433e-10, 0.0, 0.0, 0.0, 1.0]}, {"left_foot_pose": [0.9829400548902546, -0.1824798698585074, 0.02302054709963064, -0.013132597425713759, 0.18392620389080733, 0.9752131489181565, -0.12300595798355314, -0.0009373166369448481, -3.829022189898142e-06, 0.12514156493170633, 0.9921388958768745, 0.03085129768232092, 0.0, 0.0, 0.0, 1.0], "right_foot_pose": [0.988318314751442, -0.15143465805118894, 0.017159634838455676, 0.007248001456547417, 0.15240376874234346, 0.9820337602487161, -0.11127796279990664, -0.14199444425213323, -4.796668906929917e-10, 0.11259324168300025, 0.9936411635632423, 1.2860801798519894e-09, 0.0, 0.0, 0.0, 1.0]}, {"left_foot_pose": [0.9822828278280942, -0.18618812935937334, 0.021317284998359453, -0.