{"LoopMode": "Wrap", "FrameDuration": 0.0167, "EnableCycleOffsetPosition": true, "EnableCycleOffsetRotation": false, "Debug_info": [{"left_foot_pose": [0.9999999999884726, 4.78513040059259e-06, 3.9740439577986843e-07, 0.0001984211130227178, -4.801604232070447e-06, 0.9965691632582974, 0.08276413969590057, -6.676505781609034e-05, -3.7654267229317554e-12, -0.08276413969685498, 0.9965691632697854, 3.2324629084534706e-12, 0.0, 0.0, 0.0, 1.0], "right_foot_pose": [0.9999999979400311, 6.398293128509526e-05, -5.110932503716253e-06, 0.0009680834198771706, -6.418673637819799e-05, 0.9968248031031633, -0.07962604974757219, -0.12012479653779057, -3.783002489560526e-12, 0.07962604991159894, 0.9968248051565908, 3.1225994012729075e-12, 0.0, 0.0, 0.0, 1.0]}, {"left_foot_pose": [0.9999999999884726, 4.7857713993196746e-06, 3.896043874184435e-07, 0.00019842111184945283, -4.801603842691503e-06, 0.9967029138325225, 0.0811375470094107, -6.676505823768539e-05, -1.4076495788909566e-11, -0.08113754701034645, 0.9967029138440127, 1.2160550344475496e-11, 0.0, 0.0, 0.0, 1.0], "right_foot_pose": [0.9999999979400314, 6.397449561567771e-05, -5.2154662896769e-06, 0.0009680834190446659, -6.418673677555158e-05, 0.996693359867823, -0.08125479847648041, -0.12012479653858432, -1.4129487482246349e-11, 0.08125479864386165, 0.9966933619209801, 1.2173456687136763e-11, 0.0, 0.0, 0.0, 1.0]}, {"left_foot_pose": [0.9999999999884726, 4.7868063103314566e-06, 3.7666801877547503e-07, 0.00019842110949627644, -4.801603216122515e-06, 0.9969188587065152, 0.07843971654872688, -6.676505856865328e-05, -3.1721576429443126e-11, -0.07843971654963157, 0.9969188587180073, 2.7423320558828124e-11, 0.0, 0.0, 0.0, 1.0], "right_foot_pose": [0.9999999979400309, 6.396013579156972e-05, -5.388719505062205e-06, 0.0009680834171101776, -6.418673748037738e-05, 0.9964696056508532, -0.08395427859314629, -0.12012479653951656, -3.1858833759004734e-11, 0.08395427876608727, 0.9964696077035498, 2.7733544627484008e-11, 0.0, 0.0, 0.0, 1.0]}, {"left_foot_pose": [0.9999999999884726, 4.7881974533525725e-06, 3.585400671911847e-07, 0.00019842110598418888, -4.8016024227235775e-06, 0.9972091033466334, 0.07465925381055573, -6.676505868395168e-05, -5.6170314991815034e-11, -0.07465925381141696, 0.9972091033581288, 4.8537410202165177e-11, 0.0, 0.0, 0.0, 1.0], "right_foot_pose": [0.9999999979400311, 6.393924043833223e-05, -5.631246251525616e-06, 0.0009680834140223541, -6.418673852258884e-05, 0.9961440138947815, -0.08773311496610581, -0.12012479654042817, -5.6488094218044094e-11, 0.08773311514682948, 0.9961440159468072, 4.9240472810296865e-11, 0.0, 0.0, 0.0, 1.0]}, {"left_foot_pose": [0.9999999999884728, 4.789881653778901e-06, 3.352776666297989e-07, 0.00019842110133041222, -4.801601541188475e-06, 0.9975604379728347, 0.06980811248266063, -6.676505844458412e-05, -8.713893859037243e-11, -0.0698081124834661, 0.9975604379843342, 7.526694545401114e-11, 0.0, 0.0, 0.0, 1.0], "right_foot_pose": [0.9999999979400311, 6.39111085977811e-05, -5.942035370798907e-06, 0.000968083409730405, -6.418673995877245e-05, 0.9957056609987958, -0.0925755504170189, -0.12012479654116084, -8.779960979579468e-11, 0.09257555060771583, 0.9957056630499187, 7.637716153974239e-11, 0.0, 0.0, 0.0, 1.0]}, {"left_foot_pose": [0.999999999988473, 4.7917831068057764e-06, 3.0689322172419406e-07, 0.000198421095468189, -4.801600647026229e-06, 0.9979570247978672, 0.06388878331549601, -6.676505767405812e-05, -1.2505393942491268e-10, -0.06388878331623342, 0.9979570248093717, 1.0802868322112857e-10, 0.0, 0.0, 0.0, 1.0], "right_foot_pose": [0.9999999979400311, 6.387478067486348e-05, -6.3206193158809625e-06, 0.0009680834041029356, -6.418674189252587e-05, 0.9951395914719291, -0.09847430814757918, -0.12012479654154849, -1.2631113307496852e-10, 0.09847430835042494, 0.9951395935218866, 1.0949558620909627e-10, 0.0, 0.0, 0.0, 1.0]}, {"left_foot_pose": [0.9999999999884726, 4.793816273597454e-06, 2.7328815638263635e-07, 0.0001984210882204322, -4.801599821838451e-06, 0.9983809954650174, 0.05688047003345119, -6.676505612824256e-05, -1.7117908415657005e-10, -0.05688047003410802, 0.9983809954765264, 1.4800293629546601e-10, 0.0, 0.0, 0.0, 1.0], "right_foot_pose": [0.999999997940031, 6.382893532245385e-05, -6.767952707099013e-06, 0.0009680833968917357, -6.41867444898969e-05, 0.9944252105749741, -0.10544428127205632, -0.12012479654138931, -1.7341349580148565e-10, 0.10544428148925701, 0.9944252126234604, 1.4972426770620828e-10, 0.0, 0.0, 0.0, 1.0]}, {"left_foot_pose": [0.9999999999884727, 4.795882773497095e-06, 2.3422874029224398e-07, 0.00019842107928873896, -4.801599173716282e-06, 0.9988117904731877, 0.048734045478397284, -6.676505345333365e-05, -2.276585460219242e-10, -0.04873404547896048, 0.9988117904847017, 1.9718524729706033e-10, 0.0, 0.0, 0.0, 1.0], "right_foot_pose": [0.9999999979400305, 6.377179925758044e-05, -7.28671655658758e-06, 0.0009680833877053871, -6.418674799886098e-05, 0.9935348781475816, -0.11352727330616041, -0.1201247965404052, -2.3143738875166827e-10, 0.11352727354000819, 0.9935348801942345, 1.990101347604245e-10, 0.0, 0.0, 0.0, 1.0]}, {"left_foot_pose": [0.9999999999884728, 4.797864284022233e-06, 1.8934123802152543e-07, 0.00019842106825391636, -4.801598869204466e-06, 0.9992246598493509, 0.03937104425709833, -6.67650491298858e-05, -2.975072458826204e-10, -0.03937104425755392, 0.9992246598608698, 2.583978378489782e-10, 0.0, 0.0, 0.0, 1.0], "right_foot_pose": [0.9999999979400302, 6.370104781408607e-05, -7.881353878691986e-06, 0.0009680833759905252, -6.418675277250417e-05, 0.9924323578107501, -0.12279255291041058, -0.1201247965381875, -3.036715693844119e-10, 0.12279255316333997, 0.9924323598551331, 2.6011547776816357e-10, 0.0, 0.0, 0.0, 1.0]}, {"left_foot_pose": [0.9999999999884728, 4.799612226291011e-06, 1.381205156913112e-07, 0.0001984210545875638, -4.801599176175135e-06, 0.999588487274437, 0.02868546819119442, -6.67650424043386e-05, -3.845535647353391e-10, -0.028685468191527255, 0.99958848728596, 3.3528124721016184e-10, 0.0, 0.0, 0.0, 1.0], "right_foot_pose": [0.9999999979400298, 6.361369450312323e-05, -8.55791683118717e-06, 0.0009680833610210082, -6.418675929401008e-05, 0.9910710946083632, -0.13333447158121087, -0.12012479653413186, -3.9434037984919675e-10, 0.13333447185585062, 0.9910710966499431, 3.365968129220853e-10, 0.0, 0.0, 0.0, 1.0]}, {"left_foot_pose": [0.9999999999884728, 4.800934770105959e-06, 7.995694473175372e-08, 0.00019842103770462626, -4.80160051790618e-06, 0.9998630483310413, 0.016549457970082462, -6.676503222421797e-05, -4.931264829201274e-10, -0.016549457970275915, 0.9998630483425676, 4.32082258861044e-10, 0.0, 0.0, 0.0, 1.0], "right_foot_pose": [0.9999999979400294, 6.350598818592485e-05, -9.323662095106985e-06, 0.0009680833419281314, -6.418676818529185e-05, 0.9893926117092068, -0.14526615495459955, -0.12012479652737285, -5.083295774740713e-10, 0.14526615525381106, 0.9893926137473311, 4.3257551707309716e-10, 0.0, 0.0, 0.0, 1.0]}, {"left_foot_pose": [0.9999999999884728, 4.801582573814041e-06, 1.419835532470359e-08, 0.00019842101714080175, -4.801603524899284e-06, 0.9999960055952861, 0.0028264412992162666, -6.676501724687568e-05, -6.269074986220111e-10, -0.0028264412992521767, 0.9999960056068139, 5.527279051120715e-10, 0.0, 0.0, 0.0, 1.0], "right_foot_pose": [0.9999999979400285, 6.337337440638441e-05, -1.018617504372537e-05, 0.0009680833178721265, -6.418678014393144e-05, 0.9873259099333312, -0.1587058393833599, -0.12012479651677171, -6.500360328279468e-10, 0.158705839710248, 0.987325911967201, 5.517997725412727e-10, 0.0, 0.0, 0.0, 1.0]}, {"left_foot_pose": [0.9999999999884727, 4.801237767259263e-06, -5.971362515575318e-08, 0.00019842099298436722, -4.801609021339594e-06, 0.9999206186503263, -0.012599856145781624, -6.67649961031587e-05, -7.860204560575733e-10, 0.012599856145922777, 0.9999206186618532, 6.983211300881642e-10, 0.0, 0.0, 0.0, 1.0], "right_foot_pose": [0.9999999979400274, 6.321066691597852e-05, -1.1151516907448802e-05, 0.000968083288532489, -6.418679568740519e-05, 0.9847901515881453, -0.17374795888025057, -0.12012479650110189, -8.20330437372791e-10, 0.17374795923811448, 0.9847901536167949, 6.951468289884133e-10, 0.0, 0.0, 0.0, 1.0]}, {"left_foot_pose": [0.9999999999884726, 4.799519357093818e-06, -1.4194373598739137e-07, 0.00019842096690892853, -4.801617764749109e-06, 0.9995570294734233, -0.029761465138856677, -6.676496841163254e-05, -9.598691088039834e-10, 0.02976146513919484, 0.999557029484946, 8.606940229971549e-10, 0.0, 0.0, 0.0, 1.0], "right_foot_pose": [0.9999999979400263, 6.301279630422651e-05, -1.2220255574902294e-05, 0.0009680832553921616, -6.418681440427965e-05, 0.9817063624174333, -0.19040119187963161, -0.1201247964798293, -1.008871785200276e-09, 0.19040119227178928, 0.9817063644397346, 8.542580878789785e-10, 0.0, 0.0, 0.0, 1.0]}, {"left_foot_pose": [0.9999999999884726, 4.796040021024942e-06, -2.3161804196822726e-07, 0.00019842094450201695, -4.801629469640103e-06, 0.9988247147404988, -0.04846843509446831, -6.676493768580614e-05, -1.1107299677616081e-09, 0.04846843509502141, 0.9988247147520132, 1.007076561032605e-09, 0.0, 0.0, 0.0, 1.0], "right_foot_pose": [0.999999997940025, 6.277698252320125e-05, -1.3379088399656998e-05, 0.0009680832248122144, -6.418683307139781e-05, 0.9780313843866535, -0.20845768643726476, -0.12012479645539043, -1.1761892073990487e-09, 0.2084576868666083, 0.9780313864013889, 9.965245781340393e-10, 0.0, 0.0, 0.0, 1.0]}, {"left_foot_pose": [0.9999999999884726, 4.790599006331334e-06, -3.2544097305917506e-07, 0.000198420939587026, -4.801640277716751e-06, 0.9976843290848431, -0.06801455340933785, -6.67649177979162e-05, -1.1430931066913835e-09, 0.06801455341011609, 0.9976843290963445, 1.0501627137338154e-09, 0.0, 0.0, 0.0, 1.0], "right_foot_pose": [0.9999999979400246, 6.250824644161598e-05, -1.4583202724516777e-05, 0.0009680832140497672, -6.41868419025034e-05, 0.9738439740574557, -0.22721775914754327, -0.12012479643828367, -1.2195889686306026e-09, 0.22721775961552979, 0.973843976063568, 1.0360266186615341e-09, 0.0, 0.0, 0.0, 1.0]}, {"left_foot_pose": [0.9999999999881659, 4.846938844589877e-06, -4.2048644077761164e-07, 0.00019925220226496107, -4.86514382219459e-06, 0.9962443359683549, -0.08658650603473263, -6.682720296041257e-05, -7.722647196411424e-10, 0.08658650603575324, 0.9962443359801458, 3.932722269563149e-05, 0.0, 0.0, 0.0, 1.0], "right_foot_pose": [0.9999999979400258, 6.223205602749235e-05, -1.572003289707128e-05, 0.0009680832559661182, -6.418682287481215e-05, 0.9695419897901146, -0.24492514349057193, -0.12012479646425506, -9.632777622525685e-10, 0.24492514399505128, 0.9695419917873611, 8.1528157142019e-10, 0.0, 0.0, 0.0, 1.0]}, {"left_foot_pose": [0.9999999999782536, 6.560214388006158e-06, -6.76376228858752e-07, 0.00022189600813485893, -6.594990338523239e-06, 0.9947303805331376, -0.1025254602569856, -6.851821799812308e-05, 2.2298393434943263e-10, 0.10252546025921631, 0.9947303805547698, 0.001005888630585934, 0.0, 0.0, 0.0, 1.0], "right_foot_pose": [0.9999999979400278, 6.198784570809734e-05, -1.6656862718567505e-05, 0.0009680833248654055, -6.418679062551723e-05, 0.9657390824362269, -0.2595149716977626, -0.12012479652541762, -5.907064191566439e-10, 0.2595149722323194, 0.9657390844256322, 4.801981520752285e-10, 0.0, 0.0, 0.0, 1.0]}, {"left_foot_pose": [0.9999999999462972, 1.0294957628475516e-05, -1.191860720950641e-06, 0.0002712292056169974, -1.036371955394262e-05, 0.9933789320296925, -0.1148838426069649, -7.220105353934747e-05, 1.2450381658475159e-09, 0.11488384261314702, 0.9933789320830387, 0.002752750140937295, 0.0, 0.0, 0.0, 1.0], "right_foot_pose": [0.9999999979400298, 6.180254931416707e-05, -1.7331621645134048e-05, 0.0009680833825453614, -6.41867603989307e-05, 0.9628540006829664, -0.2700225347056536, -0.12012479654967977, -2.597778064989163e-10, 0.27002253526187575, 0.9628540026664215, 1.9921624766494617e-10, 0.0, 0.0, 0.0, 1.0]}, {"left_foot_pose": [0.9999999998762261, 1.561451413762102e-05, -1.9328627577922e-06, 0.0003415231369804797, -1.573369015235085e-05, 0.9924417355987493, -0.12271675188903121, -7.744825103496791e-05, 2.0912124859004594e-09, 0.12271675190425271, 0.9924417357215843, 0.0045890208404291075, 0.0, 0.0, 0.0, 1.0], "right_foot_pose": [0.9999999979400309, 6.169285813612723e-05, -1.7718041116166395e-05, 0.000968083414705582, -6.418674104509703e-05, 0.9611462205966025, -0.276039740821733, -0.1201247965464034, -5.231547631071708e-11, 0.27603974139036275, 0.9611462225765345, 3.296636574834366e-11, 0.0, 0.0, 0.0, 1.0]}, {"left_foot_pose": [0.999999999752085, 2.2092064933304926e-05, -2.7877602777896575e-06, 0.0004270490110848944, -2.2267261479263872e-05, 0.9921465139117577, -0.12508115140546286, -8.383254842486004e-05, 2.5657223298507096e-09, 0.12508115143652876, 0.9921465141577192, 0.0058238102464810565, 0.0, 0.0, 0.0, 1.0], "right_foot_pose": [0.9999999979400311, 6.16683644332372e-05, -1.7803089483681612e-05, 0.0009680834178517571, -6.418673669091058e-05, 0.960764891738617, -0.2773640544168378, -0.1201247965333876, -4.248357122327557e-12, 0.27736405498819855, 0.9607648937177623, 3.1464414407267327e-13, 0.0, 0.0, 0.0, 1.0]}, {"left_foot_pose": [0.9999999995640848, 2.930846926608505e-05, -3.584009739988036e-06, 0.0005220778363107198, -2.952679274972351e-05, 0.9926163361808678, -0.12129636546508804, -9.092661304750324e-05, 2.535817324641798e-09, 0.12129636551803705, 0.9926163366135557, 0.006000000113690035, 0.0, 0.0, 0.0, 1.0], "right_foot_pose": [0.9999999979400305, 6.173313579990591e-05, -1.7577220885967497e-05, 0.0009680833920923099, -6.418674901988729e-05, 0.9617732704530898, -0.2738469866951786, -0.12012479651916969, -1.320012008755186e-10, 0.27384698725928663, 0.9617732724343155, 1.056577048075269e-10, 0.0, 0.0, 0.0, 1.0]}, {"left_foot_pose": [0.9999999993127361, 3.684109130655097e-05, -4.154888811947575e-06, 0.0006208808281105146, -3.707464235153179e-05, 0.9937066925976148, -0.11201342648174478, -9.830239354851125e-05, 2.0439466875919346e-09, 0.1120134265588026, 0.993706693280546, 0.0060000003782742645, 0.0, 0.0, 0.0, 1.0], "right_foot_pose": [0.9999999979400285, 6.188403831033005e-05, -1.7038434669658846e-05, 0.0009680833346696919, -6.418677787043042e-05, 0.964122576274559, -0.2654574425360205, -0.1201247964838782, -4.390144225097205e-10, 0.26545744308282776, 0.9641225782606314, 3.59036349262265e-10, 0.0, 0.0, 0.0, 1.0]}, {"left_foot_pose": [0.9999999990110688, 4.426264073545012e-05, -4.322251833555841e-06, 0.0007177292858558065, -4.447317421318372e-05, 0.9952684112057762, -0.09716371585148335, -0.00010553240706962994, 1.0780679398896749e-09, 0.09716371594761902, 0.9952684121900239, 0.0059784652985212725, 0.0, 0.0, 0.0, 1.0], "right_foot_pose": [0.9999999979400256, 6.211586831186943e-05, -1.6173040202017075e-05, 0.0009680832451314592, -6.418682360590266e-05, 0.9677317950040567, -0.2519824772048208, -0.1201247964433933, -9.45145695248365e-10, 0.2519824777238393, 0.9677317969975743, 7.760013603919091e-10, 0.0, 0.0, 0.0, 1.0]}, {"left_foot_pose": [0.9999999986849378, 5.1136446326721146e-05, -3.897366670281083e-06, 0.0008068943856962058, -5.128475026486216e-05, 0.9971076982839526, -0.07600154862075857, -0.0001121897886592789, -3.54801927822181e-10, 0.07600154872068689, 0.9971076995952135, 0.0050793201149539335, 0.0, 0.0, 0.0, 1.0], "right_foot_pose": [0.9999999979400219, 6.242028446201123e-05, -1.4955409758266516e-05, 0.0009680831288193125, -6.418688487959652e-05, 0.9724711507631845, -0.2330232967181003, -0.12012479645179161, -1.6759297086120563e-09, 0.2330232971980184, 0.9724711527664789, 1.3670829676626362e-09, 0.0, 0.0, 0.0, 1.0]}, {"left_foot_pose": [0.9999999983714098, 5.700367719092572e-05, -2.7860828737967953e-06, 0.0008826473077456057, -5.7071722133927955e-05, 0.9988060820909295, -0.04885086612320275, -0.0001178456562285126, -1.9224837947609037e-09, 0.04885086620265091, 0.9988060837175814, 0.003359234490811158, 0.0, 0.0, 0.0, 1.0], "right_foot_pose": [0.9999999979400176, 6.277937918679366e-05, -1.336840517524078e-05, 0.000968082987410117, -6.418695117601135e-05, 0.9780623239790326, -0.20831247272491743, -0.12012479645806476, -2.5942810750193132e-09, 0.20831247315387436, 0.9780623259938586, 2.1286698098643697e-09, 0.0, 0.0, 0.0, 1.0]}, {"left_foot_pose": [0.9999999981152383, 6.138811838409078e-05, -1.011280218344834e-06, 0.0009392593849353512, -6.139644741304131e-05, 0.9998634280216235, -0.016526389058862834, -0.00012207189276947777, -3.3818224346032755e-09, 0.016526389089803223, 0.9998634299061313, 0.0015090987136043912, 0.0, 0.0, 0.0, 1.0], "right_foot_pose": [0.9999999979400142, 6.316445719940561e-05, -1.1411523944183036e-05, 0.0009680828365939021, -6.418700428395473e-05, 0.984059230597248, -0.17784101483173473, -0.12012479646057084, -3.6156972785148937e-09, 0.17784101519785617, 0.9840592326244371, 3.001868906227223e-09, 0.0, 0.0, 0.0, 1.0]}, {"left_foot_pose": [0.9999999979634224, 6.380832278026963e-05, 1.2860144697468191e-06, 0.000971001814279888, -6.382128069563797e-05, 0.9997983556466686, 0.02008093556243139, -0.00012444052572989361, -4.4243342664267675e-09, -0.02008093560361041, 0.9997983576828302, 0.00021980328658015996, 0.0, 0.0, 0.0, 1.0], "right_foot_pose": [0.9999999979400137, 6.353550195901665e-05, -9.122109492277151e-06, 0.0009680827171866759, -6.418701481277701e-05, 0.9898398143869969, -0.14218698159234924, -0.12012479646210984, -4.494080782085334e-09, 0.1421869818849667, 0.9898398164260944, 3.785735655514877e-09, 0.0, 0.0, 0.0, 1.0]}, {"left_foot_pose": [0.9999999979400405, 6.407307904563077e-05, 3.8158957628142314e-06, 0.0009757851111122655, -6.41866068302282e-05, 0.998235665513649, 0.05937635873479124, -0.0001247966352254659, -4.7371197901960095e-09, -0.059376358857407996, 0.9982356675699569, 4.025892508252582e-09, 0.0, 0.0, 0.0, 1.0], "right_foot_pose": [0.9999999979400169, 6.384396329145624e-05, -6.626780699404092e-06, 0.0009680827054125088, -6.418696011071132e-05, 0.9946485736556229, -0.10331607234534873, -0.12012479652951621, -4.789559871330875e-09, 0.1033160725578721, 0.9946485757046134, 4.098457413725942e-09, 0.0, 0.0, 0.0, 1.0]}, {"left_foot_pose": [0.9999999979400445, 6.38734834489418e-05, 6.3316663420620265e-06, 0.0009757851757856093, -6.418653960822141e-05, 0.9951295195051766, 0.09857603811010714, -0.0001247967906097807, -4.4331461692518845e-09, -0.09857603831345296, 0.9951295215550715, 3.747915706953098e-09, 0.0, 0.0, 0.0, 1.0], "right_foot_pose": [0.9999999979400227, 6.405504631477657e-05, -4.111567103893216e-06, 0.0009680828168193416, -6.418686721634273e-05, 0.9979418941376239, -0.06412465832312574, -0.12012479667516286, -4.402895233592184e-09, 0.06412465845493885, 0.997941896193379, 3.84825345201012e-09, 0.0, 0.0, 0.0, 1.0]}, {"left_foot_pose": [0.9999999979400452, 6.36021366837245e-05, 8.641694278109762e-06, 0.0009757853361361644, -6.41865301939315e-05, 0.9909027570063362, 0.134579798028276, -0.000124796873237896, -3.5159766889260983e-09, -0.13457979830572836, 0.9909027590475216, 2.9753783742370032e-09, 0.0, 0.0, 0.0, 1.0], "right_foot_pose": [0.999999997944677, 6.40897811147594e-05, -1.7736028491982052e-06, 0.0009608366902059332, -6.411431741747508e-05, 0.999615773795326, -0.02771823711793603, -0.1201247996970738, -3.5343654090108244e-09, 0.027718237174679246, 0.9996157758498652, 8.97883786931536e-06, 0.0, 0.0, 0.0, 1.0]}, {"left_foot_pose": [0.9999999979400427, 6.330578907302768e-05, 1.059682116866132e-05, 0.0009757854988367612, -6.418656824539449e-05, 0.9862840616733177, 0.1650567949806008, -0.00012479679378874214, -2.425175100197084e-09, -0.16505679532076464, 0.9862840637049958, 2.0260327790455612e-09, 0.0, 0.0, 0.0, 1.0], "right_foot_pose": [0.9999999983907009, 5.673235710941333e-05, 1.9271953000065545e-07, 0.00022267834316720377, -5.673268439886309e-05, 0.999994360467558, 0.0033579479570440365, -0.1201251201446979, -2.2141405159968766e-09, -0.0033579479625737846, 0.999994362076847, 0.0008383177322568852, 0.0, 0.0, 0.0, 1.0]}, {"left_foot_pose": [0.9999999979400389, 6.302709393719058e-05, 1.2145297415165888e-05, 0.0009757856396668717, -6.418662490989748e-05, 0.9819392886379187, 0.18919627192240374, -0.00012479675096329756, -1.4535015444199786e-09, -0.1891962723122327, 0.9819392906606581, 1.208364533433759e-09, 0.0, 0.0, 0.0, 1.0], "right_foot_pose": [0.9999999992476288, 3.877522965357191e-05, 1.106200140598947e-06, -0.0015714854046051064, -3.8791005571507314e-05, 0.9995929910223281, 0.028528070286888335, -0.12012590186401398, 4.3256969157063824e-10, -0.02852807030833545, 0.9995929917743936, 0.002529238569145796, 0.0, 0.0, 0.0, 1.0]}, {"left_foot_pose": [0.9999999979400358, 6.279807832857933e-05, 1.3278970316387132e-05, 0.0009757857428165485, -6.418667847680044e-05, 0.978368518883597, 0.20686961385758854, -0.00012479674128237656, -7.123062271424993e-10, -0.20686961428377768, 0.9783685208989925, 6.132670551939334e-10, 0.0, 0.0, 0.0, 1.0], "right_foot_pose": [0.9999999999218738, 1.2486111175292664e-05, 5.913322890792722e-07, -0.004200570400149348, -1.250010538016084e-05, 0.9988674858143588, 0.047578835911035504, -0.12012704809006845, 3.4120378932460024e-09, -0.04757883591471026, 0.9988674858923985, 0.004390850071050001, 0.0, 0.0, 0.0, 1.0]}, {"left_foot_pose": [0.9999999979400328, 6.26404045336055e-05, 1.4004084555706561e-05, 0.0009757858078673834, -6.418671719517074e-05, 0.9759099276704467, 0.21817380446407855, -0.00012479675115436434, -2.297758800609498e-10, -0.21817380491352414, 0.9759099296807858, 2.584219921386577e-10, 0.0, 0.0, 0.0, 1.0], "right_foot_pose": [0.9999999998014143, -1.9892778179489917e-05, -1.2036218346443517e-06, -0.007443492424977433, 1.992915689195548e-05, 0.9981923872652488, 0.06009956412930367, -0.12012846204127403, 5.898854463685326e-09, -0.06009956414135611, 0.9981923874634684, 0.005732261463471326, 0.0, 0.0, 0.0, 1.0]}, {"left_foot_pose": [0.9999999979400318, 6.256711298964927e-05, 1.4328062108935893e-05, 0.0009757858284861333, -6.418673532450965e-05, 0.9747670674235858, 0.223224461353335, -0.00012479675360611668, -1.2988398157172478e-11, -0.22322446181317152, 0.9747670694315749, 1.3421813660485782e-10, 0.0, 0.0, 0.0, 1.0], "right_foot_pose": [0.999999998415948, -5.6164108233984485e-05, -3.700913350112701e-06, -0.011079165917505514, 5.628591085642152e-05, 0.9978444404860066, 0.06562369559133477, -0.1201300467688767, 7.239469138174763e-09, -0.06562369569569289, 0.9978444420666176, 0.006000001880672741, 0.0, 0.0, 0.0, 1.0]}, {"left_foot_pose": [0.999999997940032, 6.258206536868092e-05, 1.426259416709042e-05, 0.0009757857857159066, -6.418673148044842e-05, 0.9750002222449334, 0.2222038759841839, -0.0001247967582039041, -5.499090053860732e-11, -0.22220387644192055, 0.9750002242534022, 2.296577511495812e-10, 0.0, 0.0, 0.0, 1.0], "right_foot_pose": [0.9999999955481618, -9.416258556778148e-05, -6.089651236883947e-06, -0.014886504408967247, 9.435929377366686e-05, 0.9979202274423361, 0.0644609242701288, -0.12013170608502484, 7.1788499735854325e-09, -0.06446092455777461, 0.997920231884872, 0.00600000185497368, 0.0, 0.0, 0.0, 1.0]}, {"left_foot_pose": [0.9999999979400336, 6.268379193060556e-05, 1.380853010118811e-05, 0.0009757857022423073, -6.418670636662575e-05, 0.9765864466226654, 0.21512533126757402, -0.0001247967719948742, -3.5184059679947477e-10, -0.21512533171074738, 0.976586448634396, 5.647664835795041e-10, 0.0, 0.0, 0.0, 1.0], "right_foot_pose": [0.9999999912961216, -0.00013172566146657787, -7.490421100874317e-06, -0.018644424066080828, 0.00013193845635074345, 0.9983896219359779, 0.056728699991967495, -0.12013334388939159, 5.7331604281871544e-09, -0.05672870048648261, 0.9983896306257966, 0.005998213748306565, 0.0, 0.0, 0.0, 1.0]}, {"left_foot_pose": [0.9999999979400369, 6.286611344939174e-05, 1.2952964715206031e-05, 0.0009757856421588751, -6.418666149802285e-05, 0.9794293329145322, 0.2017874567624747, -0.00012479672613343977, -9.204410190556565e-10, -0.2017874571782077, 0.9794293349321094, 1.1719651915598206e-09, 0.0, 0.0, 0.0, 1.0], "right_foot_pose": [0.9999999860867841, -0.00016666452325019956, -7.0262222470739854e-06, -0.02213184083676435, 0.00016681256277573884, 0.9991133029381503, 0.042102019732895984, -0.12013486298682138, 3.079069684533916e-09, -0.04210202031918384, 0.9991133168390076, 0.005241071060904663, 0.0, 0.0, 0.0, 1.0]}, {"left_foot_pose": [0.9999999979400402, 6.311390205252591e-05, 1.1685705435969826e-05, 0.0009757855672587782, -6.418660561826964e-05, 0.9832926466701827, 0.18203177438136314, -0.00012479666113133885, -1.7326480120493905e-09, -0.18203177475645096, 0.9832926486957063, 2.035260994459609e-09, 0.0, 0.0, 0.0, 1.0], "right_foot_pose": [0.9999999806406297, -0.00019672808483254213, -4.098896313696515e-06, -0.025127667352599345, 0.00019677078114615097, 0.9997829822399009, 0.020831459496388215, -0.12013616786282418, -1.263507516257977e-10, -0.020831459899647495, 0.9997830015950707, 0.0035817067247898085, 0.0, 0.0, 0.0, 1.0]}, {"left_foot_pose": [0.9999999979400436, 6.340101290504624e-05, 1.0011264027830502e-05, 0.0009757855032453862, -6.418655495832453e-05, 0.9877681706049659, 0.1559295899430435, -0.00012479659448860758, -2.7140101869952557e-09, -0.1559295902644241, 0.9877681726396986, 3.1121488788810048e-09, 0.0, 0.0, 0.0, 1.0], "right_foot_pose": [0.9999999758874207, -0.00021959781864185483, 1.3985128830011088e-06, -0.027410819402498794, 0.00021960227180424884, 0.9999797842591666, -0.006354750021284374, -0.12013716266495712, -2.995368389073541e-09, 0.006354750175171374, 0.9999798083712546, 0.0017110112584253906, 0.0, 0.0, 0.0, 1.0]}, {"left_foot_pose": [0.9999999979400447, 6.369023634828108e-05, 7.966501914368236e-06, 0.0009757854909135995, -6.418653554659191e-05, 0.9922749180009637, 0.12405838539280825, -0.0001247965467804698, -3.652147214123182e-09, -0.1240583856485959, 0.9922749200449769, 4.216340748763869e-09, 0.0, 0.0, 0.0, 1.0], "right_foot_pose": [0.9999999728330884, -0.00023292214352819073, 9.00537931836243e-06, -0.028760212921743328, 0.0002330961642385403, 0.999254146769275, -0.038614710028515874, -0.12013775145029698, -4.441595645366627e-09, 0.03861471107859266, 0.9992541739158844, 0.0003198754930605202, 0.0, 0.0, 0.0, 1.0]}, {"left_foot_pose": [0.9999999979400425, 6.393564505473822e-05, 5.670031133718816e-06, 0.0009757855830737963, -6.418657137387754e-05, 0.9960963154731727, 0.08827302068500117, -0.00012479650953779384, -4.1046027626303475e-09, -0.08827302086710265, 0.9960963175250658, 4.878924431128695e-09, 0.0, 0.0, 0.0, 1.0], "right_foot_pose": [0.9999999721960888, -0.00023515830015902336, 1.7561182563909313e-05, -0.029031916521341055, 0.00023581310661241944, 0.9972244536271849, -0.07445356593301261, -0.12013787097606306, -4.066681572323464e-09, 0.07445356800406913, 0.9972244813538542, 4.489314371636244e-09, 0.0, 0.0, 0.0, 1.0]}, {"left_foot_pose": [0.9999999979400377, 6.410138426920255e-05, 3.3072183925331633e-06, 0.0009757857656933036, -6.418664302845378e-05, 0.9986748520530951, 0.051463926752669864, -0.00012479644369157473, -3.92689415781893e-09, -0.05146392685893565, 0.998674854110315, 4.894270676236712e-09, 0.0, 0.0, 0.0, 1.0], "right_foot_pose": [0.9999999721961024, -0.00023435466138126653, 2.6185622689857665e-05, -0.029031916305593715, 0.0002358130491112475, 0.9938173271354639, -0.11102731500639096, -0.12013787089809445, -3.956738592624986e-09, 0.1110273180943102, 0.9938173547673562, 4.415479912256437e-09, 0.0, 0.0, 0.0, 1.0]}, {"left_foot_pose": [0.9999999979400336, 6.417770123219353e-05, 1.0755218653447055e-06, 0.0009757859391453887, -6.418671258645661e-05, 0.9998604295934286, 0.016706801408746814, -0.00012479646296528063, -3.1676450910747154e-09, -0.016706801443365886, 0.9998604316531049, 4.280722901151002e-09, 0.0, 0.0, 0.0, 1.0], "right_foot_pose": [0.999999972196104, -0.00023331365258338853, 3.424223093462409e-05, -0.02903191602508339, 0.00023581304215563207, 0.9894029377874746, -0.1451956304085065, -0.12013787087297828, -3.241013490672884e-09, 0.14519563444626676, 0.9894029652966206, 3.7649827144825565e-09, 0.0, 0.0, 0.0, 1.0]}, {"left_foot_pose": [0.999999998637727, 5.219259490725903e-05, -6.926174940810819e-07, -0.00022388949036106098, -5.219719027121628e-05, 0.9999111564911501, -0.013329531123967944, -0.0001249007771600627, -3.1468588624175238e-09, 0.013329531141961845, 0.9999111578533048, 0.0006826699180402032, 0.0, 0.0, 0.0, 1.0], "right_foot_pose": [0.9999999721960954, -0.00023219678308148415, 4.113955112406034e-05, -0.02903191592861295, 0.00023581308007592096, 0.9846662185438604, -0.17444879607129993, -0.12013787097848003, -2.276977733083648e-09, 0.17444880092218626, 0.9846662459213336, 2.6498964827981197e-09, 0.0, 0.0, 0.0, 1.0]}, {"left_foot_pose": [0.9999999998275952, 1.8555985876597665e-05, -6.969995225428428e-07, -0.0035887133495144012, -1.8569070566746587e-05, 0.9992827023834382, -0.03786925365574553, -0.00012518989168735888, -6.201769774590547e-09, 0.037869253662159, 0.9992827025557242, 0.0023080887290160557, 0.0, 0.0, 0.0, 1.0], "right_foot_pose": [0.9999999721960822, -0.00023115326541313808, 4.664764291223593e-05, -0.02903191586260257, 0.00023581313512721953, 0.9802402786811341, -0.19781036485305395, -0.12013787103567208, -1.3867199631940599e-09, 0.19781037035327761, 0.9802403059355901, 1.6909457098424063e-09, 0.0, 0.0, 0.0, 1.0]}, {"left_foot_pose": [0.999999999479074, -3.222537478232729e-05, 1.8380535937173301e-06, -0.008676431843054718, 3.227774949518435e-05, 0.9983956398014244, -0.05662283447207689, -0.000125626293258619, -1.0412631857186761e-08, 0.056622834501908456, 0.9983956403214962, 0.004185480540129828, 0.0, 0.0, 0.0, 1.0], "right_foot_pose": [0.99999997219607, -0.0002302951445608875, 5.071494411701577e-05, -0.029031915823397342, 0.00023581318700329623, 0.9766005472783063, -0.21506119000845725, -0.12013787105405416, -6.943375821889075e-10, 0.21506119598816337, 0.9766005744316049, 9.917198243170056e-10, 0.0, 0.0, 0.0, 1.0]}, {"left_foot_pose": [0.9999999953995322, -9.569099797413631e-05, 6.6460092441616194e-06, -0.015044611398195974, 9.592151130031058e-05, 0.9976070965412324, -0.06913806281374175, -0.00012617234627192858, -1.4215757213339935e-08, 0.0691380631331692, 0.9976071011305977, 0.00562395329773295, 0.0, 0.0, 0.0, 1.0], "right_foot_pose": [0.9999999721960608, -0.00022969806664242738, 5.335424268654473e-05, -0.02903191580359381, 0.00023581322488757788, 0.9740679871223495, -0.22625538856685334, -0.12013787104560225, -2.344569468227868e-10, 0.22625539485769824, 0.9740680142052642, 5.629034807719258e-10, 0.0, 0.0, 0.0, 1.0]}, {"left_foot_pose": [0.999999985898005, -0.0001674678311385368, 1.2590333638598597e-05, -0.022250817417641334, 0.00016794043794033042, 0.9971932038420305, -0.07487112933085042, -0.00012679055053505667, -1.6489494687643523e-08, 0.0748711303894439, 0.9971932179042373, 0.0060000079905115425, 0.0, 0.0, 0.0, 1.0], "right_foot_pose": [0.9999999721960567, -0.00022940856601057382, 5.458567263711032e-05, -0.029031915812227117, 0.0002358132435133692, 0.9728400329282253, -0.23147832452375336, -0.12013787103108367, -1.707417125816043e-11, 0.23147833095976747, 0.9728400599770142, 3.8662749390905304e-10, 0.0, 0.0, 0.0, 1.0]}, {"left_foot_pose": [0.9999999702532762, -0.00024324102358748808, 1.8090104164651793e-05, -0.02985261118436883, 0.00024391278594012601, 0.997250941819498, -0.07409790514365601, -0.00012744288224824513, -1.6723122923244336e-08, 0.07409790735189344, 0.9972509714841448, 0.006000008467013457, 0.0, 0.0, 0.0, 1.0], "right_foot_pose": [0.9999999721960574, -0.00022944202855952186, 5.444483719829929e-05, -0.029031915887914816, 0.00023581324128869128, 0.9729819674339323, -0.2308809984396935, -0.12013787100951917, -4.017608655166464e-11, 0.2308810048591048, 0.9729819944866662, 4.3691899404008083e-10, 0.0, 0.0, 0.0, 1.0]}, {"left_foot_pose": [0.9999999489864352, -0.0003186979617341019, 2.1418165670478377e-05, -0.03740755919229303, 0.0003194168568085804, 0.9977524184985163, -0.06700753206345056, -0.00012809101476659625, -1.4862708393939198e-08, 0.06700753548648025, 0.9977524693971092, 0.006000007819111856, 0.0, 0.0, 0.0, 1.0], "right_foot_pose": [0.9999999721960625, -0.00022979499157490052, 5.293520510430041e-05, -0.02903191599287517, 0.00023581321865467192, 0.9744790979967012, -0.22447813247544096, -0.12013787097516523, -3.0036135778679937e-10, 0.224478138716886, 0.9744791250910421, 7.296378570775808e-10, 0.0, 0.0, 0.0, 1.0]}, {"left_foot_pose": [0.9999999239379219, -0.0003895584405508678, 1.9193030201488097e-05, -0.04447322872248755, 0.0003900309614639882, 0.9987897654492758, -0.04918182905942335, -0.0001286978344240946, -1.0605501485198571e-08, 0.0491818328044269, 0.9987898414191035, 0.005390338703777205, 0.0, 0.0, 0.0, 1.0], "right_foot_pose": [0.999999972196074, -0.00023064125319630468, 4.911683386355132e-05, -0.02903191606647021, 0.00023581316978475982, 0.9780685076210732, -0.20828331376285528, -0.12013787099534906, -9.038899704438147e-10, 0.2082833195541575, 0.9780685348151739, 1.3905128853908266e-09, 0.0, 0.0, 0.0, 1.0]}, {"left_foot_pose": [0.9999998981490095, -0.00045115616260839043, 1.2652629908080525e-05, -0.050607178927468854, 0.0004513335485692604, 0.9996072610609578, -0.028019991653091218, -0.00012922483320942056, -6.268817518218007e-09, 0.028019994509783316, 0.9996073628718791, 0.003801256831225265, 0.0, 0.0, 0.0, 1.0], "right_foot_pose": [0.9999999721960873, -0.00023157119310315672, 4.4526475984076535e-05, -0.029031916123427953, 0.00023581311357926142, 0.9820128431596971, -0.1888139832257767, -0.12013787105572163, -1.6919070406811376e-09, 0.18881398847593597, 0.9820128704634219, 2.2449747755226568e-09, 0.0, 0.0, 0.0, 1.0]}, {"left_foot_pose": [0.9999998755479147, -0.000498902703543358, 4.982455096375479e-07, -0.05536697529286406, 0.000498902952330857, 0.9999993822726081, -0.000993252358236874, -0.00012963352135680374, -2.7089153598733076e-09, 0.0009932524832003836, 0.9999995067246313, 0.0019195626509867225, 0.0, 0.0, 0.0, 1.0], "right_foot_pose": [0.9999999721960999, -0.00023265559481404002, 3.846002325042144e-05, -0.02903191616042279, 0.00023581305981562316, 0.9866121202774384, -0.16308423747823786, -0.12013787113192528, -2.6648097809191894e-09, 0.16308424201323563, 0.9866121477090012, 3.3384433065219987e-09, 0.0, 0.0, 0.0, 1.0]}, {"left_foot_pose": [0.9999998604403162, -0.0005280614237764263, -1.6446329822440363e-05, -0.05831018448892378, 0.0005283174699389351, 0.9995151127438672, 0.031132945207066533, -0.0001298855242352296, -1.7521661124192915e-09, -0.031132949551046212, 0.9995152522359291, 0.00043614776060098975, 0.0, 0.0, 0.0, 1.0], "right_foot_pose": [0.9999999721961059, -0.00023376416860003153, 3.10177437907197e-05, -0.02903191613331751, 0.00023581303385932566, 0.9913134836571881, -0.13152004224323843, -0.12013787120286575, -3.6343233467531004e-09, 0.13152004590085717, 0.9913135112194509, 4.517438360884807e-09, 0.0, 0.0, 0.0, 1.0]}, {"left_foot_pose": [0.9999998564520277, -0.0005346087399807323, -3.5908494188597714e-05, -0.05906021522182607, 0.0005358133301833026, 0.9977511901382471, 0.06702443943657742, -0.0001299486034463601, -4.108302812633238e-09, -0.06702444905560519, 0.9977513333635758, 4.867237134165148e-09, 0.0, 0.0, 0.0, 1.0], "right_foot_pose": [0.999999972196099, -0.00023472926274604707, 2.2582606718448453e-05, -0.02903191598974359, 0.00023581306345959446, 0.9954056457980143, -0.09574729607481053, -0.12013787124695982, -4.162006882645357e-09, 0.09574729873793567, 0.9954056734740809, 5.306445068076204e-09, 0.0, 0.0, 0.0, 1.0]}, {"left_foot_pose": [0.9999998564519934, -0.0005329072976313064, -5.5729755538903516e-05, -0.05906021496825187, 0.0005358133942939785, 0.994575355579978, 0.10401718596928029, -0.00012994867370198348, -4.076050925843965e-09, -0.10401720089857032, 0.9945754983495357, 4.809500867009042e-09, 0.0, 0.0, 0.0, 1.0], "right_foot_pose": [0.9999999721960823, -0.0002354077496622673, 1.3821210873290252e-05, -0.029031915767890087, 0.0002358131346100016, 0.9982818868096096, -0.0585936759387177, -0.12013787129743611, -4.059071431160958e-09, 0.058593677568806825, 0.9982819145657017, 5.353829594934023e-09, 0.0, 0.0, 0.0, 1.0]}, {"left_foot_pose": [0.9999998564519849, -0.0005306165195003719, -7.44454133674755e-05, -0.059060214670079, 0.000535813409991617, 0.9902999058843692, 0.13894534648342835, -0.0001299487087685165, -3.4103006535483024e-09, -0.13894536642695074, 0.9903000480402299, 4.16634397815141e-09, 0.0, 0.0, 0.0, 1.0], "right_foot_pose": [0.9999999721960646, -0.00023575003128540126, 5.458246600033936e-06, -0.029031915591436943, 0.00023581320933284948, 0.9997323844648822, -0.023132311693629233, -0.12013787128343126, -3.342683007637422e-09, 0.02313231233758639, 0.9997324122613592, 4.74627391555682e-09, 0.0, 0.0, 0.0, 1.0]}, {"left_foot_pose": [0.999999856452003, -0.0005280931123899995, -9.062912869127875e-05, -0.059060214544763574, 0.0005358133763871922, 0.9855905961034712, 0.16914753848764805, -0.00012994861194619983, -2.4330820939422907e-09, -0.1691475627671573, 0.9855907375832685, 3.0047520166442965e-09, 0.0, 0.0, 0.0, 1.0], "right_foot_pose": [0.9999999699424554, -0.0002451763180815822, -1.9133892798485135e-06, -0.029968407001468425, 0.0002451837841356657, 0.9999694594107904, 0.007811538299427565, -0.12013823129606782, -1.8733549945615955e-09, -0.007811538533764123, 0.9999694894674214, 0.0005400725324134284, 0.0, 0.0, 0.0, 1.0]}, {"left_foot_pose": [0.999999856452032, -0.0005256878375879938, -0.00010367359183304361, -0.05906021447412977, 0.0005358133221836956, 0.9811019020136583, 0.19349100953084694, -0.00012994855076107776, -1.5122570877982702e-09, -0.19349103730529757, 0.9811020428490203, 1.9618503280249833e-09, 0.0, 0.0, 0.0, 1.0], "right_foot_pose": [0.9999999617751206, -0.0002763423736669134, -9.200511659421642e-06, -0.03309769197284805, 0.0002764954916313683, 0.9994464804683844, 0.03326644299594609, -0.12013943816653774, 2.491175429519831e-09, -0.03326644426824051, 0.9994465186720838, 0.0020904252006045745, 0.0, 0.0, 0.0, 1.0]}, {"left_foot_pose": [0.9999998564520606, -0.0005236696114466148, -0.00011342837894494785, -0.05906021443351005, 0.0005358132688748707, 0.9773355773760736, 0.2116952576207565, -0.00012994853067063022, -7.830766649092794e-10, -0.21169528800876927, 0.9773357176706914, 1.189233767018294e-09, 0.0, 0.0, 0.0, 1.0], "right_foot_pose": [0.9999999470098778, -0.00032508889445335265, -1.7246808506618487e-05, -0.03799979354956811, 0.0003255460668432347, 0.9985969184333381, 0.0529536449661337, -0.12014132963109933, 7.967928059550713e-09, -0.052953647774744456, 0.9985969713489765, 0.00397403245554763, 0.0, 0.0, 0.0, 1.0]}, {"left_foot_pose": [0.9999998564520822, -0.0005222222875987029, -0.00011991537904669934, -0.05906021441242865, 0.0005358132284639651, 0.9746346690368627, 0.22380119484844166, -0.00012994853903223677, -2.861716022051684e-10, -0.22380122697449276, 0.9746348089436949, 7.002650959098133e-10, 0.0, 0.0, 0.0, 1.0], "right_foot_pose": [0.999999924761447, -0.00038705566778382967, -2.5787788567818166e-05, -0.04423280883064248, 0.0003879137788691819, 0.9977900154123543, 0.06644497472580958, -0.12014373484772659, 1.289388900663734e-08, -0.06644497973002456, 0.9977900904843044, 0.005500002120929548, 0.0, 0.0, 0.0, 1.0]}, {"left_foot_pose": [0.9999998564520942, -0.0005215787154679896, -0.00012268429154232033, -0.05906021441504512, 0.000535813206090352, 0.9734337063994898, 0.22896840862782986, -0.00012994855382155585, -2.382206733650246e-11, -0.22896844149575804, 0.9734338461338834, 4.833889954980464e-10, 0.0, 0.0, 0.0, 1.0], "right_foot_pose": [0.9999998945782997, -0.0004579784364279664, -3.3153289516970096e-05, -0.05135483445757835, 0.00045917685981688116, 0.9973924290728523, 0.07216738588009536, -0.12014648288923954, 1.573341656182056e-08, -0.07216739349531044, 0.997392534219147, 0.006000007461709596, 0.0, 0.0, 0.0, 1.0]}, {"left_foot_pose": [0.9999998564520935, -0.0005216098453292748, -0.00012255187550191005, -0.059060214493662264, 0.0005358132071288852, 0.9734917987165362, 0.2287212948893274, -0.00012994857562186393, -3.353274157452624e-11, -0.22872132772177806, 0.9734919384592704, 5.11737222042008e-10, 0.0, 0.0, 0.0, 1.0], "right_foot_pose": [0.9999998569337163,