{"LoopMode": "Wrap", "FrameDuration": 0.0167, "EnableCycleOffsetPosition": true, "EnableCycleOffsetRotation": false, "Debug_info": [{"left_foot_pose": [0.9999999999884726, 4.7851304004989146e-06, 3.9740439577986843e-07, 0.00019842111302273752, -4.801604232007997e-06, 0.9965691632582973, 0.08276413969590062, -6.676505781611462e-05, -3.7654267229317554e-12, -0.08276413969685503, 0.9965691632697852, 3.2324906640290862e-12, 0.0, 0.0, 0.0, 1.0], "right_foot_pose": [0.9999999979400312, 6.398293128505883e-05, -5.11093250354972e-06, 0.0009680834198771015, -6.418673637815635e-05, 0.9968248031031633, -0.07962604974757179, -0.12012479653779064, -3.7831135118629886e-12, 0.07962604991159852, 0.996824805156591, 3.1225924623790036e-12, 0.0, 0.0, 0.0, 1.0]}, {"left_foot_pose": [0.9999999999884728, 4.7857713992069175e-06, 3.8960438747395467e-07, 0.00019842111184945638, -4.801603842573542e-06, 0.9967029138325225, 0.08113754700941074, -6.676505823770273e-05, -1.4076384766607103e-11, -0.08113754701034648, 0.9967029138440127, 1.2160543405581592e-11, 0.0, 0.0, 0.0, 1.0], "right_foot_pose": [0.9999999979400316, 6.39744956156621e-05, -5.215466289843433e-06, 0.0009680834190446233, -6.418673677555158e-05, 0.996693359867823, -0.08125479847647983, -0.1201247965385844, -1.4129376459943886e-11, 0.08125479864386106, 0.9966933619209802, 1.2173470564924571e-11, 0.0, 0.0, 0.0, 1.0]}, {"left_foot_pose": [0.9999999999884726, 4.7868063102377815e-06, 3.7666801888649733e-07, 0.00019842110949629203, -4.80160321603231e-06, 0.9969188587065152, 0.07843971654872697, -6.67650585686741e-05, -3.1721520918291894e-11, -0.07843971654963167, 0.9969188587180075, 2.7423299742146412e-11, 0.0, 0.0, 0.0, 1.0], "right_foot_pose": [0.999999997940031, 6.396013579154544e-05, -5.388719505062205e-06, 0.0009680834171101356, -6.418673748034963e-05, 0.9964696056508533, -0.08395427859314565, -0.12012479653951663, -3.1858944781307197e-11, 0.08395427876608663, 0.9964696077035498, 2.7733502994120585e-11, 0.0, 0.0, 0.0, 1.0]}, {"left_foot_pose": [0.9999999999884727, 4.788197453243285e-06, 3.5854006724669587e-07, 0.00019842110598419248, -4.801602422626433e-06, 0.9972091033466334, 0.07465925381055581, -6.676505868398117e-05, -5.61702594806638e-11, -0.07465925381141704, 0.997209103358129, 4.853738244658956e-11, 0.0, 0.0, 0.0, 1.0], "right_foot_pose": [0.9999999979400314, 6.393924043830448e-05, -5.631246251581127e-06, 0.0009680834140223212, -6.418673852256108e-05, 0.9961440138947815, -0.08773311496610565, -0.12012479654042821, -5.6488094218044094e-11, 0.08773311514682931, 0.9961440159468075, 4.924043117693344e-11, 0.0, 0.0, 0.0, 1.0]}, {"left_foot_pose": [0.9999999999884726, 4.7898816536748175e-06, 3.352776665187766e-07, 0.00019842110133042908, -4.801601541084392e-06, 0.9975604379728347, 0.06980811248266061, -6.676505844460494e-05, -8.71388830792212e-11, -0.06980811248346606, 0.997560437984334, 7.526697320958675e-11, 0.0, 0.0, 0.0, 1.0], "right_foot_pose": [0.9999999979400311, 6.391110859772905e-05, -5.9420353712429965e-06, 0.0009680834097304141, -6.418673995875857e-05, 0.9957056609987959, -0.0925755504170182, -0.12012479654116098, -8.779922121773606e-11, 0.09257555060771515, 0.9957056630499189, 7.637716153974239e-11, 0.0, 0.0, 0.0, 1.0]}, {"left_foot_pose": [0.9999999999884729, 4.791783106698224e-06, 3.0689322205726097e-07, 0.00019842109546816834, -4.801600646942962e-06, 0.9979570247978672, 0.063888783315496, -6.676505767408067e-05, -1.250543280029713e-10, -0.06388878331623339, 0.9979570248093715, 1.0802868322112857e-10, 0.0, 0.0, 0.0, 1.0], "right_foot_pose": [0.9999999979400311, 6.387478067482878e-05, -6.320619316047496e-06, 0.0009680834041028998, -6.418674189251893e-05, 0.9951395914719291, -0.09847430814757852, -0.1201247965415486, -1.263110775638173e-10, 0.09847430835042427, 0.9951395935218866, 1.0949557927020237e-10, 0.0, 0.0, 0.0, 1.0]}, {"left_foot_pose": [0.9999999999884727, 4.7938162734916355e-06, 2.732881567712144e-07, 0.0001984210882204164, -4.801599821755184e-06, 0.9983809954650174, 0.05688047003345119, -6.676505612826858e-05, -1.711793617123262e-10, -0.05688047003410802, 0.9983809954765261, 1.4800297792882944e-10, 0.0, 0.0, 0.0, 1.0], "right_foot_pose": [0.9999999979400309, 6.382893532241568e-05, -6.767952707043502e-06, 0.0009680833968916847, -6.418674448982057e-05, 0.9944252105749741, -0.10544428127205593, -0.12012479654138936, -1.7341371784609057e-10, 0.10544428148925664, 0.9944252126234606, 1.4972426770620828e-10, 0.0, 0.0, 0.0, 1.0]}, {"left_foot_pose": [0.9999999999884726, 4.795882773377399e-06, 2.3422874023673283e-07, 0.00019842107928873967, -4.801599173587912e-06, 0.9988117904731877, 0.048734045478397166, -6.67650534533562e-05, -2.2765837948847051e-10, -0.04873404547896036, 0.9988117904847017, 1.9718530974710546e-10, 0.0, 0.0, 0.0, 1.0], "right_foot_pose": [0.9999999979400305, 6.377179925757004e-05, -7.286716556310025e-06, 0.0009680833877053072, -6.418674799881241e-05, 0.9935348781475816, -0.11352727330616016, -0.12012479654040528, -2.314376107962732e-10, 0.11352727354000791, 0.9935348801942346, 1.990101070048489e-10, 0.0, 0.0, 0.0, 1.0]}, {"left_foot_pose": [0.9999999999884728, 4.797864283919017e-06, 1.8934123774396967e-07, 0.0001984210682539464, -4.801598869093444e-06, 0.9992246598493509, 0.03937104425709841, -6.676504912991182e-05, -2.9750696832686424e-10, -0.03937104425755401, 0.9992246598608698, 2.583978309100843e-10, 0.0, 0.0, 0.0, 1.0], "right_foot_pose": [0.9999999979400302, 6.370104781406872e-05, -7.881353878803009e-06, 0.0009680833759904945, -6.418675277248336e-05, 0.9924323578107501, -0.12279255291041014, -0.12012479653818761, -3.036715693844119e-10, 0.12279255316333954, 0.9924323598551329, 2.601155610348904e-10, 0.0, 0.0, 0.0, 1.0]}, {"left_foot_pose": [0.9999999999884726, 4.7996122261825905e-06, 1.381205156913112e-07, 0.00019842105458756255, -4.801599176071052e-06, 0.999588487274437, 0.028685468191194552, -6.676504240436809e-05, -3.8455367575764157e-10, -0.028685468191527393, 0.99958848728596, 3.3528127496573745e-10, 0.0, 0.0, 0.0, 1.0], "right_foot_pose": [0.9999999979400298, 6.361369450307465e-05, -8.557916831353704e-06, 0.0009680833610209793, -6.418675929398233e-05, 0.9910710946083632, -0.13333447158121053, -0.12012479653413188, -3.943402688268943e-10, 0.13333447185585032, 0.9910710966499432, 3.365968198609792e-10, 0.0, 0.0, 0.0, 1.0]}, {"left_foot_pose": [0.9999999999884728, 4.80093477000231e-06, 7.995694456522027e-08, 0.00019842103770466603, -4.801600517800362e-06, 0.9998630483310413, 0.016549457970082723, -6.676503222424052e-05, -4.931264274089762e-10, -0.01654945797027618, 0.9998630483425676, 4.320822449832562e-10, 0.0, 0.0, 0.0, 1.0], "right_foot_pose": [0.9999999979400296, 6.350598818591791e-05, -9.323662095051474e-06, 0.0009680833419280738, -6.418676818527797e-05, 0.9893926117092069, -0.14526615495459877, -0.12012479652737296, -5.083295774740713e-10, 0.14526615525381023, 0.9893926137473313, 4.3257546850083983e-10, 0.0, 0.0, 0.0, 1.0]}, {"left_foot_pose": [0.9999999999884726, 4.801582573709578e-06, 1.4198354936125531e-08, 0.00019842101714086368, -4.801603524793683e-06, 0.9999960055952861, 0.002826441299216376, -6.676501724688956e-05, -6.269070545328012e-10, -0.0028264412992522864, 0.9999960056068137, 5.527279467454349e-10, 0.0, 0.0, 0.0, 1.0], "right_foot_pose": [0.9999999979400285, 6.337337440634625e-05, -1.0186175043614347e-05, 0.0009680833178720873, -6.418678014390369e-05, 0.9873259099333314, -0.15870583938335953, -0.12012479651677174, -6.500360883390981e-10, 0.15870583971024757, 0.9873259119672011, 5.517997100912275e-10, 0.0, 0.0, 0.0, 1.0]}, {"left_foot_pose": [0.9999999999884726, 4.801237767156915e-06, -5.971362515575318e-08, 0.00019842099298436603, -4.80160902123898e-06, 0.9999206186503263, -0.01259985614578156, -6.676499610318472e-05, -7.86020400546422e-10, 0.012599856145922711, 0.9999206186618532, 6.983211647826337e-10, 0.0, 0.0, 0.0, 1.0], "right_foot_pose": [0.9999999979400274, 6.321066691595077e-05, -1.115151690733778e-05, 0.0009680832885324082, -6.418679568743295e-05, 0.9847901515881454, -0.17374795888025021, -0.12012479650110194, -8.203304928839423e-10, 0.17374795923811415, 0.9847901536167949, 6.951468081717316e-10, 0.0, 0.0, 0.0, 1.0]}, {"left_foot_pose": [0.9999999999884728, 4.79951935699147e-06, -1.4194373598739137e-07, 0.0001984209669089343, -4.8016177646432906e-06, 0.9995570294734233, -0.029761465138856667, -6.676496841164642e-05, -9.598691643151346e-10, 0.02976146513919482, 0.9995570294849461, 8.606940021804732e-10, 0.0, 0.0, 0.0, 1.0], "right_foot_pose": [0.9999999979400264, 6.301279630416406e-05, -1.2220255574846783e-05, 0.0009680832553921102, -6.418681440421026e-05, 0.9817063624174335, -0.19040119187963078, -0.12012479647982943, -1.0088717296891247e-09, 0.19040119227178845, 0.9817063644397348, 8.542580878789785e-10, 0.0, 0.0, 0.0, 1.0]}, {"left_foot_pose": [0.9999999999884724, 4.7960400209173894e-06, -2.3161804224578302e-07, 0.00019842094450206774, -4.801629469542958e-06, 0.9988247147404988, -0.048468435094468146, -6.676493768583043e-05, -1.1107298012281544e-09, 0.04846843509502124, 0.9988247147520132, 1.0070765263381354e-09, 0.0, 0.0, 0.0, 1.0], "right_foot_pose": [0.9999999979400251, 6.277698252314574e-05, -1.337908839976802e-05, 0.000968083224812204, -6.418683307131454e-05, 0.9780313843866536, -0.20845768643726414, -0.12012479645539054, -1.1761890963767462e-09, 0.20845768686660765, 0.9780313864013892, 9.965245087451002e-10, 0.0, 0.0, 0.0, 1.0]}, {"left_foot_pose": [0.9999999999884724, 4.790599006223781e-06, -3.2544097317019736e-07, 0.0001984209395870567, -4.801640277612668e-06, 0.9976843290848432, -0.06801455340933765, -6.676491779793875e-05, -1.1430931066913835e-09, 0.06801455341011589, 0.9976843290963446, 1.0501626998560276e-09, 0.0, 0.0, 0.0, 1.0], "right_foot_pose": [0.9999999979400245, 6.250824644158129e-05, -1.4583202724405755e-05, 0.0009680832140497278, -6.418684190247564e-05, 0.9738439740574558, -0.22721775914754294, -0.12012479643828376, -1.2195894127198124e-09, 0.2272177596155295, 0.973843976063568, 1.0360266533560036e-09, 0.0, 0.0, 0.0, 1.0]}, {"left_foot_pose": [0.9999999999881659, 4.846938844097219e-06, -4.2048643644774184e-07, 0.00019925220224749436, -4.865143821306423e-06, 0.9962443360467237, -0.08658650513304117, -6.682720297819002e-05, -7.722645531076977e-10, 0.0865865051340618, 0.9962443360585144, 3.9327222675168694e-05, 0.0, 0.0, 0.0, 1.0], "right_foot_pose": [0.9999999979400258, 6.223205599950085e-05, -1.572003300853767e-05, 0.0009680832558702575, -6.418682287500645e-05, 0.969541989336915, -0.2449251452845732, -0.12012479646428463, -9.632814814996828e-10, 0.2449251457890526, 0.9695419913341614, 8.153179867353977e-10, 0.0, 0.0, 0.0, 1.0]}, {"left_foot_pose": [0.9999999999782538, 6.5602144630369916e-06, -6.763752654627224e-07, 0.000221896019807035, -6.594990314370888e-06, 0.9947303955762561, -0.10252531430438201, -6.851821854765572e-05, 2.229855996825112e-10, 0.1025253143066127, 0.9947303955978885, 0.001005888631316218, 0.0, 0.0, 0.0, 1.0], "right_foot_pose": [0.9999999979400278, 6.198784067296625e-05, -1.6656881464738787e-05, 0.0009680833232818282, -6.418679062765528e-05, 0.9657390035554628, -0.25951526523840124, -0.12012479652622395, -5.90805784114391e-10, 0.2595152657729585, 0.9657390055448681, 4.813789505897503e-10, 0.0, 0.0, 0.0, 1.0]}, {"left_foot_pose": [0.9999999999462968, 1.0294958525799231e-05, -1.191852353754816e-06, 0.0002712292551018036, -1.0363719483051879e-05, 0.9933790250017481, -0.11488303869227402, -7.220105487433515e-05, 1.2450101882192626e-09, 0.11488303869845609, 0.9933790250550941, 0.0027527501445904004, 0.0, 0.0, 0.0, 1.0], "right_foot_pose": [0.9999999979400299, 6.180251971679208e-05, -1.7331727178549388e-05, 0.0009680833816327153, -6.41867603970481e-05, 0.9628535386801754, -0.27002418212286855, -0.12012479655145061, -2.599944665055793e-10, 0.27002418267909395, 0.9628535406636294, 2.0219666913012802e-10, 0.0, 0.0, 0.0, 1.0]}, {"left_foot_pose": [0.9999999998762259, 1.5614518195484955e-05, -1.9328289295741953e-06, 0.00034152321906535813, -1.5733690023788708e-05, 0.992442000387211, -0.12271461045809884, -7.744825243638856e-05, 2.0910913050359244e-09, 0.1227146104733201, 0.9924420005100462, 0.004589020846010504, 0.0, 0.0, 0.0, 1.0], "right_foot_pose": [0.9999999979400311, 6.169277575973658e-05, -1.771832787916863e-05, 0.000968083418004842, -6.418674102779025e-05, 0.9611449363696255, -0.2760442123484772, -0.12012479654831082, -5.25701614275327e-11, 0.27604421291711617, 0.961144938349555, 3.687738309166022e-11, 0.0, 0.0, 0.0, 1.0]}, {"left_foot_pose": [0.999999999752085, 2.209207664474001e-05, -2.7876659585150456e-06, 0.00042704906994568665, -2.226726129045944e-05, 0.9921470461066757, -0.12507692995100317, -8.383254821812264e-05, 2.565423291236846e-09, 0.12507692998206804, 0.9921470463526368, 0.005823810248684717, 0.0, 0.0, 0.0, 1.0], "right_foot_pose": [0.9999999979400314, 6.166819940858957e-05, -1.7803660943838585e-05, 0.0009680834269962261, -6.41867366462213e-05, 0.9607623206375532, -0.2773729603317641, -0.12012479653401217, -4.424327382039372e-12, 0.2773729609031433, 0.9607623226166935, 3.172150042640709e-12, 0.0, 0.0, 0.0, 1.0]}, {"left_foot_pose": [0.9999999995640849, 2.9308494719762106e-05, -3.5837995794879238e-06, 0.0005220778594695663, -2.9526792506397487e-05, 0.9926172035257341, -0.12128926742676388, -9.09266103273805e-05, 2.5352623240808643e-09, 0.12128926747970974, 0.9926172039584226, 0.006000000112800129, 0.0, 0.0, 0.0, 1.0], "right_foot_pose": [0.9999999979400307, 6.173286304271716e-05, -1.7578178518107747e-05, 0.00096808341129388, -6.418674893965979e-05, 0.961769022274504, -0.2738619062104224, -0.12012479651737645, -1.3198221591153684e-10, 0.2738619067745611, 0.9617690242557211, 1.0649784526473027e-10, 0.0, 0.0, 0.0, 1.0]}, {"left_foot_pose": [0.999999999312736, 3.6841136549493855e-05, -4.154485024888233e-06, 0.0006208808748043227, -3.7074642060043564e-05, 0.9937079174605766, -0.11200255979947815, -9.830238838405905e-05, 2.043062672399997e-09, 0.11200255987652848, 0.9937079181435083, 0.006000000382456398, 0.0, 0.0, 0.0, 1.0], "right_foot_pose": [0.9999999979400291, 6.188363747794691e-05, -1.703988997581221e-05, 0.0009680833718723503, -6.418677774817448e-05, 0.9641163345623742, -0.2654801109500855, -0.12012479647887393, -4.3867891288335204e-10, 0.26548011149693945, 0.9641163365484338, 3.5839515383218057e-10, 0.0, 0.0, 0.0, 1.0]}, {"left_foot_pose": [0.9999999990110688, 4.4262708545725094e-05, -4.32155389795764e-06, 0.0007177293237612398, -4.447317387713155e-05, 0.9952699402310736, -0.09714805244868902, -0.00010553239803374158, 1.0767580986087134e-09, 0.09714805254480911, 0.9952699412153231, 0.005978465306596632, 0.0, 0.0, 0.0, 1.0], "right_foot_pose": [0.9999999979400258, 6.211532677184631e-05, -1.6175119294803894e-05, 0.0009680833005703708, -6.418682343968039e-05, 0.9677233631739738, -0.25201485719557304, -0.12012479643358459, -9.443624880894433e-10, 0.25201485771465815, 0.967723365167474, 7.721388597947687e-10, 0.0, 0.0, 0.0, 1.0]}, {"left_foot_pose": [0.9999999986849377, 5.113653033414317e-05, -3.89625927654882e-06, 0.0008068942596064559, -5.128474988535186e-05, 0.9971093411895027, -0.07597999133002933, -0.00011218977390914722, -3.566113140119645e-10, 0.07597999142992923, 0.9971093425007657, 0.005079320112565511, 0.0, 0.0, 0.0, 1.0], "right_foot_pose": [0.9999999979400216, 6.241961037486041e-05, -1.4958222122219341e-05, 0.0009680831906356371, -6.418688468524775e-05, 0.9724606551933271, -0.23306709330364264, -0.12012479643520405, -1.6746697715712475e-09, 0.23306709378365104, 0.9724606571965999, 1.3547174215755575e-09, 0.0, 0.0, 0.0, 1.0]}, {"left_foot_pose": [0.9999999983714097, 5.700375637841749e-05, -2.784453652705433e-06, 0.0008826470923602918, -5.707172171620716e-05, 0.9988074759035677, -0.04882235985655917, -0.00011784563629321614, -1.924782844885132e-09, 0.04882235993596077, 0.9988074775302217, 0.003359234487188653, 0.0, 0.0, 0.0, 1.0], "right_foot_pose": [0.9999999979400176, 6.277860408054409e-05, -1.3372043708160177e-05, 0.0009680830543222518, -6.418695098311548e-05, 0.9780502546528098, -0.20836913219958839, -0.12012479643382008, -2.5924989444490924e-09, 0.2083691326286622, 0.9780502566676104, 2.106830924997194e-09, 0.0, 0.0, 0.0, 1.0]}, {"left_foot_pose": [0.9999999981152387, 6.138815479803413e-05, -1.009039569289659e-06, 0.0009392591701030967, -6.13964469563522e-05, 0.9998640298233673, -0.016489939231356526, -0.00012207186701473742, -3.3845724018883276e-09, 0.016489939262228036, 0.9998640317078764, 0.0015090987213499246, 0.0, 0.0, 0.0, 1.0], "right_foot_pose": [0.9999999979400143, 6.316363084824484e-05, -1.1416096145522788e-05, 0.0009680829030732585, -6.418700413698263e-05, 0.9840463614206526, -0.177912209965486, -0.12012479642763105, -3.61327998920552e-09, 0.17791221033175417, 0.9840463634478154, 2.969408989528244e-09, 0.0, 0.0, 0.0, 1.0]}, {"left_foot_pose": [0.9999999979634224, 6.380826367050115e-05, 1.2889192084741342e-06, 0.0009710017363930148, -6.382128019497884e-05, 0.9997974414690562, 0.020126399548207753, -0.00012444049127481073, -4.427517831404156e-09, -0.020126399589479562, 0.9997974435052159, 0.00021980332525228796, 0.0, 0.0, 0.0, 1.0], "right_foot_pose": [0.9999999979400135, 6.353468786615105e-05, -9.127777537088421e-06, 0.0009680827727117412, -6.418701476812143e-05, 0.9898271331422615, -0.14227523458212665, -0.1201247964195046, -4.4907489463870675e-09, 0.1422752348749262, 0.9898271351813328, 3.741309116678249e-09, 0.0, 0.0, 0.0, 1.0]}, {"left_foot_pose": [0.9999999979400404, 6.407286408610626e-05, 3.819494039934924e-06, 0.0009757851886273631, -6.418660626954933e-05, 0.9982323328450285, 0.05943236107418889, -0.0001247965899315289, -4.7408526381201316e-09, -0.05943236119692124, 0.9982323349013292, 4.0926453268030905e-09, 0.0, 0.0, 0.0, 1.0], "right_foot_pose": [0.9999999979400169, 6.384323304072337e-05, -6.633813644685784e-06, 0.0009680827238224848, -6.418696024632524e-05, 0.9946371934283489, -0.10342557386358417, -0.12012479647839736, -4.785229278784837e-09, 0.10342557407633339, 0.9946371954773162, 4.035460764162391e-09, 0.0, 0.0, 0.0, 1.0]}, {"left_foot_pose": [0.9999999979400446, 6.387305046199925e-05, 6.336026716234848e-06, 0.0009757851887767568, -6.418653901046031e-05, 0.9951227941972532, 0.09864390680189015, -0.00012479674072296467, -4.437373344096289e-09, -0.098643907005376, 0.9951227962471342, 3.805338912032941e-09, 0.0, 0.0, 0.0, 1.0], "right_foot_pose": [0.9999999979400229, 6.405449245791069e-05, -4.1201927796224355e-06, 0.0009680827653671752, -6.418686760727222e-05, 0.9979332547540133, -0.06425896774853956, -0.1201247966212346, -4.398174286379749e-09, 0.06425896788062967, 0.9979332568097509, 3.756724605008532e-09, 0.0, 0.0, 0.0, 1.0]}, {"left_foot_pose": [0.9999999979400451, 6.360143294828469e-05, 8.646868470961694e-06, 0.0009757852860777647, -6.41865297006246e-05, 0.9908918115179799, 0.13466036442363505, -0.00012479683066039457, -3.5190246960229243e-09, -0.1346603647012535, 0.9908918135591426, 3.0145373211554194e-09, 0.0, 0.0, 0.0, 1.0], "right_foot_pose": [0.9999999979709197, 6.367904332060186e-05, -1.7719346703808795e-06, 0.0009729137493192533, -6.370369136506685e-05, 0.9996112677461487, -0.02788026787491549, -0.12012482096075823, -4.142923444670415e-09, 0.02788026793122278, 0.9996112697744475, 8.978765400451116e-06, 0.0, 0.0, 0.0, 1.0]}, {"left_foot_pose": [0.9999999979400427, 6.330507290682766e-05, 1.0601100024486507e-05, 0.0009757854401715282, -6.418656846712424e-05, 0.9862728851621371, 0.16512356547155574, -0.0001247967951869388, -2.4181566594806334e-09, -0.16512356581185667, 0.9862728871937922, 2.0611940695913766e-09, 0.0, 0.0, 0.0, 1.0], "right_foot_pose": [0.9999999998949753, 1.449298993366061e-05, 4.758258087533789e-08, 0.0014650192506715444, -1.4493067966703905e-05, 0.9999949434468082, 0.0031800740189372664, -0.12012731186993822, -1.493559696962498e-09, -0.003180074019293091, 0.9999949435518319, 0.0008383177039000683, 0.0, 0.0, 0.0, 1.0]}, {"left_foot_pose": [0.999999997940039, 6.302694092496368e-05, 1.214609513588867e-05, 0.0009757855847576096, -6.418662561076114e-05, 0.9819368591435983, 0.18920888069877445, -0.0001247967762634597, -1.441562539206054e-09, -0.1892088810886286, 0.9819368611663328, 1.235055641091165e-09, 0.0, 0.0, 0.0, 1.0], "right_foot_pose": [0.9999999944750981, -0.00010507546813438687, -2.9916172046831715e-06, 0.0026611282155209704, 0.00010511804628253086, 0.9995979341121035, 0.028354171985993718, -0.1201333690201047, 1.108648227880685e-08, -0.028354172143812844, 0.9995979396347507, 0.00252923820390695, 0.0, 0.0, 0.0, 1.0]}, {"left_foot_pose": [0.9999999979400354, 6.279912243904535e-05, 1.3274035268794296e-05, 0.00097578569829363, -6.418667923259669e-05, 0.9783847347821995, 0.2067929075796269, -0.00012479677384225323, -7.003536763152376e-10, -0.2067929080056573, 0.9783847367976283, 6.232438454212286e-10, 0.0, 0.0, 0.0, 1.0], "right_foot_pose": [0.9999999606905152, -0.00028007393777995, -1.332506020534694e-05, 0.004413851363530345, 0.00028039074008869523, 0.998874656856572, 0.04742722077772029, -0.12014224560003503, 2.69364589725593e-08, -0.04742722264960436, 0.9988746961214627, 0.004390849327205355, 0.0, 0.0, 0.0, 1.0]}, {"left_foot_pose": [0.9999999979400329, 6.26431730943128e-05, 1.3991696757308339e-05, 0.0009757857732412483, -6.418671757765513e-05, 0.9759530281845981, 0.21798092269136596, -0.00012479677813217148, -2.2214853493219646e-10, -0.2179809231404138, 0.9759530301950265, 2.385181427366767e-10, 0.0, 0.0, 0.0, 1.0], "right_foot_pose": [0.9999998767012259, -0.0004956891783269871, -2.9829035256719157e-05, 0.006575799116867125, 0.0004965858749506058, 0.9981990671370481, 0.059986463216259535, -0.12015319475508877, 4.067450443561497e-08, -0.059986470632679915, 0.9981991902125712, 0.005732260513109877, 0.0, 0.0, 0.0, 1.0]}, {"left_foot_pose": [0.9999999979400318, 6.257184861092886e-05, 1.4307366099252053e-05, 0.0009757858172866526, -6.418673510355164e-05, 0.9748408470697021, 0.22290203849334625, -0.00012479677014523745, -1.2280183668112538e-11, -0.2229020389525185, 0.9748408490778437, 7.20471599047201e-11, 0.0, 0.0, 0.0, 1.0], "right_foot_pose": [0.9999997269658873, -0.0007373712446267064, -4.8495338149761605e-05, 0.008999580807009995, 0.0007389642399261268, 0.9978483010529261, 0.06556082685293735, -0.12016546947774628, 4.832228634252941e-08, -0.06556084478891608, 0.9978485734972818, 0.006000000861734141, 0.0, 0.0, 0.0, 1.0]}, {"left_foot_pose": [0.9999999979400319, 6.258872500658647e-05, 1.4233337632228959e-05, 0.0009757858451419647, -6.418673070084778e-05, 0.9751040109116715, 0.2217479735736834, -0.0001247967679854963, -6.167527125873905e-11, -0.22174797403048135, 0.9751040129203539, 1.2030477308799803e-10, 0.0, 0.0, 0.0, 1.0], "right_foot_pose": [0.9999995071871561, -0.000990719363224744, -6.403583744728774e-05, 0.011537805662481547, 0.000992786705602703, 0.997920275249774, 0.06445260754982667, -0.1201783235363717, 4.8214221130297224e-08, -0.06445263936068214, 0.9979207670348581, 0.0060000008006761765, 0.0, 0.0, 0.0, 1.0]}, {"left_foot_pose": [0.9999999979400338, 6.269206337419645e-05, 1.3770923082744253e-05, 0.0009757858423670078, -6.418670526284743e-05, 0.9767153698437944, 0.2145392322885675, -0.00012479678712823405, -3.65085163048889e-10, -0.21453923273053435, 0.9767153718557904, 3.9137987295490007e-10, 0.0, 0.0, 0.0, 1.0], "right_foot_pose": [0.999999227084515, -0.0012413068227936231, -7.062396157058235e-05, 0.014043084551196475, 0.001243314268652129, 0.9983864782197781, 0.05677054057817266, -0.12019101076981643, 4.034891691121079e-08, -0.05677058450712208, 0.9983872498858938, 0.00599821284446439, 0.0, 0.0, 0.0, 1.0]}, {"left_foot_pose": [0.9999999979400368, 6.287529423541763e-05, 1.2908322046588594e-05, 0.000975785774324924, -6.418666062614234e-05, 0.9795724182458356, 0.20109170368784218, -0.00012479677909502714, -9.362052908749442e-10, -0.201091704102143, 0.9795724202637074, 8.871315418379488e-10, 0.0, 0.0, 0.0, 1.0], "right_foot_pose": [0.999998910994703, -0.0014744936309184148, -6.227311311317458e-05, 0.016368027914596073, 0.0014758080524088853, 0.9991090124724225, 0.04217823119777451, -0.12020278394761083, 2.609528150908501e-08, -0.04217827716861928, 0.9991101005069896, 0.005241070493506847, 0.0, 0.0, 0.0, 1.0]}, {"left_foot_pose": [0.9999999979400401, 6.312301497041762e-05, 1.1636379526501699e-05, 0.0009757856736423994, -6.418660564597345e-05, 0.9834346390890534, 0.18126308647891756, -0.0001247967781145467, -1.7461788474812746e-09, -0.1812630868524229, 0.9834346411148693, 1.6087148974053278e-09, 0.0, 0.0, 0.0, 1.0], "right_foot_pose": [0.9999985962998341, -0.00167516261035901, -3.505124725815242e-05, 0.018365244620916456, 0.0016755292778687873, 0.999779874033236, 0.020914016346126198, -0.12021289751631577, 9.153353086222352e-09, -0.02091404571850918, 0.9997812774260599, 0.003581706431319623, 0.0, 0.0, 0.0, 1.0]}, {"left_foot_pose": [0.9999999979400434, 6.340910948313134e-05, 9.959862490470578e-06, 0.0009757855381465233, -6.418655637146432e-05, 0.9878942734468402, 0.15512865747832125, -0.0001247967917131533, -2.721092791266778e-09, -0.15512865779805246, 0.9878942754818332, 2.5097125072592874e-09, 0.0, 0.0, 0.0, 1.0], "right_foot_pose": [0.9999983296834442, -0.0018277027758402495, 1.1527565295559052e-05, 0.01988734540982667, 0.0018277391284181818, 0.9999784576170353, -0.006304258206450626, -0.12022060555873317, -5.006740902572406e-09, 0.006304268745725724, 0.9999801279003407, 0.001711011126550921, 0.0, 0.0, 0.0, 1.0]}, {"left_foot_pose": [0.9999999979400445, 6.36965835373497e-05, 7.915615122032677e-06, 0.0009757853836057063, -6.418653833732849e-05, 0.9923737119041718, 0.12326561483895208, -0.0001247968216406192, -3.6498278392810687e-09, -0.12326561509310661, 0.9923737139483891, 3.415697835684739e-09, 0.0, 0.0, 0.0, 1.0], "right_foot_pose": [0.9999981612144064, -0.001916265830268823, 7.411527392555049e-05, 0.020786940886019727, 0.0019176985701591502, 0.999251244341339, -0.03864289215987312, -0.12022516205448022, -9.725866166236637e-09, 0.03864296323463437, 0.9992530817527892, 0.00031987531889683674, 0.0, 0.0, 0.0, 1.0]}, {"left_foot_pose": [0.9999999979400425, 6.39398736347988e-05, 5.622187958741385e-06, 0.0009757852215338179, -6.418657508521062e-05, 0.9961620592724794, 0.08752798150361864, -0.0001247968254109444, -4.082257962503095e-09, -0.08752798168418394, 0.9961620613245088, 3.910984015809138e-09, 0.0, 0.0, 0.0, 1.0], "right_foot_pose": [0.9999981263143605, -0.0019304163139107439, 0.00014443207154475808, 0.020968076587381312, 0.0019358119144913908, 0.9972110346530542, -0.07460834402677284, -0.12022608052067858, -4.0910391422749405e-09, 0.07460848382751478, 0.9972129031159594, 4.10170301889945e-09, 0.0, 0.0, 0.0, 1.0]}, {"left_foot_pose": [0.9999999979400376, 6.410358879328274e-05, 3.2642542452375866e-06, 0.000975785100015273, -6.418664531484228e-05, 0.9987090932085532, 0.0507951082548756, -0.00012479672609596627, -3.8916653312748025e-09, -0.05079510835976142, 0.9987090952658442, 3.8192667084491205e-09, 0.0, 0.0, 0.0, 1.0], "right_foot_pose": [0.9999981263144693, -0.00192378252106384, 0.00021547241583953942, 0.020968076441065745, 0.001935811858193579, 0.9937842615985591, -0.11130630724022879, -0.12022608043082242, -3.967317072342096e-09, 0.11130651580126899, 0.9937861236403845, 3.960346176001828e-09, 0.0, 0.0, 0.0, 1.0]}, {"left_foot_pose": [0.9999999979400334, 6.417832225761047e-05, 1.0377952409644842e-06, 0.0009757851881401622, -6.418671246257505e-05, 0.9998700752485509, 0.016119196708403973, -0.0001247966523790535, -3.157404832113432e-09, -0.016119196741811934, 0.999870077308247, 3.1821122403741242e-09, 0.0, 0.0, 0.0, 1.0], "right_foot_pose": [0.9999981263144838, -0.0019151850333571291, 0.0002818400417781851, 0.02096807647284701, 0.0019358118506544479, 0.989343008928584, -0.14559073911693243, -0.1202260803301737, -3.270417354913963e-09, 0.145591011914966, 0.9893448626488014, 3.2970022476042082e-09, 0.0, 0.0, 0.0, 1.0]}, {"left_foot_pose": [0.9999999998760689, -1.5742013087713753e-05, 2.2696352780545583e-07, 0.0017702885237449487, 1.5743646762740073e-05, 0.9999038658474683, -0.013865742512633544, -0.00012405439245935512, -8.667008749805658e-09, 0.013865742514488062, 0.9999038659713856, 0.0006826700371545119, 0.0, 0.0, 0.0, 1.0], "right_foot_pose": [0.9999981263144098, -0.0019059653597993463, 0.00033862031390676075, 0.020968076596640378, 0.0019358118890378541, 0.984580268618839, -0.17492268943389003, -0.12022608034433631, -2.292922362803576e-09, 0.1749230171889968, 0.9845821134153809, 2.33511690539423e-09, 0.0, 0.0, 0.0, 1.0]}, {"left_foot_pose": [0.9999999712165144, -0.000239752997755243, 9.245084774294281e-06, 0.003998694702817741, 0.00023993117842705113, 0.9992627505449521, -0.03839137671883596, -0.0001219692719251382, -3.38211844136156e-08, 0.03839137783198207, 0.9992627793069055, 0.002308087953920464, 0.0, 0.0, 0.0, 1.0], "right_foot_pose": [0.9999981263143021, -0.0018973730616713505, 0.00038385329210351247, 0.020968076727681542, 0.0019358119446405613, 0.9801415823062893, -0.1982895137576333, -0.12022608034006915, -1.3912803659673644e-09, 0.198289885293195, 0.9801434187864606, 1.4798569869522993e-09, 0.0, 0.0, 0.0, 1.0]}, {"left_foot_pose": [0.9999998324316262, -0.0005779600702304816, 3.314932559124154e-05, 0.007368114811325858, 0.0005789099379353315, 0.9983655404292314, -0.05714816310900412, -0.00011881575852558217, -6.578799475816683e-08, 0.05714817272325303, 0.9983657077215691, 0.004185478101606445, 0.0, 0.0, 0.0, 1.0], "right_foot_pose": [0.9999981263142008, -0.001890340485153628, 0.0004171102224499603, 0.020968076832138766, 0.0019358119969364084, 0.9765086151095308, -0.21546966665584097, -0.12022608032168329, -6.914707046627057e-10, 0.2154700703803588, 0.9765104447829953, 8.332971743185702e-10, 0.0, 0.0, 0.0, 1.0]}, {"left_foot_pose": [0.9999994967932342, -0.0010007579688643647, 6.997690769074594e-05, 0.011585540435039985, 0.0010032015106764768, 0.9975702801703156, -0.06966010126067912, -0.00011486845929509909, -9.398196223815302e-08, 0.06966013640818397, 0.9975707821481069, 0.005623949483659636, 0.0, 0.0, 0.0, 1.0], "right_foot_pose": [0.9999981263141273, -0.001885494359247908, 0.00043849658556323394, 0.020968076896878334, 0.0019358120348593715, 0.9740051433507478, -0.22651762262140834, -0.12022608030349666, -2.299575433240831e-10, 0.2265180470455063, 0.9740069683337431, 4.1130892441954003e-10, 0.0, 0.0, 0.0, 1.0]}, {"left_foot_pose": [0.9999988998694482, -0.0014791008355826325, 0.00011189554367071934, 0.016357961641849474, 0.0014833273011396197, 0.9971552026284407, -0.07536114125431025, -0.00011040212349404215, -1.1049652267808186e-07, 0.07536122432493074, 0.9971562996181874, 0.006000003538830026, 0.0, 0.0, 0.0, 1.0], "right_foot_pose": [0.9999981263140922, -0.0018832108187658869, 0.0004482023168313064, 0.02096807693289511, 0.0019358120530489995, 0.9728254823043817, -0.2315314959372543, -0.12022608030550895, -1.7007279780832627e-11, 0.23153192975540013, 0.9728273050771862, 2.066469009798233e-10, 0.0, 0.0, 0.0, 1.0]}, {"left_foot_pose": [0.9999980203283241, -0.001984268482326166, 0.0001483847150427839, 0.02139236616314478, 0.001989808890600654, 0.9972178204812677, -0.07451616720665312, -0.0001056908724716369, -1.1180011580886128e-07, 0.07451631494633235, 0.997219794632461, 0.006000003696419828, 0.0, 0.0, 0.0, 1.0], "right_foot_pose": [0.9999981263140977, -0.0018835965648900182, 0.0004465784076390786, 0.02096807696921292, 0.0019358120501316428, 0.9730247554251584, -0.2306926049129393, -0.12022608031216019, -4.7711671714250055e-11, 0.2306930371593204, 0.9730265785713195, 2.1478470391134152e-10, 0.0, 0.0, 0.0, 1.0]}, {"left_foot_pose": [0.9999968920513802, -0.0024875072093632367, 0.00016791505249717952, 0.026395746059886267, 0.0024931681796357768, 0.997728943424468, -0.06731076857029406, -0.00010100856527642949, -9.768582692104701e-08, 0.06731097801234917, 0.9977320443079961, 0.006000003469019882, 0.0, 0.0, 0.0, 1.0], "right_foot_pose": [0.9999981263141429, -0.0018866037099901395, 0.0004336987947584777, 0.020968076973529225, 0.0019358120268051712, 0.9745782233640847, -0.224039146526453, -0.12022608029792317, -3.1585119384607467e-10, 0.22403956630681546, 0.9745800494208026, 4.3964223928050217e-10, 0.0, 0.0, 0.0, 1.0]}, {"left_foot_pose": [0.9999956075580005, -0.002960315992721124, 0.00014626663892347084, 0.031075093300376205, 0.0029639272430591747, 0.9987783007137792, -0.049326677960255805, -9.66302399569418e-05, -6.53914418236678e-08, 0.04932689481935935, 0.9987826877992412, 0.005390335656537813, 0.0, 0.0, 0.0, 1.0], "right_foot_pose": [0.999998126314239, -0.001893632004205379, 0.0004019027791254544, 0.020968076902556337, 0.0019358119772382293, 0.9782089742521052, -0.20761371661003863, -0.12022608030612897, -9.270326316485702e-10, 0.20761410561538732, 0.978210807111393, 9.6075209593538e-10, 0.0, 0.0, 0.0, 1.0]}, {"left_foot_pose": [0.9999943127375157, -0.003371287653445455, 9.440435622676452e-05, 0.03513739523712597, 0.003372609171506937, 0.9996027411919639, -0.02798187464929419, -9.282939829344077e-05, -3.1904739681467235e-08, 0.02798203389802556, 0.9996084262244539, 0.003801255119933851, 0.0, 0.0, 0.0, 1.0], "right_foot_pose": [0.9999981263143474, -0.0019013080841447365, 0.000363861736574836, 0.020968076805686648, 0.0019358119211779208, 0.9821743645803785, -0.18796215095953614, -0.12022608030659919, -1.7127826838199144e-09, 0.18796250314543778, 0.9821762048692184, 1.6590318216436195e-09, 0.0, 0.0, 0.0, 1.0]}, {"left_foot_pose": [0.9999931928991248, -0.003689735386675374, 2.862017714052175e-06, 0.038289643179704444, 0.0036897364966651225, 0.9999928927216938, -0.0007748230025541423, -8.987970901555391e-05, -3.105522387055244e-09, 0.0007748282883466992, 0.9999996998205174, 0.001919562062436278, 0.0, 0.0, 0.0, 1.0], "right_foot_pose": [0.9999981263144506, -0.0019102018124339767, 0.0003138417179955472, 0.020968076681858287, 0.0019358118679699604, 0.9867687552321663, -0.16212241155982363, -0.12022608028690765, -2.677008754677057e-09, 0.16212271533192604, 0.9867706041291479, 2.557159081706395e-09, 0.0, 0.0, 0.0, 1.0]}, {"left_foot_pose": [0.9999924501277724, -0.0038839024227135094, -0.00012243131343008253, 0.04023882871864122, 0.0038858316298577135, 0.9994960485598209, 0.03150474925862849, -8.80549755801225e-05, 8.242020695331661e-09, -0.03150498714926754, 0.9995035946832437, 0.00043614766130018606, 0.0, 0.0, 0.0, 1.0], "right_foot_pose": [0.9999981263144995, -0.0019192501120411142, 0.0002526786446013923, 0.020968076541674936, 0.0019358118426113706, 0.9914429429610068, -0.13052640914898309, -0.12022608024583858, -3.633643844772573e-09, 0.13052665372185518, 0.9914448006158361, 3.503838656715441e-09, 0.0, 0.0, 0.0, 1.0]}, {"left_foot_pose": [0.9999922546964666, -0.003926824934601308, -0.00026569345307801847, 0.040735548226864704, 0.003935803231616166, 0.9977110158356256, 0.06750732058945286, -8.758878240452614e-05, -4.1447875771212134e-09, -0.06750784344191571, 0.9977187434712361, 4.355459222449287e-09, 0.0, 0.0, 0.0, 1.0], "right_foot_pose": [0.9999981263144425, -0.0019270931194625286, 0.00018352033367897958, 0.020968076438054418, 0.0019358118720413666, 0.9954944127807765, -0.09480045756563303, -0.12022608022098549, -4.157312480673294e-09, 0.09480063520022537, 0.9954962780270119, 4.077211672448566e-09, 0.0, 0.0, 0.0, 1.0]}, {"left_foot_pose": [0.9999922546962088, -0.00391421208991486, -0.00041169322130090016, 0.04073554810891751, 0.00393580329707751, 0.9945063424283386, 0.10460231509013458, -8.758889582078516e-05, -4.126640408750468e-09, -0.104603125256965, 0.9945140452434426, 4.264036922163594e-09, 0.0, 0.0, 0.0, 1.0], "right_foot_pose": [0.9999981263143058, -0.0019325849864681546, 0.00011172800753668457, 0.0209680763483448, 0.0019358119427190647, 0.9983312725739402, -0.05771414759848258, -0.12022608033536072, -4.068790665464571e-09, 0.057714255744721006, 0.998333143136014, 4.020380028890713e-09, 0.0, 0.0, 0.0, 1.0]}, {"left_foot_pose": [0.9999922546961512, -0.003897252533224203, -0.0005495183353041314, 0.04073554800676785, 0.003935803311720286, 0.990197313998207, 0.1396201590137619, -8.758896718689436e-05, -3.4387949783178543e-09, -0.13962124040929116, 0.9902049834385663, 3.5891428371015444e-09, 0.0, 0.0, 0.0, 1.0], "right_foot_pose": [0.999998126314161, -0.001935329485729135, 4.321977510053575e-05, 0.02096807630256288, 0.0019358120175475013, 0.9997488994080904, -0.022324667167604794, -0.12022608039428806, -3.3359608929362746e-09, 0.02232470900355191, 0.9997507726268116, 3.4263797146771857e-09, 0.0, 0.0, 0.0, 1.0]}, {"left_foot_pose": [0.9999922546962912, -0.003878604248903021, -0.0006685630182059899, 0.04073554807989094, 0.003935803276196317, 0.9854592624152844, 0.16986627555961611, -8.758895693327176e-05, -2.439331713075889e-09, -0.16986759122623957, 0.9854668951573139, 2.580916723393667e-09, 0.0, 0.0, 0.0, 1.0], "right_foot_pose": [0.99999800343221, -0.0019982094482498517, -1.704681452878479e-05, 0.0215965270611667, 0.0019982821604966634, 0.9999616213149519, 0.008530109353322273, -0.12022423420595614, 1.215189973504906e-09, -0.008530126386726258, 0.9999636178100813, 0.0005400726112047144, 0.0, 0.0, 0.0, 1.0]}, {"left_foot_pose": [0.9999922546965105, -0.003860884891077906, -0.0007642740662560521, 0.04073554819816307, 0.0039358032205008345, 0.9809572477925594, 0.19418390112534364, -8.758896123985029e-05, -1.5053518405901374e-09, -0.19418540514442817, 0.9809648456641531, 1.665461907274235e-09, 0.0, 0.0, 0.0, 1.0], "right_foot_pose": [0.9999975645143288, -0.0022057584557586872, -7.480003776531717e-05, 0.023696494879788088, 0.002207026372778019, 0.9994234701033539, 0.03388003012336856, -0.12021806869997072, 2.5750381206927705e-08, -0.03388011269469687, 0.9994259041888967, 0.0020904247100337545, 0.0, 0.0, 0.0, 1.0]}, {"left_foot_pose": [0.9999922546967235, -0.003846089695960215, -0.000835548092483027, 0.04073554830395952, 0.003935803166346722, 0.9771981933164096, 0.21229272345650918, -8.758898178663765e-05, -7.698103939294375e-10, -0.2122943677378109, 0.977205762072044, 9.632337011344916e-10, 0.0, 0.0, 0.0, 1.0], "right_foot_pose": [0.999996789342448, -0.0025304031185658725, -0.00013551698364104155, 0.02698614642097858, 0.0025340293589241397, 0.9985670089567529, 0.053455657496397004, -0.12020841114927762, 5.842658319755609e-08, -0.053455829272601944, 0.9985702150158371, 0.003974030408950745, 0.0, 0.0, 0.0, 1.0]}, {"left_foot_pose": [0.9999922546968822, -0.0038355777223588457, -0.0008825473255261591, 0.04073554837815721, 0.003935803125926261, 0.9745273913444132, 0.22423396926694028, -8.758900451150305e-05, -2.7423360040729696e-10, -0.22423570603940196, 0.9745349394131599, 4.93359464392995e-10, 0.0, 0.0, 0.0, 1.0], "right_foot_pose": [0.9999956492931581, -0.002943209359085953, -0.00019726485525259926, 0.03116893414783034, 0.00294981266298898, 0.9977591099491562, 0.06684352712657379, -0.12019613177477502, 8.831176766699044e-08, -0.06684381820435117, 0.9977634509080072, 0.005499998641790793, 0.0, 0.0, 0.0, 1.0]}, {"left_foot_pose": [0.9999922546969674, -0.0038310557369573973, -0.0009019745101164626, 0.040735548428607715, 0.003935803104396381, 0.9733784840333615, 0.2291698851831089, -8.758900885371193e-05, -2.2075022415514944e-11, -0.2291716601869794, 0.9733860232030991, 2.467395038285858e-10, 0.0, 0.0, 0.0, 1.0], "right_foot_pose": [0.9999941350211052, -0.0034158854114830967, -0.0002482946780935926, 0.03594830945200509, 0.003424897572252222, 0.9973650165259809, 0.07246581184771944, -0.12018210067500684, 1.0551619821252337e-07, -0.07246623722110278, 0.9973708660588617, 0.0060000033000628394, 0.0, 0.0, 0.0, 1.0]}, {"left_foot_pose": [0.9999922546969588, -0.003831517698009362, -0.0009000101238502557, 0.04073554847839199, 0.003935803106507527, 0.9734958553738011, 0.2286707874301801, -8.758900315134106e-05, -4.3693946297803797e-11, -0.2286725585682764, 0.9735033954526502, 2.371060708883377e-10, 0.0, 0.0, 0.0, 1.0], "right_foot_pose": [0.9999922782835344, -0.0039195910205986, -0.0002831599155912154, 0.041027720472816394, 0.003929805757907942, 0.9973949799431044, 0.0720264577151992, -0.12016718840014026, 1