{"LoopMode": "Wrap", "FrameDuration": 0.0167, "EnableCycleOffsetPosition": true, "EnableCycleOffsetRotation": false, "Debug_info": [{"left_foot_pose": [0.9999999999884726, 4.785130400566569e-06, 3.974043959464019e-07, 0.00019842111302271817, -4.801604232063508e-06, 0.9965691632582974, 0.08276413969590064, -6.676505781610075e-05, -3.765537745234218e-12, -0.08276413969685505, 0.9965691632697854, 3.2324837251351823e-12, 0.0, 0.0, 0.0, 1.0], "right_foot_pose": [0.9999999979400312, 6.398293128510394e-05, -5.110932503438697e-06, 0.0009680834198771603, -6.418673637819799e-05, 0.9968248031031633, -0.07962604974757198, -0.12012479653779061, -3.783280045316682e-12, 0.07962604991159872, 0.996824805156591, 3.1225994012729075e-12, 0.0, 0.0, 0.0, 1.0]}, {"left_foot_pose": [0.9999999999884724, 4.785771399304062e-06, 3.896043873074212e-07, 0.0001984211118494707, -4.801603842663748e-06, 0.9967029138325225, 0.08113754700941078, -6.676505823768886e-05, -1.407621823315341e-11, -0.08113754701034653, 0.9967029138440126, 1.2160585038945015e-11, 0.0, 0.0, 0.0, 1.0], "right_foot_pose": [0.9999999979400315, 6.397449561567424e-05, -5.215466289843433e-06, 0.000968083419044686, -6.418673677555158e-05, 0.996693359867823, -0.0812547984764798, -0.12012479653858443, -1.4129320948792655e-11, 0.08125479864386104, 0.9966933619209801, 1.2173491381606283e-11, 0.0, 0.0, 0.0, 1.0]}, {"left_foot_pose": [0.9999999999884728, 4.786806310327987e-06, 3.7666801877547503e-07, 0.0001984211094962903, -4.8016032161155765e-06, 0.9969188587065152, 0.07843971654872692, -6.676505856865328e-05, -3.17213543848382e-11, -0.07843971654963162, 0.9969188587180075, 2.742331361993422e-11, 0.0, 0.0, 0.0, 1.0], "right_foot_pose": [0.9999999979400311, 6.396013579157493e-05, -5.388719505117716e-06, 0.0009680834171102144, -6.418673748039126e-05, 0.9964696056508533, -0.08395427859314573, -0.1201247965395166, -3.1858944781307197e-11, 0.08395427876608669, 0.9964696077035496, 2.7733523810802296e-11, 0.0, 0.0, 0.0, 1.0]}, {"left_foot_pose": [0.9999999999884727, 4.7881974533334906e-06, 3.5854006735771817e-07, 0.00019842110598418934, -4.801602422716639e-06, 0.9972091033466334, 0.07465925381055583, -6.676505868395514e-05, -5.617014845836134e-11, -0.07465925381141705, 0.997209103358129, 4.853738244658956e-11, 0.0, 0.0, 0.0, 1.0], "right_foot_pose": [0.9999999979400311, 6.393924043832876e-05, -5.631246251636638e-06, 0.0009680834140223721, -6.418673852259578e-05, 0.9961440138947815, -0.08773311496610557, -0.12012479654042821, -5.648803870689286e-11, 0.08773311514682922, 0.9961440159468075, 4.9240438115827345e-11, 0.0, 0.0, 0.0, 1.0]}, {"left_foot_pose": [0.9999999999884728, 4.789881653758084e-06, 3.352776665187766e-07, 0.00019842110133043696, -4.80160154116072e-06, 0.9975604379728347, 0.06980811248266064, -6.676505844459106e-05, -8.713860552346504e-11, -0.06980811248346612, 0.997560437984334, 7.526700790405627e-11, 0.0, 0.0, 0.0, 1.0], "right_foot_pose": [0.999999997940031, 6.391110859776375e-05, -5.942035370965441e-06, 0.0009680834097304179, -6.418673995875857e-05, 0.9957056609987958, -0.0925755504170185, -0.12012479654116094, -8.779955428464344e-11, 0.09257555060771547, 0.9957056630499187, 7.637716847863629e-11, 0.0, 0.0, 0.0, 1.0]}, {"left_foot_pose": [0.9999999999884728, 4.79178310678149e-06, 3.068932218907275e-07, 0.00019842109546817552, -4.80160064701929e-06, 0.9979570247978672, 0.06388878331549601, -6.676505767407026e-05, -1.2505421698066884e-10, -0.06388878331623343, 0.9979570248093713, 1.080287179155981e-10, 0.0, 0.0, 0.0, 1.0], "right_foot_pose": [0.9999999979400311, 6.387478067487389e-05, -6.320619316103007e-06, 0.0009680834041029649, -6.418674189256057e-05, 0.9951395914719291, -0.09847430814757847, -0.12012479654154863, -1.2631102205266606e-10, 0.09847430835042421, 0.9951395935218865, 1.0949558620909627e-10, 0.0, 0.0, 0.0, 1.0]}, {"left_foot_pose": [0.9999999999884726, 4.793816273578372e-06, 2.7328815649365865e-07, 0.00019842108822044864, -4.801599821834981e-06, 0.9983809954650174, 0.056880470033451154, -6.676505612825644e-05, -1.7117902864541882e-10, -0.05688047003410798, 0.9983809954765263, 1.4800297792882944e-10, 0.0, 0.0, 0.0, 1.0], "right_foot_pose": [0.9999999979400307, 6.382893532243997e-05, -6.767952707154524e-06, 0.0009680833968917516, -6.41867444898622e-05, 0.9944252105749741, -0.1054442812720559, -0.12012479654138936, -1.734136068237881e-10, 0.10544428148925664, 0.9944252126234602, 1.497243093395717e-10, 0.0, 0.0, 0.0, 1.0]}, {"left_foot_pose": [0.9999999999884727, 4.795882773471074e-06, 2.3422874045877743e-07, 0.00019842107928873243, -4.8015991736989345e-06, 0.9988117904731877, 0.04873404547839731, -6.676505345333886e-05, -2.276587125553779e-10, -0.04873404547896051, 0.9988117904847017, 1.9718523341927252e-10, 0.0, 0.0, 0.0, 1.0], "right_foot_pose": [0.9999999979400307, 6.377179925760126e-05, -7.286716556421047e-06, 0.0009680833877053881, -6.418674799885404e-05, 0.9935348781475816, -0.11352727330616025, -0.12012479654040525, -2.314376107962732e-10, 0.11352727354000802, 0.9935348801942345, 1.9901015557710622e-10, 0.0, 0.0, 0.0, 1.0]}, {"left_foot_pose": [0.9999999999884727, 4.797864284004018e-06, 1.8934123779948082e-07, 0.00019842106825393834, -4.801598869183649e-06, 0.9992246598493509, 0.03937104425709858, -6.676504912989621e-05, -2.9750713486031794e-10, -0.039371044257554166, 0.9992246598608698, 2.583978378489782e-10, 0.0, 0.0, 0.0, 1.0], "right_foot_pose": [0.9999999979400304, 6.370104781408954e-05, -7.881353878914031e-06, 0.0009680833759905752, -6.418675277253193e-05, 0.9924323578107502, -0.12279255291040987, -0.12012479653818758, -3.0367145836210943e-10, 0.12279255316333926, 0.9924323598551331, 2.601155055237392e-10, 0.0, 0.0, 0.0, 1.0]}, {"left_foot_pose": [0.9999999999884726, 4.799612226270194e-06, 1.381205158023335e-07, 0.0001984210545875594, -4.801599176161258e-06, 0.999588487274437, 0.028685468191194628, -6.676504240434207e-05, -3.8455384229109526e-10, -0.028685468191527473, 0.99958848728596, 3.3528126108794964e-10, 0.0, 0.0, 0.0, 1.0], "right_foot_pose": [0.9999999979400298, 6.361369450309547e-05, -8.557916831520237e-06, 0.0009680833610210829, -6.418675929401008e-05, 0.9910710946083632, -0.13333447158121037, -0.12012479653413193, -3.9434037984919675e-10, 0.13333447185585015, 0.9910710966499432, 3.365968059831914e-10, 0.0, 0.0, 0.0, 1.0]}, {"left_foot_pose": [0.9999999999884727, 4.800934770083408e-06, 7.995694484277603e-08, 0.00019842103770464266, -4.801600517885364e-06, 0.9998630483310413, 0.016549457970082893, -6.676503222422837e-05, -4.931264829201274e-10, -0.016549457970276352, 0.9998630483425675, 4.320822657999379e-10, 0.0, 0.0, 0.0, 1.0], "right_foot_pose": [0.9999999979400295, 6.350598818592485e-05, -9.323662095051474e-06, 0.0009680833419281294, -6.418676818529185e-05, 0.9893926117092069, -0.1452661549545985, -0.12012479652737298, -5.083296329852225e-10, 0.14526615525380998, 0.9893926137473313, 4.3257551707309716e-10, 0.0, 0.0, 0.0, 1.0]}, {"left_foot_pose": [0.9999999999884727, 4.80158257379252e-06, 1.419835532470359e-08, 0.0001984210171408362, -4.8016035248771665e-06, 0.9999960055952861, 0.002826441299216483, -6.676501724687915e-05, -6.269073320885574e-10, -0.0028264412992523935, 0.9999960056068138, 5.527279328676471e-10, 0.0, 0.0, 0.0, 1.0], "right_foot_pose": [0.9999999979400287, 6.337337440638788e-05, -1.0186175043669858e-05, 0.0009680833178721522, -6.418678014394532e-05, 0.9873259099333314, -0.1587058393833593, -0.12012479651677178, -6.500359773167956e-10, 0.15870583971024738, 0.9873259119672011, 5.517997656023788e-10, 0.0, 0.0, 0.0, 1.0]}, {"left_foot_pose": [0.9999999999884726, 4.801237767239314e-06, -5.971362510024203e-08, 0.00019842099298437183, -4.801609021318777e-06, 0.9999206186503263, -0.01259985614578136, -6.67649961031587e-05, -7.860204560575733e-10, 0.012599856145922517, 0.9999206186618531, 6.983211578437398e-10, 0.0, 0.0, 0.0, 1.0], "right_foot_pose": [0.9999999979400275, 6.32106669159924e-05, -1.1151516907448802e-05, 0.0009680832885324961, -6.418679568744682e-05, 0.9847901515881454, -0.17374795888024983, -0.12012479650110194, -8.203305483950935e-10, 0.17374795923811379, 0.9847901536167951, 6.951467665383682e-10, 0.0, 0.0, 0.0, 1.0]}, {"left_foot_pose": [0.9999999999884728, 4.7995193570747364e-06, -1.4194373593188022e-07, 0.0001984209669089401, -4.8016177647317615e-06, 0.9995570294734233, -0.029761465138856368, -6.676496841163775e-05, -9.598692198262858e-10, 0.02976146513919452, 0.9995570294849461, 8.606939883026854e-10, 0.0, 0.0, 0.0, 1.0], "right_foot_pose": [0.9999999979400264, 6.301279630423345e-05, -1.222025557468025e-05, 0.0009680832553921742, -6.418681440427965e-05, 0.9817063624174335, -0.19040119187963075, -0.12012479647982942, -1.0088718962225784e-09, 0.19040119227178842, 0.981706364439735, 8.542580948178724e-10, 0.0, 0.0, 0.0, 1.0]}, {"left_foot_pose": [0.9999999999884728, 4.796040021004126e-06, -2.3161804235680532e-07, 0.00019842094450207986, -4.801629469636633e-06, 0.9988247147404988, -0.048468435094467896, -6.676493768581482e-05, -1.1107295791835495e-09, 0.04846843509502098, 0.9988247147520133, 1.0070765332770293e-09, 0.0, 0.0, 0.0, 1.0], "right_foot_pose": [0.9999999979400249, 6.277698252316656e-05, -1.3379088399601487e-05, 0.0009680832248122397, -6.418683307138393e-05, 0.9780313843866537, -0.20845768643726398, -0.12012479645539048, -1.1761891518878975e-09, 0.20845768686660746, 0.9780313864013891, 9.96524522622888e-10, 0.0, 0.0, 0.0, 1.0]}, {"left_foot_pose": [0.9999999999884726, 4.7905990063105175e-06, -3.2544097305917506e-07, 0.0001984209395870605, -4.8016402776889954e-06, 0.9976843290848432, -0.06801455340933744, -6.676491779791967e-05, -1.1430931622025347e-09, 0.06801455341011568, 0.9976843290963447, 1.050162672100452e-09, 0.0, 0.0, 0.0, 1.0], "right_foot_pose": [0.9999999979400245, 6.250824644161598e-05, -1.4583202724516777e-05, 0.0009680832140497741, -6.418684190248952e-05, 0.9738439740574559, -0.22721775914754236, -0.12012479643828378, -1.2195890241417538e-09, 0.22721775961552887, 0.9738439760635682, 1.036026625600428e-09, 0.0, 0.0, 0.0, 1.0]}, {"left_foot_pose": [0.9999999999881658, 4.846938755615916e-06, -4.2048770432243597e-07, 0.00019925220218280554, -4.865143842657397e-06, 0.9962443045725631, -0.08658686726670267, -6.682720295961113e-05, -7.727623215971699e-10, 0.08658686726772333, 0.996244304584354, 3.9327223123018784e-05, 0.0, 0.0, 0.0, 1.0], "right_foot_pose": [0.999999997940026, 6.223205060972195e-05, -1.5720054554968977e-05, 0.0009680832558205624, -6.418682292628487e-05, 0.9695419025729538, -0.24492548874151315, -0.12012479646422528, -9.638093925444317e-10, 0.24492548924599317, 0.9695419045702, 8.157492459304194e-10, 0.0, 0.0, 0.0, 1.0]}, {"left_foot_pose": [0.9999999999782536, 6.560175952710413e-06, -6.767550875254129e-07, 0.00022189601336350655, -6.5949909726911275e-06, 0.9947242673853419, -0.1025847543799847, -6.851822411683972e-05, 2.1066956319736263e-10, 0.10258475438221665, 0.994724267406974, 0.0010058886398188888, 0.0, 0.0, 0.0, 1.0], "right_foot_pose": [0.9999999979400278, 6.198688313301593e-05, -1.666044913123435e-05, 0.0009680833217550926, -6.418679182999893e-05, 0.9657240153855725, -0.2595710345697729, -0.12012479652505129, -6.035515879645223e-10, 0.25957103510444424, 0.9657240173749473, 4.914929366273135e-10, 0.0, 0.0, 0.0, 1.0]}, {"left_foot_pose": [0.9999999999462973, 1.0294563508931029e-05, -1.1952750387235951e-06, 0.00027122923189019807, -1.0363721279286664e-05, 0.9933405331344367, -0.11521538579889164, -7.220107849883681e-05, 1.2230376566374184e-09, 0.11521538580509133, 0.9933405331877808, 0.0027527501557184086, 0.0, 0.0, 0.0, 1.0], "right_foot_pose": [0.9999999979400298, 6.179699340974013e-05, -1.7351429593304628e-05, 0.0009680833778129467, -6.418676267994364e-05, 0.9627673048401192, -0.27033148653265066, -0.12012479654987095, -2.8398721563986574e-10, 0.27033148708950766, 0.9627673068233962, 2.2045326675268484e-10, 0.0, 0.0, 0.0, 1.0]}, {"left_foot_pose": [0.9999999998762259, 1.5612770012328763e-05, -1.9469222783954933e-06, 0.0003415231832706058, -1.5733692810991502e-05, 0.9923307606856506, -0.1236109264971745, -7.744829120786417e-05, 2.081898611836873e-09, 0.12361092651250655, 0.992330760808472, 0.0045890208487631146, 0.0, 0.0, 0.0, 1.0], "right_foot_pose": [0.9999999979400308, 6.167769118059937e-05, -1.7770773112491446e-05, 0.0009680834129208869, -6.418674291769378e-05, 0.9609098110611137, -0.27686157351022395, -0.12012479654804503, -7.239673801417386e-11, 0.2768615740805455, 0.9609098130405592, 5.064769437179706e-11, 0.0, 0.0, 0.0, 1.0]}, {"left_foot_pose": [0.999999999752085, 2.2087054183721743e-05, -2.82720857142133e-06, 0.0004270490466894327, -2.226726440380601e-05, 0.9919217726986896, -0.12685107942173493, -8.38325755567193e-05, 2.6030734142198535e-09, 0.12685107945324042, 0.9919217729445952, 0.0058238102363007554, 0.0, 0.0, 0.0, 1.0], "right_foot_pose": [0.9999999979400314, 6.163838290883571e-05, -1.7906614971475078e-05, 0.0009680834231635434, -6.418673622599922e-05, 0.9602978179488921, -0.2789768748886888, -0.12012479653614609, -1.5339427578285946e-13, 0.27897687546337213, 0.9602978199270755, -2.652530972646616e-12, 0.0, 0.0, 0.0, 1.0]}, {"left_foot_pose": [0.9999999995640849, 2.92976695329491e-05, -3.6712691105505683e-06, 0.0005220778563176563, -2.9526795456075956e-05, 0.9922512173686857, -0.12424781993471913, -9.092662008847868e-05, 2.649675499267068e-09, 0.124247819988958, 0.9922512178012141, 0.0060000000691383185, 0.0, 0.0, 0.0, 1.0], "right_foot_pose": [0.9999999979400307, 6.168372189368289e-05, -1.7749833950365025e-05, 0.000968083410210848, -6.418674436289952e-05, 0.9610036968484231, -0.2765355140370332, -0.12012479652385885, -8.369720186523732e-11, 0.2765355146066824, 0.9610036988280624, 6.478285269340134e-11, 0.0, 0.0, 0.0, 1.0]}, {"left_foot_pose": [0.9999999993127361, 3.6822097108572086e-05, -4.3200055810938995e-06, 0.0006208808702411416, -3.7074644685796735e-05, 0.9931952184736679, -0.11646139543434449, -9.830240850092903e-05, 2.256074547349396e-09, 0.11646139551446699, 0.993195219156246, 0.006000000279594381, 0.0, 0.0, 0.0, 1.0], "right_foot_pose": [0.9999999979400293, 6.181165045750437e-05, -1.7299161203521623e-05, 0.0009680833734632514, -6.418676740977005e-05, 0.9629954072838304, -0.2695177942739754, -0.12012479649292856, -3.269030613856373e-10, 0.2695177948291536, 0.9629954092675781, 2.632002463198724e-10, 0.0, 0.0, 0.0, 1.0]}, {"left_foot_pose": [0.9999999990110691, 4.423446732196035e-05, -4.6016619275065596e-06, 0.000717729334125195, -4.447317606969443e-05, 0.994635807094875, -0.10343891563074457, -0.00010553241129658553, 1.4123915159094856e-09, 0.10343891573310074, 0.9946358080784953, 0.005978465129276404, 0.0, 0.0, 0.0, 1.0], "right_foot_pose": [0.9999999979400269, 6.201854219785827e-05, -1.654226376601778e-05, 0.0009680833079029084, -6.418680601406545e-05, 0.9662164750071804, -0.2577318748326491, -0.12012479645490133, -7.473703411900862e-10, 0.2577318753635233, 0.9662164769975728, 6.063701207814631e-10, 0.0, 0.0, 0.0, 1.0]}, {"left_foot_pose": [0.9999999986849376, 5.110173921814961e-05, -4.328757429173734e-06, 0.0008068943538298504, -5.128475301639832e-05, 0.9964316032142124, -0.08440413192391387, -0.00011218969772112605, 1.127663625113277e-10, 0.08440413203491601, 0.9964316045245823, 0.005079319855027131, 0.0, 0.0, 0.0, 1.0], "right_foot_pose": [0.9999999979400234, 6.229834206635069e-05, -1.5455404807907447e-05, 0.000968083211467134, -6.41868597153411e-05, 0.9705726797213582, -0.2408083662553052, -0.12012479645700852, -1.3683129202874893e-09, 0.24080836675127934, 0.9705726817207361, 1.1009111192117338e-09, 0.0, 0.0, 0.0, 1.0]}, {"left_foot_pose": [0.9999999983714092, 5.69701276318812e-05, -3.4039392457506856e-06, 0.0008826472449750958, -5.707172892924863e-05, 0.9982183687528144, -0.05966644808674968, -0.00011784550196575899, -1.3304817947390096e-09, 0.05966644818384582, 0.9982183703785086, 0.003359234112028292, 0.0, 0.0, 0.0, 1.0], "right_foot_pose": [0.9999999979400196, 6.263613789564351e-05, -1.4024084185271714e-05, 0.0009680830920094929, -6.418692003108064e-05, 0.9758322600328679, -0.21852092842376614, -0.12012479645234929, -2.1532406012395823e-09, 0.2185209288737799, 0.9758322620430935, 1.742154427664122e-09, 0.0, 0.0, 0.0, 1.0]}, {"left_foot_pose": [0.9999999981152374, 6.136874927667319e-05, -1.8445491314367189e-06, 0.0009392593485113373, -6.139646359598409e-05, 0.9995472886779663, -0.030086773289963054, -0.0001220717204272366, -2.6735635141539763e-09, 0.030086773346505096, 0.9995472905618807, 0.0015090981933870568, 0.0, 0.0, 0.0, 1.0], "right_foot_pose": [0.9999999979400163, 6.300692379279892e-05, -1.2251322431711605e-05, 0.0009680829622795904, -6.418697171578813e-05, 0.9816064827803264, -0.19091544946302713, -0.12012479643602837, -3.0176537541101812e-09, 0.19091544985611955, 0.9816064848024567, 2.4697250147753813e-09, 0.0, 0.0, 0.0, 1.0]}, {"left_foot_pose": [0.9999999979634204, 6.382094748792106e-05, 2.166289306814845e-07, 0.0009710018854925741, -6.382131503902361e-05, 0.9999944274463995, 0.0033378141033216795, -0.00012444040649292436, -3.605265064310723e-09, -0.003337814110349815, 0.9999944294829677, 0.00021980262824992935, 0.0, 0.0, 0.0, 1.0], "right_foot_pose": [0.9999999979400149, 6.337474486319647e-05, -1.0178960395568694e-05, 0.0009680828588041747, -6.41869886140724e-05, 0.9873364596718616, -0.1586401944107026, -0.1201247964094565, -3.7231257606247036e-09, 0.15864019473726285, 0.9873364617057973, 3.088131708683939e-09, 0.0, 0.0, 0.0, 1.0]}, {"left_foot_pose": [0.9999999979400362, 6.413809557020086e-05, 2.4966112543422575e-06, 0.0009757852985934042, -6.418666806089741e-05, 0.9992455502105092, 0.038837176320755985, -0.00012479657755282147, -3.785160240282291e-09, -0.038837176401002246, 0.9992455522689099, 3.247027716146711e-09, 0.0, 0.0, 0.0, 1.0], "right_foot_pose": [0.9999999979400176, 6.36939992438304e-05, -7.93969789558751e-06, 0.0009680828441435073, -6.41869482640283e-05, 0.9923126625052711, -0.1237561138357848, -0.12012479643946364, -3.859062818842957e-09, 0.12375611409047423, 0.9923126645494477, 3.235756336483764e-09, 0.0, 0.0, 0.0, 1.0]}, {"left_foot_pose": [0.9999999979400392, 6.401217945630962e-05, 4.7290047509018305e-06, 0.0009757853463689647, -6.418662316541604e-05, 0.9972860890485538, 0.07362372219820411, -0.0001247966978637719, -3.3557357588404077e-09, -0.07362372235008122, 0.9972860911029088, 2.85097012664437e-09, 0.0, 0.0, 0.0, 1.0], "right_foot_pose": [0.9999999979400226, 6.393112202987838e-05, -5.724191449896717e-06, 0.0009680829244463726, -6.41868734275922e-05, 0.9960108354283079, -0.0892323460940561, -0.12012479654482343, -3.3672992043427167e-09, 0.08923234627765725, 0.996010837480087, 2.8517243080838917e-09, 0.0, 0.0, 0.0, 1.0]}, {"left_foot_pose": [0.9999999979400391, 6.383427373107093e-05, 6.716241843728278e-06, 0.0009757854702393023, -6.418662166888096e-05, 0.9945145517838467, 0.10459828951877187, -0.00012479676842456783, -2.4444024486587423e-09, -0.10459828973439665, 0.9945145538324915, 2.0620699800466546e-09, 0.0, 0.0, 0.0, 1.0], "right_foot_pose": [0.9999999979555021, 6.383739526965608e-05, -3.71246686192755e-06, 0.0009680822481113916, -6.394525340721978e-05, 0.9983101634725647, -0.05811035551763592, -0.12013688560415182, -3.42033470586672e-09, 0.058110355636223875, 0.9983101655136202, 8.978095902056893e-06, 0.0, 0.0, 0.0, 1.0]}, {"left_foot_pose": [0.9999999979400376, 6.364196822386292e-05, 8.344193640762401e-06, 0.0009757856011213804, -6.418664724404689e-05, 0.9915173053600032, 0.12997472466488766, -0.000124796722223635, -1.5650971294217939e-09, -0.12997472493273066, 0.9915173074024789, 1.299015763012168e-09, 0.0, 0.0, 0.0, 1.0], "right_foot_pose": [0.9999999992261845, 3.932848345997509e-05, -9.488816691275177e-07, 0.0009680028694793578, -3.933992801108589e-05, 0.9997046402169315, -0.024302896557927643, -0.12136837879778957, -7.19465773499148e-09, 0.024302896576450447, 0.9997046409905246, 0.000838319198330717, 0.0, 0.0, 0.0, 1.0]}, {"left_foot_pose": [0.9999999979400349, 6.346927853945666e-05, 9.569811631636688e-06, 0.0009757857156803511, -6.418668563114257e-05, 0.9888249583192589, 0.149081178171444, -0.0001247967163676457, -7.937655996166431e-10, -0.14908117847859675, 0.9888249603561964, 6.452210016272275e-10, 0.0, 0.0, 0.0, 1.0], "right_foot_pose": [0.9999999997905785, -2.0463145261788133e-05, -3.1968665004084514e-07, 0.0009678105225951454, 2.0465642193961666e-05, 0.9998766316845842, 0.015707354718343534, -0.124361642719118, -1.7746703472868051e-09, -0.01570735472159687, 0.9998766318939801, 0.0025292410880796284, 0.0, 0.0, 0.0, 1.0]}, {"left_foot_pose": [0.9999999979400331, 6.334464564605075e-05, 1.0362951158858732e-05, 0.0009757857941454873, -6.418671894279095e-05, 0.986881519751458, 0.16144615775272747, -0.00012479674067923403, -2.55335256288872e-10, -0.1614461580853177, 0.9868815217843993, 2.0085109964096404e-10, 0.0, 0.0, 0.0, 1.0], "right_foot_pose": [0.9999999941569484, -0.0001079116296643926, -6.417413328406979e-06, 0.0009675290083395965, 0.00010810227971175609, 0.9982426788817736, 0.05925826839215993, -0.12874783439232176, 1.1479559092835183e-08, -0.059258268739648026, 0.9982426847144833, 0.004390852842812411, 0.0, 0.0, 0.0, 1.0]}, {"left_foot_pose": [0.9999999979400317, 6.328753013429008e-05, 1.0706332123299154e-05, 0.0009757858277204324, -6.418673552997865e-05, 0.9859908148996632, 0.16679960675481756, -0.00012479677566295047, -9.996116375159278e-12, -0.16679960709842045, 0.9859908169307733, 5.927543178518846e-12, 0.0, 0.0, 0.0, 1.0], "right_foot_pose": [0.9999999766286427, -0.00021504878439814943, -2.2287542948694002e-05, 0.000967181946273343, 0.0002162006321936013, 0.9946864299058296, 0.10295076210733838, -0.13415811034735153, 2.968028302309987e-08, -0.10295076451982035, 0.9946864531523408, 0.005732264066126085, 0.0, 0.0, 0.0, 1.0]}, {"left_foot_pose": [0.9999999979400325, 6.330831957054015e-05, 1.0582666901847136e-05, 0.0009757858126302444, -6.418672888965768e-05, 0.986315044717609, 0.16487155134760287, -0.0001247967999439062, -1.0271820487957629e-10, -0.1648715516872398, 0.9863150467493856, 8.684096497457716e-11, 0.0, 0.0, 0.0, 1.0], "right_foot_pose": [0.999999943083641, -0.00033393152880290656, -4.819178942671876e-05, 0.000966792799951794, 0.00033739103744543183, 0.9897667324669772, 0.14269443391012449, -0.14022362552896386, 4.845948520288663e-08, -0.1426944420479549, 0.9897667887985636, 0.006000003865487477, 0.0, 0.0, 0.0, 1.0]}, {"left_foot_pose": [0.9999999979400345, 6.340680820911274e-05, 9.975412971429084e-06, 0.0009757857433776159, -6.418669792762616e-05, 0.9878510492240553, 0.155403669284229, -0.00012479683742666788, -5.715171654075163e-10, -0.1554036696043918, 0.9878510512589892, 4.769680553295963e-10, 0.0, 0.0, 0.0, 1.0], "right_foot_pose": [0.9999998922110593, -0.00045705814279376335, -8.170510181681662e-05, 0.0009663852838102842, 0.00046430363508031137, 0.9844187972132238, 0.1758391768503357, -0.14657553537005522, 6.331045504326971e-08, -0.17583919583279306, 0.9844189033175219, 0.006000002563903782, 0.0, 0.0, 0.0, 1.0]}, {"left_foot_pose": [0.9999999979400374, 6.357268753211911e-05, 8.856585012816349e-06, 0.0009757856112516119, -6.418664733370823e-05, 0.9904379327375277, 0.13795904201859172, -0.00012479687064585743, -1.4706810121183145e-09, -0.13795904230287603, 0.9904379347777802, 1.2271256788487506e-09, 0.0, 0.0, 0.0, 1.0], "right_foot_pose": [0.9999998262045044, -0.0005776380246467064, -0.00011800539474193341, 0.0009659830644675151, 0.000589568448683752, 0.9797880167101789, 0.20003773324095145, -0.1528449978303343, 7.087059114855869e-08, -0.2000377680475522, 0.9797881869845894, 0.0059982131630468075, 0.0, 0.0, 0.0, 1.0]}, {"left_foot_pose": [0.9999999979400411, 6.378288614376917e-05, 7.187634815551917e-06, 0.0009757854132615708, -6.418659245373902e-05, 0.9937154212355902, 0.11193595257403004, -0.0001247967697322978, -2.8654403932111005e-09, -0.11193595280479662, 0.9937154232825832, 2.3979897095793845e-09, 0.0, 0.0, 0.0, 1.0], "right_foot_pose": [0.999999750912173, -0.0006898016083664452, -0.00014949693195608923, 0.0009656096336197758, 0.0007058155473685663, 0.9773316765135909, 0.21171276746466236, -0.15866316955106397, 6.827963363725434e-08, -0.21171282024684823, 0.9773319199448676, 0.0052410697433429645, 0.0, 0.0, 0.0, 1.0]}, {"left_foot_pose": [0.9999999979400422, 6.399642135696752e-05, 4.936970268264406e-06, 0.0009757851524443351, -6.4186568683091e-05, 0.997043270373119, 0.07684212961494917, -0.00012479657410602307, -4.751677375546458e-09, -0.07684212977354514, 0.9970432724269623, 4.028057894178705e-09, 0.0, 0.0, 0.0, 1.0], "right_foot_pose": [0.9999996754435089, -0.0007880051528811046, -0.00016781166743006732, 0.0009652887353135119, 0.0008056754146253771, 0.9780815119575075, 0.20822081273024032, -0.16366120618242522, 5.4416035403235445e-08, -0.2082208803525589, 0.9780818293911826, 0.0035817051204994343, 0.0, 0.0, 0.0, 1.0]}, {"left_foot_pose": [0.9999999979400387, 6.415232689703592e-05, 2.0981998858348797e-06, 0.0009757848442410697, -6.41866297573873e-05, 0.999469142138446, 0.032579591665895816, -0.0001247962475824753, -7.029425589628965e-09, -0.0325795917334598, 0.9994691441972996, 6.075772926439349e-09, 0.0, 0.0, 0.0, 1.0], "right_foot_pose": [0.9999996112328415, -0.0008659697449325091, -0.0001662244463527741, 0.0009650440394543377, 0.0008817789772367924, 0.98207760874044, 0.18847491312239434, -0.16747026545608726, 3.1734345465978446e-08, -0.18847498642276042, 0.9820779905348354, 0.0017110105992254182, 0.0, 0.0, 0.0, 1.0]}, {"left_foot_pose": [0.9999999979400263, 6.41741405708453e-05, -1.2760323195316025e-06, 0.0009757845426957247, -6.418682489327233e-05, 0.9997994796018647, -0.02002489620180809, -0.00012479579323502847, -9.304054937349022e-09, 0.020024896242461454, 0.9997994816614378, 8.242519666801229e-09, 0.0, 0.0, 0.0, 1.0], "right_foot_pose": [0.9999995705602507, -0.0009160589782087468, -0.00014041104794714626, 0.0009648990932963382, 0.0009267574191305685, 0.9884565059137516, 0.1515020694164393, -0.169721504972765, 5.382939449934142e-09, -0.15150213448240918, 0.9884569303956924, 0.0003198776999545974, 0.0, 0.0, 0.0, 1.0]}, {"left_foot_pose": [0.9999999979400076, 6.399205686062654e-05, -5.00023862398785e-06, 0.0009757843691731419, -6.418711410452364e-05, 0.9969483321513516, -0.07806419730358825, -0.00012479532259506397, -1.0508996558991317e-08, 0.0780641974637271, 0.996948334205111, 9.61367683377512e-09, 0.0, 0.0, 0.0, 1.0], "right_foot_pose": [0.9999995621263641, -0.000931343104812326, -9.136247260243377e-05, 0.0009648694524732008, 0.0009358135926410837, 0.9952213576069354, 0.09764002056497106, -0.17017479811333341, -1.0475889199448747e-08, -0.09764006330922412, 0.9952217933892781, 9.591576165257631e-09, 0.0, 0.0, 0.0, 1.0]}, {"left_foot_pose": [0.9999999979399931, 6.358925982926892e-05, -8.741896606213661e-06, 0.0009757844160806836, -6.418734002381448e-05, 0.9906607600907906, -0.1363497498946121, -0.00012479500122694262, -1.0125737385071886e-08, 0.13634975017484938, 0.9906607621316474, 9.683034533913837e-09, 0.0, 0.0, 0.0, 1.0], "right_foot_pose": [0.9999995621266233, -0.0009351189078463848, -3.6044274095474164e-05, 0.0009648694172219767, 0.0009358133154648812, 0.999257102936018, 0.038527477017773634, -0.17017479763368865, -1.0275320928204092e-08, -0.03852749387832902, 0.9992575404846615, 9.104579798413504e-09, 0.0, 0.0, 0.0, 1.0]}, {"left_foot_pose": [0.9999999979399898, 6.301592408976266e-05, -1.2207167929102534e-05, 0.000975784691398584, -6.418739413264776e-05, 0.9817240332259666, -0.19031005876337914, -0.00012479509764262361, -8.494083144860408e-09, 0.19031005915488425, 0.9817240352484325, 8.52493653447084e-09, 0.0, 0.0, 0.0, 1.0], "right_foot_pose": [0.9999995621268671, -0.0009356530020818642, 1.7307024835163154e-05, 0.0009648696363831156, 0.0009358130546944228, 0.9998287049871286, -0.01848472173682887, -0.1701747970456413, -8.774842443555247e-09, 0.01848472983900544, 0.9998291427852957, 7.569364052217864e-09, 0.0, 0.0, 0.0, 1.0]}, {"left_foot_pose": [0.9999999990531715, 4.234727382205361e-05, -1.0018283979840955e-05, 0.0009733553473651809, -4.351616539083829e-05, 0.9729741810028516, -0.23091392597280638, -0.0011591998454737566, -3.1043602324059746e-08, 0.23091392619012738, 0.9729741819244027, 0.0006826706695012286, 0.0, 0.0, 0.0, 1.0], "right_foot_pose": [0.9999995621269857, -0.0009335968296193728, 6.436456022668905e-05, 0.0009648699699457522, 0.0009358129283399577, 0.9976319299485149, -0.06877249887393133, -0.1701747967332347, -6.3535255106014754e-09, 0.06877252899349733, 0.9976323667843977, 5.382452053503961e-09, 0.0, 0.0, 0.0, 1.0]}, {"left_foot_pose": [0.9999999998954832, -1.3972829094474378e-05, 3.7140973069285462e-06, 0.0009665398703489605, 1.4457915624344237e-05, 0.9674306513687363, -0.25313619769450707, -0.004060472017407418, -5.610274908171479e-08, 0.25313619772174767, 0.9674306514696411, 0.0023080863856465503, 0.0, 0.0, 0.0, 1.0], "right_foot_pose": [0.9999995621269908, -0.0009301185761019504, 0.0001030789081607547, 0.0009648702753643277, 0.0009358129230247612, 0.9939151358504724, -0.11014457309150569, -0.17017479654822334, -4.173518695407706e-09, 0.11014462132474416, 0.9939155710588444, 3.4831226375375834e-09, 0.0, 0.0, 0.0, 1.0]}, {"left_foot_pose": [0.9999999947863346, -9.861546177985485e-05, 2.650135504761634e-05, 0.0009562343290699393, 0.00010211427555118699, 0.965930136897625, -0.25880293701117696, -0.0084472846573438, -7.648636604159883e-08, 0.2588029383680314, 0.9659301419316345, 0.004185476179943255, 0.0, 0.0, 0.0, 1.0], "right_foot_pose": [0.9999995621269404, -0.0009262721297477694, 0.00013328866651924506, 0.0009648705186754747, 0.0009358129764883449, 0.989804691130157, -0.14242821936262415, -0.17017479644760233, -2.4573102496396033e-09, 0.1424282817304076, 0.9898051245388272, 2.0305446213342293e-09, 0.0, 0.0, 0.0, 1.0]}, {"left_foot_pose": [0.9999999775640867, -0.00020513351590428934, 5.284001960759551e-05, 0.000943335063366491, 0.00021182969402057101, 0.9684923425253406, -0.24904324443349235, -0.01393815540369693, -8.803802615654584e-08, 0.24904325003906438, 0.9684923642496999, 0.005623948056160913, 0.0, 0.0, 0.0, 1.0], "right_foot_pose": [0.9999995621268793, -0.0009228255882131696, 0.00015536725349458316, 0.0009648706942988579, 0.0009358130420751807, 0.9861215288216427, -0.16602245224190643, -0.17017479639465158, -1.2263981947567028e-09, 0.16602252493983916, 0.9861219606177528, 1.0153670682022664e-09, 0.0, 0.0, 0.0, 1.0]}, {"left_foot_pose": [0.9999999435581872, -0.0003273484144819341, 7.567456023289158e-05, 0.0009287382001328918, 0.00033598157042158465, 0.9743640130162561, -0.22497701494873393, -0.020151601598973532, -8.869905335241098e-08, 0.22497702767588043, 0.9743640680044187, 0.006000002946440194, 0.0, 0.0, 0.0, 1.0], "right_foot_pose": [0.9999995621268304, -0.0009202733367671117, 0.0001698326613441896, 0.0009648708075247929, 0.0009358130941718964, 0.983394035089483, -0.18148084197588954, -0.17017479638936805, -4.4612485948133195e-10, 0.18148092144192615, 0.9833944656914585, 3.7978187261700214e-10, 0.0, 0.0, 0.0, 1.0]}, {"left_foot_pose": [0.9999998909797654, -0.00045841266336153313, 8.887231379113006e-05, 0.0009133399567144302, 0.000466948018365182, 0.9817530207126887, -0.19015990187487133, -0.026706138450617003, -7.895543939602313e-08, 0.19015992264234458, 0.9817531277366282, 0.006000004636759579, 0.0, 0.0, 0.0, 1.0], "right_foot_pose": [0.9999995621268039, -0.0009188676207805623, 0.00017728083735480557, 0.0009648708656876862, 0.0009358131222697407, 0.9818917997104227, -0.18944027532504196, -0.17017479642131333, -6.537684605180864e-11, 0.1894403582759569, 0.9818922296546995, 5.705091260521655e-11, 0.0, 0.0, 0.0, 1.0]}, {"left_foot_pose": [0.9999998217314562, -0.0005905568631502339, 8.820231327928363e-05, 0.0008980366474056854, 0.0005971072373190039, 0.9890449292885182, -0.14761358782855283, -0.033220283109357346, -6.183331432594029e-08, 0.14761361417993274, 0.9890451055986954, 0.00600000586031333, 0.0, 0.0, 0.0, 1.0], "right_foot_pose": [0.999999562126801, -0.0009186919906047503, 0.0001781887553909471, 0.0009648708725905729, 0.0009358131256555108, 0.9817041102700211, -0.19041051476412782, -0.1701747964330339, -1.8730649357204712e-11, 0.1904105981398426, 0.9817045401321252, 1.1611447914283701e-11, 0.0, 0.0, 0.0, 1.0]}, {"left_foot_pose": [0.999999741636507, -0.0007155500757669571, 6.866592536493185e-05, 0.0008837243490517174, 0.0007188371989760426, 0.9954322296207724, -0.09546810726782191, -0.03931255438431182, -4.006379638131421e-08, 0.09546813196196934, 0.995432486801436, 0.0053903386881052825, 0.0, 0.0, 0.0, 1.0], "right_foot_pose": [0.9999995621268217, -0.0009203924368068354, 0.0001691860712618247, 0.0009648708281288296, 0.0009358131033706471, 0.9835212687352397, -0.1807900389934697, -0.17017479645360956, -3.149201526861432e-10, 0.18079011815690296, 0.9835216993929584, 2.527756823300642e-10, 0.0, 0.0, 0.0, 1.0]}, {"left_foot_pose": [0.9999996600866781, -0.000823693006975544, 3.682879191165084e-05, 0.0008712994061392348, 0.0008245159363272511, 0.9990026635439471, -0.0446430107135571, -0.044601465564208964, -1.9925479986207828e-08, 0.0446430259047285, 0.9990030031176433, 0.0038012583551872148, 0.0, 0.0, 0.0, 1.0], "right_foot_pose": [0.9999995621268551, -0.0009225385188589065, 0.00015706297906998445, 0.0009648707511646643, 0.0009358130679639492, 0.9858146740737145, -0.16783489695185114, -0.1701747964764811, -8.322742762970163e-10, 0.1678349704430451, 0.9858151057355442, 6.781429306990105e-10, 0.0, 0.0, 0.0, 1.0]}, {"left_foot_pose": [0.999999589110129, -0.0009065148815343142, -3.216150703628052e-06, 0.0008616581842841731, 0.0009065205866609017, 0.9999932745388077, 0.0035537441634956994, -0.048705532439565685, -5.392895943127875e-09, -0.0035537456188053577, 0.9999936854261019, 0.0019195647274855981, 0.0, 0.0, 0.0, 1.0], "right_foot_pose": [0.9999995621268903, -0.0009253859206629011, 0.00013930874076862492, 0.0009648706510799809, 0.0009358130301579854, 0.9888575062726104, -0.1488622065612595, -0.17017479648146785, -1.5039277561829469e-09, 0.1488622717454369, 0.9888579392667015, 1.24180535993057e-09, 0.0, 0.0, 0.0, 1.0]}, {"left_foot_pose": [0.999999541857048, -0.0009562446188663866, -4.338114998529367e-05, 0.0008556968715177038, 0.0009572281312652379, 0.9989720934837545, 0.04531931326697604, -0.0512432718104764, 2.0877615428237937e-10, -0.04531933402990948, 0.9989725511559797, 0.00043614825597599466, 0.0, 0.0, 0.0, 1.0], "right_foot_pose": [0.9999995621269109, -0.0009285091183231767, 0.00011669106092460798, 0.0009648705554274921, 0.0009358130083005192, 0.9921949909814058, -0.12469251832175704, -0.1701747964567733, -2.145893258729319e-09, 0.12469257292327143, 0.9921954254368314, 1.7951626435364076e-09, 0.0, 0.0, 0.0, 1.0]}, {"left_foot_pose": [0.9999995294043442, -0.0009672568270418799, -7.486869671650601e-05, 0.0008541779854411154, 0.0009701500354078739, 0.9970171102405251, 0.07717474131179404, -0.05188997324039999, -2.42376135225819e-09, -0.0771747776275651, 0.9970175794328485, 2.055914015419713e-09, 0.0, 0.0, 0.0, 1.0], "right_foot_pose": [0.9999995621269002, -0.0009313749827410327, 9.103103280489632e-05, 0.0009648705138089623, 0.0009358130194667889, 0.9952573776847738, -0.09727217699846286, -0.17017479642294636, -2.434824414639958e-09, 0.0972722195936187, 0.9952578134811757, 2.0588191013137802e-09, 0.0, 0.0, 0.0, 1.0]}, {"left_foot_pose": [0.9999995294043175, -0.0009647321034546608, -0.000102387071419168, 0.0008541779854775733, 0.0009701500625288363, 0.9944146119362469, 0.10553974785141441, -0.0518899732967611, -2.383050590035938e-09, -0.1055397975156888, 0.9944150799039343, 2.010989798295615e-09, 0.0, 0.0, 0.0, 1.0], "right_foot_pose": [0.9999995621268699, -0.0009335910405720539, 6.445026780383557e-05, 0.0009648705301378249, 0.0009358130518703377, 0.9976253190904484, -0.06886833062891283, -0.17017479647825598, -2.3625289763799418e-09, 0.06886836078672294, 0.9976257559238083, 2.018000246073459e-09, 0.0, 0.0, 0.0, 1.0]}, {"left_foot_pose": [0.9999995294043236, -0.0009616770456355812, -0.0001279390170117293, 0.0008541780583767818, 0.0009701500565239695, 0.9912655699631067, 0.13187732411065223, -0.05188997333392436, -1.8528184951810145e-09, -0.13187738616979855, 0.9912660364488549, 1.5594618235637014e-09, 0.0, 0.0, 0.0, 1.0], "right_foot_pose": [0.9999995621268329, -0.0009349773499292369, 3.954108012133753e-05, 0.0009648706127021688, 0.0009358130913246759, 0.9991065800008823, -0.04225122545913621, -0.17017479650662445, -1.8145187747930815e-09, 0.04225124396151853, 0.9991070174829642, 1.568407195784438e-09, 0.0, 0.0, 0.0, 1.0]}, {"left_foot_pose": [0.9999995294043496, -0.0009586023024701817, -0.00014924042987428038, 0.0008541781544267159, 0.000970150029742471, 0.9880963090245984, 0.1538334908298117, -0.051889973274269974, -1.2205906668750422e-09, -0.15383356322204775, 0.9880967740188252, 1.0083660989534948e-09, 0.0, 0.0, 0.0, 1.0], "right_foot_pose": [0.9999995468793936, -0.0009518668241698153, 1.3804205438735136e-05, 0.0009657180790774557, 0.0009519669148778669, 0.9998944755899293, -0.014495911276401754, -0.17098323934238124, -4.5717279607533964e-09, 0.014495917849152324, 0.9998949286628622, 0.0005400732152378296, 0.0, 0.0, 0.0, 1.0]}, {"left_foot_pose": [0.9999995294043837, -0.0009559256561191979, -0.00016552085034258687, 0.0008541782441437252, 0.000970149994549961, 0.9853374260962717, 0.17061423018893504, -0.05188997324717844, -6.312951667295446e-10, -0.17061431047867845, 0.9853378897920683, 5.073746561778947e-10, 0.0, 0.0, 0.0, 1.0], "right_foot_pose": [0.9999994940372267, -0.0010057183114421926, -2.1353426070172972e-05, 0.0009685505294666581, 0.00100594497402947, 0.9997741707056056, 0.021227238742417293, -0.17368465628061727, -1.886356980674035e-11, -0.02122724948259653, 0.9997746765543742, 0.002090426637249343, 0.0, 0.0, 0.0, 1.0]}, {"left_foot_pose": [0.9999995294044127, -0.000954031463664393, -0.00017611053463021875, 0.0008541783078137228, 0.0009701499647321993, 0.983385056560955, 0.1815293071150049, -0.051889973258069294, -2.0250671557923475e-10, -0.18152939254174322, 0.9833855193378774, 1.549705433423476e-10, 0.0, 0.0, 0.0, 1.0], "right_foot_pose": [0.9999994054011733, -0.0010883926560416616, -6.781390819842438e-05, 0.0009729880142431563, 0.001090503232326972, 0.9980647015458814, 0.062174450788332926, -0.1779164938463552, 1.2452415358875303e-08, -0.06217448777076371, 0.9980652949934906, 0.003974032496005753, 0.0, 0.0, 0.0, 1.0]}, {"left_foot_pose": [0.9999995294044268, -0.0009531876713381423, -0.0001806216741329463, 0.0008541783348000168, 0.0009701499502438517, 0.9825153537714499, 0.18617904933809654, -0.05188997328817478, -6.431272861187698e-12, -0.18617913695316843, 0.9825158161390455, 1.8593807049605005e-12, 0.0, 0.0, 0.0, 1.0], "right_foot_pose": [0.9999992823745878, -0.0011914022863219467, -0.00012574140669606874, 0.0009786305060797578, 0.0011980193271719827, 0.9944786451856373, 0.1049323068431786, -0.18329726936594126, 3.0553492785316e-08, -0.1049323821817243, 0.9944793588454551, 0.005500000244312513, 0.0, 0.0, 0.0, 1.0]}, {"left_foot_pose": [0.9999995294044184, -0.0009537968777267132, -0.00017737660216369735, 0.0008541783157955774, 0.0009701499590047714, 0.9831432739585522, 0.18283424646142496, -0.05188997331513779, -1.200418048397018e-10, -0.1828343325023399, 0.9831437366216725, 1.0118016147142583e-10, 0.0, 0.0, 0.0, 1.0], "right_foot_pose": [0.9999991276501368, -0.0013071215530619266, -0.00019008474733749406, 0.0009850778023497112, 0.0013208705323217457, 0.9895955470461392, 0.14387115265920858, -0.18944549906554756, 4.99350219393191e-08, -0.14387127823056978, 0.9895964103109406, 0.006000003964975166, 0.0, 0.0, 0.0, 1.0]}, {"left_foot_pose": [0.9999995294043862, -0.0009554887754329697, -0.00016802442373879334, 0.0008541782471579886, 0.0009701499919865329, 0.9848871137934125, 0.17319478021197726, -0.05188997335754284, -5.787132537113443e-10, -0.17319486171616694, 0.9848875772772845, 4.825149307885468e-10, 0.0, 0.0, 0.0, 1.0], "right_foot_pose": [0.9999989466690612, -0.0014282564975874447, -0.00025834888250246806, 0.0009919298041896