{"LoopMode": "Wrap", "FrameDuration": 0.0167, "EnableCycleOffsetPosition": true, "EnableCycleOffsetRotation": false, "Debug_info": [{"left_foot_pose": [0.9999999999884726, 4.785130400566569e-06, 3.974043959464019e-07, 0.00019842111302271817, -4.801604232063508e-06, 0.9965691632582974, 0.08276413969590064, -6.676505781610075e-05, -3.765537745234218e-12, -0.08276413969685505, 0.9965691632697854, 3.2324837251351823e-12, 0.0, 0.0, 0.0, 1.0], "right_foot_pose": [0.9999999979400312, 6.398293128510394e-05, -5.110932503438697e-06, 0.0009680834198771603, -6.418673637819799e-05, 0.9968248031031633, -0.07962604974757198, -0.12012479653779061, -3.783280045316682e-12, 0.07962604991159872, 0.996824805156591, 3.1225994012729075e-12, 0.0, 0.0, 0.0, 1.0]}, {"left_foot_pose": [0.9999999999884724, 4.785771399304062e-06, 3.896043873074212e-07, 0.0001984211118494707, -4.801603842663748e-06, 0.9967029138325225, 0.08113754700941078, -6.676505823768886e-05, -1.407621823315341e-11, -0.08113754701034653, 0.9967029138440126, 1.2160585038945015e-11, 0.0, 0.0, 0.0, 1.0], "right_foot_pose": [0.9999999979400315, 6.397449561567424e-05, -5.215466289843433e-06, 0.000968083419044686, -6.418673677555158e-05, 0.996693359867823, -0.0812547984764798, -0.12012479653858443, -1.4129320948792655e-11, 0.08125479864386104, 0.9966933619209801, 1.2173491381606283e-11, 0.0, 0.0, 0.0, 1.0]}, {"left_foot_pose": [0.9999999999884728, 4.786806310327987e-06, 3.7666801877547503e-07, 0.0001984211094962903, -4.8016032161155765e-06, 0.9969188587065152, 0.07843971654872692, -6.676505856865328e-05, -3.17213543848382e-11, -0.07843971654963162, 0.9969188587180075, 2.742331361993422e-11, 0.0, 0.0, 0.0, 1.0], "right_foot_pose": [0.9999999979400311, 6.396013579157493e-05, -5.388719505117716e-06, 0.0009680834171102144, -6.418673748039126e-05, 0.9964696056508533, -0.08395427859314573, -0.1201247965395166, -3.1858944781307197e-11, 0.08395427876608669, 0.9964696077035496, 2.7733523810802296e-11, 0.0, 0.0, 0.0, 1.0]}, {"left_foot_pose": [0.9999999999884727, 4.7881974533334906e-06, 3.5854006735771817e-07, 0.00019842110598418934, -4.801602422716639e-06, 0.9972091033466334, 0.07465925381055583, -6.676505868395514e-05, -5.617014845836134e-11, -0.07465925381141705, 0.997209103358129, 4.853738244658956e-11, 0.0, 0.0, 0.0, 1.0], "right_foot_pose": [0.9999999979400311, 6.393924043832876e-05, -5.631246251636638e-06, 0.0009680834140223721, -6.418673852259578e-05, 0.9961440138947815, -0.08773311496610557, -0.12012479654042821, -5.648803870689286e-11, 0.08773311514682922, 0.9961440159468075, 4.9240438115827345e-11, 0.0, 0.0, 0.0, 1.0]}, {"left_foot_pose": [0.9999999999884728, 4.789881653758084e-06, 3.352776665187766e-07, 0.00019842110133043696, -4.80160154116072e-06, 0.9975604379728347, 0.06980811248266064, -6.676505844459106e-05, -8.713860552346504e-11, -0.06980811248346612, 0.997560437984334, 7.526700790405627e-11, 0.0, 0.0, 0.0, 1.0], "right_foot_pose": [0.999999997940031, 6.391110859776375e-05, -5.942035370965441e-06, 0.0009680834097304179, -6.418673995875857e-05, 0.9957056609987958, -0.0925755504170185, -0.12012479654116094, -8.779955428464344e-11, 0.09257555060771547, 0.9957056630499187, 7.637716847863629e-11, 0.0, 0.0, 0.0, 1.0]}, {"left_foot_pose": [0.9999999999884728, 4.79178310678149e-06, 3.068932218907275e-07, 0.00019842109546817552, -4.80160064701929e-06, 0.9979570247978672, 0.06388878331549601, -6.676505767407026e-05, -1.2505421698066884e-10, -0.06388878331623343, 0.9979570248093713, 1.080287179155981e-10, 0.0, 0.0, 0.0, 1.0], "right_foot_pose": [0.9999999979400311, 6.387478067487389e-05, -6.320619316103007e-06, 0.0009680834041029649, -6.418674189256057e-05, 0.9951395914719291, -0.09847430814757847, -0.12012479654154863, -1.2631102205266606e-10, 0.09847430835042421, 0.9951395935218865, 1.0949558620909627e-10, 0.0, 0.0, 0.0, 1.0]}, {"left_foot_pose": [0.9999999999884726, 4.793816273578372e-06, 2.7328815649365865e-07, 0.00019842108822044864, -4.801599821834981e-06, 0.9983809954650174, 0.056880470033451154, -6.676505612825644e-05, -1.7117902864541882e-10, -0.05688047003410798, 0.9983809954765263, 1.4800297792882944e-10, 0.0, 0.0, 0.0, 1.0], "right_foot_pose": [0.9999999979400307, 6.382893532243997e-05, -6.767952707154524e-06, 0.0009680833968917516, -6.41867444898622e-05, 0.9944252105749741, -0.1054442812720559, -0.12012479654138936, -1.734136068237881e-10, 0.10544428148925664, 0.9944252126234602, 1.497243093395717e-10, 0.0, 0.0, 0.0, 1.0]}, {"left_foot_pose": [0.9999999999884727, 4.795882773471074e-06, 2.3422874045877743e-07, 0.00019842107928873243, -4.8015991736989345e-06, 0.9988117904731877, 0.04873404547839731, -6.676505345333886e-05, -2.276587125553779e-10, -0.04873404547896051, 0.9988117904847017, 1.9718523341927252e-10, 0.0, 0.0, 0.0, 1.0], "right_foot_pose": [0.9999999979400307, 6.377179925760126e-05, -7.286716556421047e-06, 0.0009680833877053881, -6.418674799885404e-05, 0.9935348781475816, -0.11352727330616025, -0.12012479654040525, -2.314376107962732e-10, 0.11352727354000802, 0.9935348801942345, 1.9901015557710622e-10, 0.0, 0.0, 0.0, 1.0]}, {"left_foot_pose": [0.9999999999884727, 4.797864284004018e-06, 1.8934123779948082e-07, 0.00019842106825393834, -4.801598869183649e-06, 0.9992246598493509, 0.03937104425709858, -6.676504912989621e-05, -2.9750713486031794e-10, -0.039371044257554166, 0.9992246598608698, 2.583978378489782e-10, 0.0, 0.0, 0.0, 1.0], "right_foot_pose": [0.9999999979400304, 6.370104781408954e-05, -7.881353878914031e-06, 0.0009680833759905752, -6.418675277253193e-05, 0.9924323578107502, -0.12279255291040987, -0.12012479653818758, -3.0367145836210943e-10, 0.12279255316333926, 0.9924323598551331, 2.601155055237392e-10, 0.0, 0.0, 0.0, 1.0]}, {"left_foot_pose": [0.9999999999884726, 4.799612226270194e-06, 1.381205158023335e-07, 0.0001984210545875594, -4.801599176161258e-06, 0.999588487274437, 0.028685468191194628, -6.676504240434207e-05, -3.8455384229109526e-10, -0.028685468191527473, 0.99958848728596, 3.3528126108794964e-10, 0.0, 0.0, 0.0, 1.0], "right_foot_pose": [0.9999999979400298, 6.361369450309547e-05, -8.557916831520237e-06, 0.0009680833610210829, -6.418675929401008e-05, 0.9910710946083632, -0.13333447158121037, -0.12012479653413193, -3.9434037984919675e-10, 0.13333447185585015, 0.9910710966499432, 3.365968059831914e-10, 0.0, 0.0, 0.0, 1.0]}, {"left_foot_pose": [0.9999999999884727, 4.800934770083408e-06, 7.995694484277603e-08, 0.00019842103770464266, -4.801600517885364e-06, 0.9998630483310413, 0.016549457970082893, -6.676503222422837e-05, -4.931264829201274e-10, -0.016549457970276352, 0.9998630483425675, 4.320822657999379e-10, 0.0, 0.0, 0.0, 1.0], "right_foot_pose": [0.9999999979400295, 6.350598818592485e-05, -9.323662095051474e-06, 0.0009680833419281294, -6.418676818529185e-05, 0.9893926117092069, -0.1452661549545985, -0.12012479652737298, -5.083296329852225e-10, 0.14526615525380998, 0.9893926137473313, 4.3257551707309716e-10, 0.0, 0.0, 0.0, 1.0]}, {"left_foot_pose": [0.9999999999884727, 4.80158257379252e-06, 1.419835532470359e-08, 0.0001984210171408362, -4.8016035248771665e-06, 0.9999960055952861, 0.002826441299216483, -6.676501724687915e-05, -6.269073320885574e-10, -0.0028264412992523935, 0.9999960056068138, 5.527279328676471e-10, 0.0, 0.0, 0.0, 1.0], "right_foot_pose": [0.9999999979400287, 6.337337440638788e-05, -1.0186175043669858e-05, 0.0009680833178721522, -6.418678014394532e-05, 0.9873259099333314, -0.1587058393833593, -0.12012479651677178, -6.500359773167956e-10, 0.15870583971024738, 0.9873259119672011, 5.517997656023788e-10, 0.0, 0.0, 0.0, 1.0]}, {"left_foot_pose": [0.9999999999884726, 4.801237767239314e-06, -5.971362510024203e-08, 0.00019842099298437183, -4.801609021318777e-06, 0.9999206186503263, -0.01259985614578136, -6.67649961031587e-05, -7.860204560575733e-10, 0.012599856145922517, 0.9999206186618531, 6.983211578437398e-10, 0.0, 0.0, 0.0, 1.0], "right_foot_pose": [0.9999999979400275, 6.32106669159924e-05, -1.1151516907448802e-05, 0.0009680832885324961, -6.418679568744682e-05, 0.9847901515881454, -0.17374795888024983, -0.12012479650110194, -8.203305483950935e-10, 0.17374795923811379, 0.9847901536167951, 6.951467665383682e-10, 0.0, 0.0, 0.0, 1.0]}, {"left_foot_pose": [0.9999999999884728, 4.7995193570747364e-06, -1.4194373593188022e-07, 0.0001984209669089401, -4.8016177647317615e-06, 0.9995570294734233, -0.029761465138856368, -6.676496841163775e-05, -9.598692198262858e-10, 0.02976146513919452, 0.9995570294849461, 8.606939883026854e-10, 0.0, 0.0, 0.0, 1.0], "right_foot_pose": [0.9999999979400264, 6.301279630423345e-05, -1.222025557468025e-05, 0.0009680832553921742, -6.418681440427965e-05, 0.9817063624174335, -0.19040119187963075, -0.12012479647982942, -1.0088718962225784e-09, 0.19040119227178842, 0.981706364439735, 8.542580948178724e-10, 0.0, 0.0, 0.0, 1.0]}, {"left_foot_pose": [0.9999999999884728, 4.796040021004126e-06, -2.3161804235680532e-07, 0.00019842094450207986, -4.801629469636633e-06, 0.9988247147404988, -0.048468435094467896, -6.676493768581482e-05, -1.1107295791835495e-09, 0.04846843509502098, 0.9988247147520133, 1.0070765332770293e-09, 0.0, 0.0, 0.0, 1.0], "right_foot_pose": [0.9999999979400249, 6.277698252316656e-05, -1.3379088399601487e-05, 0.0009680832248122397, -6.418683307138393e-05, 0.9780313843866537, -0.20845768643726398, -0.12012479645539048, -1.1761891518878975e-09, 0.20845768686660746, 0.9780313864013891, 9.96524522622888e-10, 0.0, 0.0, 0.0, 1.0]}, {"left_foot_pose": [0.9999999999884726, 4.7905990063105175e-06, -3.2544097305917506e-07, 0.0001984209395870605, -4.8016402776889954e-06, 0.9976843290848432, -0.06801455340933744, -6.676491779791967e-05, -1.1430931622025347e-09, 0.06801455341011568, 0.9976843290963447, 1.050162672100452e-09, 0.0, 0.0, 0.0, 1.0], "right_foot_pose": [0.9999999979400245, 6.250824644161598e-05, -1.4583202724516777e-05, 0.0009680832140497741, -6.418684190248952e-05, 0.9738439740574559, -0.22721775914754236, -0.12012479643828378, -1.2195890241417538e-09, 0.22721775961552887, 0.9738439760635682, 1.036026625600428e-09, 0.0, 0.0, 0.0, 1.0]}, {"left_foot_pose": [0.9999999999881657, 4.84693880883723e-06, -4.204869448188648e-07, 0.00019925220222584476, -4.865143830091059e-06, 0.996244323439757, -0.08658665018576583, -6.682720296649451e-05, -7.724633940499586e-10, 0.08658665018678646, 0.9962443234515478, 3.932722285920204e-05, 0.0, 0.0, 0.0, 1.0], "right_foot_pose": [0.9999999979400258, 6.223205385053929e-05, -1.5720041599387924e-05, 0.000968083255873409, -6.41868228954623e-05, 0.969541954744195, -0.24492528222063445, -0.12012479646425375, -9.634915912057133e-10, 0.24492528272511402, 0.9695419567414413, 8.154817099370604e-10, 0.0, 0.0, 0.0, 1.0]}, {"left_foot_pose": [0.9999999999782534, 6.56019904290999e-06, -6.765274240817602e-07, 0.0002218960144278979, -6.594990582718115e-06, 0.9947279413918478, -0.10254912272098392, -6.851822064397536e-05, 2.1807486143788309e-10, 0.10254912272321515, 0.9947279414134801, 0.0010058886345096704, 0.0, 0.0, 0.0, 1.0], "right_foot_pose": [0.999999997940028, 6.198745892649124e-05, -1.6658303897465947e-05, 0.0009680833230511248, -6.418679110643868e-05, 0.9657330282665446, -0.25953750017133426, -0.12012479652555866, -5.958632938567916e-10, 0.25953750070593706, 0.9657330302559377, 4.851094456692628e-10, 0.0, 0.0, 0.0, 1.0]}, {"left_foot_pose": [0.9999999999462972, 1.0294800431730032e-05, -1.1932234577074126e-06, 0.00027122923393127095, -1.0363720211084161e-05, 0.9933636205751138, -0.11501616064925792, -7.220106401019735e-05, 1.2363538361375671e-09, 0.11501616065544706, 0.9933636206284594, 0.0027527501479160596, 0.0, 0.0, 0.0, 1.0], "right_foot_pose": [0.9999999979400296, 6.180031716952086e-05, -1.733958257155213e-05, 0.0009680833803235271, -6.418676129804821e-05, 0.962819170372715, -0.2701467028169262, -0.12012479655037188, -2.694102667434107e-10, 0.2701467033734035, 0.9628191723560982, 2.085409067653643e-10, 0.0, 0.0, 0.0, 1.0]}, {"left_foot_pose": [0.9999999998762261, 1.5613819417292992e-05, -1.938474818441729e-06, 0.0003415231850062225, -1.573369114504237e-05, 0.9923975390239128, -0.12307365393021133, -7.744826763056781e-05, 2.087831416267434e-09, 0.12307365394547698, 0.9923975391467422, 0.004589020845021399, 0.0, 0.0, 0.0, 1.0], "right_foot_pose": [0.9999999979400309, 6.16867669049712e-05, -1.7739239142944753e-05, 0.0009680834151782038, -6.418674175054185e-05, 0.9610512778583884, -0.2763701091052018, -0.12012479654767899, -6.00534499094185e-11, 0.27637010967451175, 0.961051279838125, 4.0720822547246627e-11, 0.0, 0.0, 0.0, 1.0]}, {"left_foot_pose": [0.9999999997520851, 2.2090073037424196e-05, -2.803508612037436e-06, 0.0004270490464326575, -2.2267262531760846e-05, 0.9920571827150839, -0.1257877010187417, -8.383255923368263e-05, 2.5813525562515924e-09, 0.1257877010499831, 0.9920571829610233, 0.005823810241635252, 0.0, 0.0, 0.0, 1.0], "right_foot_pose": [0.9999999979400311, 6.165633137651688e-05, -1.784471722021721e-05, 0.0009680834232632674, -6.418673641395557e-05, 0.960577436540226, -0.27801256138863845, -0.12012479653457198, -1.888738085867092e-12, 0.2780125619613352, 0.9605774385189851, -1.3211584604100324e-12, 0.0, 0.0, 0.0, 1.0]}, {"left_foot_pose": [0.9999999995640847, 2.9304188750297103e-05, -3.618849661990964e-06, 0.0005220778525302755, -2.952679367115748e-05, 0.992471629432389, -0.12247474800949056, -9.092661489921994e-05, 2.5824877261912215e-09, 0.12247474806295457, 0.9924716298650137, 0.006000000092877961, 0.0, 0.0, 0.0, 1.0], "right_foot_pose": [0.9999999979400307, 6.171332366629416e-05, -1.7646647655078974e-05, 0.0009680834062347759, -6.418674700736026e-05, 0.9614647228529326, -0.2749283226395478, -0.120124796520147, -1.113630321356433e-10, 0.27492832320588456, 0.9614647248335224, 8.713821331163274e-11, 0.0, 0.0, 0.0, 1.0]}, {"left_foot_pose": [0.999999999312736, 3.683359623610916e-05, -4.220823776935434e-06, 0.0006208808615772884, -3.707464309303156e-05, 0.99350487465155, -0.11378955430565374, -9.830239766219287e-05, 2.1304981380265597e-09, 0.11378955438393543, 0.9935048753343421, 0.006000000336319922, 0.0, 0.0, 0.0, 1.0], "right_foot_pose": [0.9999999979400288, 6.185505607812242e-05, -1.7143334762382194e-05, 0.0009680833635281838, -6.418677347435275e-05, 0.9636712967180434, -0.2670910477006352, -0.12012479648529523, -3.920930503657283e-10, 0.26709104825081054, 0.9636712987031848, 3.1677183098821615e-10, 0.0, 0.0, 0.0, 1.0]}, {"left_foot_pose": [0.9999999990110688, 4.4251602741284916e-05, -4.43383927217845e-06, 0.000717729318564909, -4.447317477265983e-05, 0.995020570051898, -0.09966977072178561, -0.00010553240540679514, 1.214180697126574e-09, 0.09966977082040561, 0.9950205710359, 0.005978465228074825, 0.0, 0.0, 0.0, 1.0], "right_foot_pose": [0.9999999979400263, 6.207697903296226e-05, -1.6321643997619292e-05, 0.0009680832900771393, -6.418681630912168e-05, 0.9671263198600697, -0.2542964359049704, -0.12012479644384551, -8.630263605866565e-10, 0.25429643642876054, 0.9671263218523385, 7.015560493650597e-10, 0.0, 0.0, 0.0, 1.0]}, {"left_foot_pose": [0.9999999986849378, 5.112302428659414e-05, -4.069656181993973e-06, 0.0008068943275677577, -5.128475127740818e-05, 0.9968462334246542, -0.07935732024807339, -0.00011218974658918322, -1.6477417850615167e-10, 0.07935732035242447, 0.9968462347355703, 0.005079320002013089, 0.0, 0.0, 0.0, 1.0], "right_foot_pose": [0.9999999979400223, 6.237170243817828e-05, -1.5156701586638764e-05, 0.0009680831839088332, -6.418687455872786e-05, 0.9717148089608179, -0.23615741768211818, -0.12012479644693724, -1.5487975943928738e-09, 0.2361574181685004, 0.9717148109625519, 1.2490611253634931e-09, 0.0, 0.0, 0.0, 1.0]}, {"left_foot_pose": [0.9999999983714096, 5.6991085028745984e-05, -3.0328240437370793e-06, 0.000882647205397422, -5.707172497452687e-05, 0.9985854735898849, -0.05316999791315032, -0.00011784558665743974, -1.6818380815464476e-09, 0.05316999799964633, 0.9985854752161769, 0.0033592343269119515, 0.0, 0.0, 0.0, 1.0], "right_foot_pose": [0.9999999979400185, 6.272256686021915e-05, -1.3632413441489392e-05, 0.0009680830529451278, -6.418693857748865e-05, 0.9771778441749958, -0.21242282535910495, -0.12012479644553661, -2.412488619135123e-09, 0.21242282579654057, 0.9771778461879967, 1.9566427020278887e-09, 0.0, 0.0, 0.0, 1.0]}, {"left_foot_pose": [0.9999999981152382, 6.13817428544729e-05, -1.3439740924059367e-06, 0.0009392592935117133, -6.139645439766902e-05, 0.9997592771888859, -0.021940462739714853, -0.00012207181354570787, -3.093275027827675e-09, 0.021940462780877214, 0.9997592790731986, 0.0015090984936936003, 0.0, 0.0, 0.0, 1.0], "right_foot_pose": [0.999999997940015, 6.31024175955839e-05, -1.1749671175842955e-05, 0.0009680829101439384, -6.418699142183646e-05, 0.98309328891608, -0.18310538268493162, -0.12012479643654204, -3.3694423755910973e-09, 0.18310538306191312, 0.9830932909412768, 2.76440158264446e-09, 0.0, 0.0, 0.0, 1.0]}, {"left_foot_pose": [0.9999999979634215, 6.381551173065095e-05, 8.592174464127756e-07, 0.000971001815059265, -6.382129562540317e-05, 0.9999102299780819, 0.01339880263390603, -0.00012444046408481742, -4.08886787827048e-09, -0.013398802661454998, 0.9999102320144746, 0.00021980301847147887, 0.0, 0.0, 0.0, 1.0], "right_foot_pose": [0.9999999979400143, 6.34729476533745e-05, -9.547594124637507e-06, 0.0009680827927880732, -6.41870050705817e-05, 0.988865674257772, -0.14881086705865995, -0.12012479642213438, -4.1762735458023446e-09, 0.14881086736494292, 0.9888656762948611, 3.472834145257231e-09, 0.0, 0.0, 0.0, 1.0]}, {"left_foot_pose": [0.9999999979400385, 6.41022763146749e-05, 3.2896968454864742e-06, 0.0009757852140694407, -6.418663346168968e-05, 0.9986892142942583, 0.05118446182576956, -0.00012479659345325002, -4.344243088216968e-09, -0.05118446193148639, 0.998689216351506, 3.7134788924420015e-09, 0.0, 0.0, 0.0, 1.0], "right_foot_pose": [0.9999999979400173, 6.378689894977225e-05, -7.155206741827286e-06, 0.0009680827660658486, -6.418695694408754e-05, 0.9937596449180377, -0.11154265557359717, -0.1201247964699549, -4.404388726604167e-09, 0.11154265580309199, 0.9937596469651969, 3.705154585920134e-09, 0.0, 0.0, 0.0, 1.0]}, {"left_foot_pose": [0.999999997940042, 6.393360672617719e-05, 5.693021448592804e-06, 0.0009757852491590575, -6.418657606003715e-05, 0.9960643440798687, 0.08863305440311381, -0.00012479673279664448, -3.9848319618423966e-09, -0.08863305458594928, 0.9960643461316971, 3.374454583815467e-09, 0.0, 0.0, 0.0, 1.0], "right_foot_pose": [0.9999999979400224, 6.401011054362354e-05, -4.760287320382747e-06, 0.0009680828395603834, -6.418687226689013e-05, 0.9972415448675126, -0.07422463923996041, -0.12012479659689107, -3.971081324695843e-09, 0.07422463939260712, 0.9972415469218263, 3.3802645404978904e-09, 0.0, 0.0, 0.0, 1.0]}, {"left_foot_pose": [0.9999999979400425, 6.370161200394197e-05, 7.875307737935613e-06, 0.0009757853729450444, -6.418657051472591e-05, 0.9924504014804166, 0.12264663257278942, -0.0001247968135279524, -3.064124680451581e-09, -0.12264663282563182, 0.9924504035247984, 2.577943747361644e-09, 0.0, 0.0, 0.0, 1.0], "right_foot_pose": [0.9999999979555025, 6.389438087016675e-05, -2.5500281068962475e-06, 0.0009680826527924119, -6.394524639850956e-05, 0.9992022781645579, -0.03993498743912472, -0.12012963939057361, -3.6274036959398188e-09, 0.039934987520539734, 0.9992022802074336, 8.978487811679703e-06, 0.0, 0.0, 0.0, 1.0]}, {"left_foot_pose": [0.9999999979400402, 6.344930706145335e-05, 9.700799111110842e-06, 0.0009757855223694939, -6.41866034753907e-05, 0.9885180726777915, 0.15110266665239597, -0.0001247967633439392, -2.055746639499926e-09, -0.15110266696379215, 0.9885180747140795, 1.7035909627427515e-09, 0.0, 0.0, 0.0, 1.0], "right_foot_pose": [0.9999999992261857, 3.9338758679554505e-05, -3.0145710000514966e-07, 0.0009680508932417408, -3.9339913511930926e-05, 0.9999698619766734, -0.007763606811507705, -0.12062297410456788, -3.962640193038371e-09, 0.007763606817359216, 0.9999698627504658, 0.0008383182034451958, 0.0, 0.0, 0.0, 1.0]}, {"left_foot_pose": [0.9999999979400374, 6.321592277136587e-05, 1.1120858883161241e-05, 0.0009757856560175921, -6.418665276163481e-05, 0.9848795845577207, 0.17324029497055746, -0.0001247967446815863, -1.161769135518862e-09, -0.17324029532749988, 0.9848795865865235, 9.464197342490266e-10, 0.0, 0.0, 0.0, 1.0], "right_foot_pose": [0.9999999997905782, -2.0460023667304093e-05, -4.800820241899812e-07, 0.0009679739044109733, 2.0465655159133367e-05, 0.9997276540505307, 0.023337037253671537, -0.12182207371540596, 2.474941293690554e-09, -0.023337037258609653, 0.999727654259894, 0.002529238951089044, 0.0, 0.0, 0.0, 1.0]}, {"left_foot_pose": [0.9999999979400345, 6.30322887974221e-05, 1.2118696114781193e-05, 0.0009757857547992391, -6.418669820357853e-05, 0.9820162825562555, 0.18879623056210884, -0.00012479675267618433, -4.983794478953015e-10, -0.1887962309510544, 0.9820162845791699, 3.9872292273424037e-10, 0.0, 0.0, 0.0, 1.0], "right_foot_pose": [0.9999999941569684, -0.00010795409927552159, -5.654692091682483e-06, 0.0009678612480992315, 0.00010810209490641198, 0.9986372510090895, 0.05218840111505346, -0.12357917969707055, 1.3034330698046574e-08, -0.05218840142139925, 0.998637256844085, 0.004390849946856394, 0.0, 0.0, 0.0, 1.0]}, {"left_foot_pose": [0.9999999979400325, 6.291950257235324e-05, 1.269142411880361e-05, 0.000975785812259581, -6.418672799007958e-05, 0.980257528095254, 0.19772499713654634, -0.0001247967731828805, -1.0556914178947209e-10, -0.19772499754386044, 0.9802575301145515, 8.338622153880593e-11, 0.0, 0.0, 0.0, 1.0], "right_foot_pose": [0.9999999766288012, -0.0002155519546974037, -1.672578405326024e-05, 0.000967722352591646, 0.00021619989918824676, 0.9970118829240753, 0.07724803276325788, -0.12574653333715602, 2.4840993647350457e-08, -0.07724803457399175, 0.9970119062250234, 0.005732260794380661, 0.0, 0.0, 0.0, 1.0]}, {"left_foot_pose": [0.9999999979400319, 6.288997593681507e-05, 1.2836977420825871e-05, 0.0009757858276967437, -6.418673587739432e-05, 0.9797970822703006, 0.19999418355209564, -0.0001247967850924927, -3.6312063885276275e-12, -0.1999941839640779, 0.9797970842886516, 2.889362360480874e-12, 0.0, 0.0, 0.0, 1.0], "right_foot_pose": [0.9999999430841813, -0.00033580581868758696, -3.265097481436061e-05, 0.0009675665142378091, 0.0003373894378977506, 0.9953161916221174, 0.09667246176244608, -0.12817637521227193, 3.4868738196594165e-08, -0.096672467276348, 0.9953162482702178, 0.00600000071934715, 0.0, 0.0, 0.0, 1.0]}, {"left_foot_pose": [0.9999999979400328, 6.294665803317082e-05, 1.2556005757112768e-05, 0.0009757857996735712, -6.418672010659943e-05, 0.9806810052617839, 0.19561380779178766, -0.0001247968080390063, -2.0088271104809352e-10, -0.1956138081947587, 0.9806810072819528, 1.6363497362670287e-10, 0.0, 0.0, 0.0, 1.0], "right_foot_pose": [0.999999892212261, -0.0004614989002616729, -5.0933596406395795e-05, 0.0009674032564557516, 0.00046430104944767195, 0.9939743340974273, 0.10961207771094987, -0.13072094650129013, 4.083425198189986e-08, -0.10961208954463428, 0.9939744412336052, 0.006000000247941048, 0.0, 0.0, 0.0, 1.0]}, {"left_foot_pose": [0.9999999979400351, 6.308562606005063e-05, 1.1837816203729114e-05, 0.0009757857232154002, -6.418668169732421e-05, 0.9828480929979149, 0.18441697853080857, -0.00012479684553063763, -7.145346089840858e-10, -0.18441697891074652, 0.9828480950225392, 5.874144295980877e-10, 0.0, 0.0, 0.0, 1.0], "right_foot_pose": [0.9999998262064833, -0.0005856391537730146, -6.792484504524829e-05, 0.0009672420832934673, 0.0005895650950451804, 0.993348859007456, 0.11514207190069158, -0.13323248946654323, 4.136177217566524e-08, -0.11514209193586389, 0.9933490316422678, 0.005998212009983087, 0.0, 0.0, 0.0, 1.0]}, {"left_foot_pose": [0.9999999979400389, 6.329541372190084e-05, 1.0658962036945682e-05, 0.0009757855960614493, -6.418662529999165e-05, 0.9861193892723499, 0.16603778479974274, -0.0001247968167901476, -1.578852042816233e-09, -0.16603778514187434, 0.9861193913037009, 1.296365272074329e-09, 0.0, 0.0, 0.0, 1.0], "right_foot_pose": [0.9999997509146672, -0.0007014095505613002, -7.870988318103286e-05, 0.0009670923435051877, 0.0007058120160919673, 0.9937679310970334, 0.11146659119448932, -0.13556324520681112, 3.56261332490677e-08, -0.11146661898417791, 0.993768178627307, 0.005241069559212622, 0.0, 0.0, 0.0, 1.0]}, {"left_foot_pose": [0.9999999979400428, 6.355252855544152e-05, 8.999527377594423e-06, 0.0009757854233971429, -6.41865669052604e-05, 0.9901279985855083, 0.14016612392850594, -0.00012479676287563673, -2.7724373480254785e-09, -0.14016612421741878, 0.9901280006251052, 2.295988135725402e-09, 0.0, 0.0, 0.0, 1.0], "right_foot_pose": [0.9999996754459293, -0.0008018340184446079, -7.85508957821749e-05, 0.0009669636191232692, 0.0008056724121905535, 0.9952384247092794, 0.09746706558708164, -0.1375654552707379, 2.4460912087601916e-08, -0.09746709724003859, 0.9952387477161448, 0.003581705686907251, 0.0, 0.0, 0.0, 1.0]}, {"left_foot_pose": [0.9999999979400447, 6.381923026521288e-05, 6.856898280059822e-06, 0.0009757852182871898, -6.418653431913672e-05, 0.9942845538301762, 0.10676245545516894, -0.00012479667823739413, -4.210318883382082e-09, -0.1067624556753639, 0.9942845558783292, 3.5343744458904425e-09, 0.0, 0.0, 0.0, 1.0], "right_foot_pose": [0.9999996112345815, -0.0008794217550954054, -6.440545345570019e-05, 0.0009668654928628852, 0.0008817770044955225, 0.997329466030894, 0.0730284783892288, -0.13909136196029478, 1.062386732494766e-08, -0.07302850678952982, 0.9973298537575678, 0.0017110109274233037, 0.0, 0.0, 0.0, 1.0]}, {"left_foot_pose": [0.9999999979400427, 6.404439822791097e-05, 4.2696801833541154e-06, 0.0009757850221062598, -6.418656465104089e-05, 0.9977909131124086, 0.06643259433735611, -0.0001247965611182178, -5.612562023908199e-09, -0.0664325944745642, 0.9977909151677914, 4.78770912498705e-09, 0.0, 0.0, 0.0, 1.0], "right_foot_pose": [0.9999995705611151, -0.0009260765234994901, -3.54944794288476e-05, 0.0009668074281261319, 0.0009267564865940745, 0.9992658010248658, 0.03830143632486812, -0.13999320749090072, -1.6415784827212812e-09, -0.03830145277148124, 0.9992662301486996, 0.00031987601081813477, 0.0, 0.0, 0.0, 1.0]}, {"left_foot_pose": [0.9999999979400358, 6.417188278615468e-05, 1.3779007154146084e-06, 0.0009757849135929268, -6.418667393447164e-05, 0.999771661034041, 0.0213687078061974, -0.00012479639866222296, -6.315874537053259e-09, -0.021368707850621792, 0.9997716630935265, 5.490108298533691e-09, 0.0, 0.0, 0.0, 1.0], "right_foot_pose": [0.9999995621268136, -0.0009357991131523319, 5.118662672783408e-06, 0.0009667955830880985, 0.0009358131121354742, 0.999984639717893, -0.00546301950344848, -0.1401747970096704, -6.2952423277451355e-09, 0.005463021901450175, 0.9999850775845127, 5.468675116915289e-09, 0.0, 0.0, 0.0, 1.0]}, {"left_foot_pose": [0.9999999979400274, 6.416743312363746e-05, -1.5769381475639313e-06, 0.0009757849492681623, -6.418680682858953e-05, 0.999695836974809, -0.024662307582438578, -0.00012479618628762415, -6.0584713668534825e-09, 0.024662307632853195, 0.9996958390341651, 5.397747387947405e-09, 0.0, 0.0, 0.0, 1.0], "right_foot_pose": [0.9999995621269356, -0.0009345674791472393, 4.826555078475017e-05, 0.0009667955613229629, 0.0009358129815483433, 0.99866897072677, -0.051569478973491456, -0.14017479676140485, -6.1499584656516895e-09, 0.05156950156013447, 0.9986694080169068, 5.264155868156539e-09, 0.0, 0.0, 0.0, 1.0]}, {"left_foot_pose": [0.9999999979400218, 6.403885204165423e-05, -4.356912017445868e-06, 0.0009757851465647722, -6.418689296230795e-05, 0.9976883061637564, -0.06795615957467094, -0.00012479613404841293, -4.9942776452144995e-09, 0.067956159714339, 0.997688308218995, 4.560343797033184e-09, 0.0, 0.0, 0.0, 1.0], "right_foot_pose": [0.9999995621270057, -0.0009315667863482406, 8.904560093942637e-05, 0.0009667957201383306, 0.0009358129067539717, 0.9954627280465568, -0.095147681654944, -0.14017479653014733, -5.156804133276573e-09, 0.0951477233223662, 0.9954631639325336, 4.356940384864227e-09, 0.0, 0.0, 0.0, 1.0]}, {"left_foot_pose": [0.999999999053105, 4.3287721459314945e-05, -4.46813741583697e-06, 0.000973374579490083, -4.351770740125109e-05, 0.9946797182634577, -0.10301580549380977, -0.000539138228088135, -1.495382814560048e-08, 0.1030158055907073, 0.9946797192053823, 0.0006826701902877402, 0.0, 0.0, 0.0, 1.0], "right_foot_pose": [0.9999995621269986, -0.0009275118376196432, 0.00012436881510819616, 0.0009667959363508091, 0.0009358129145734798, 0.9911296431904537, -0.13289527697910522, -0.140174796511986, -3.6767804817865925e-09, 0.13289533517379457, 0.9911300771790982, 3.065220653686307e-09, 0.0, 0.0, 0.0, 1.0]}, {"left_foot_pose": [0.9999999998955356, -1.4333698409488941e-05, 1.8640470018096811e-06, 0.0009666128903417964, 1.4454367957831679e-05, 0.9919045272598646, -0.12698585981303914, -0.001701272616719398, -2.8779643232032267e-08, 0.12698585982671687, 0.99190452736343, 0.0023080868183031206, 0.0, 0.0, 0.0, 1.0], "right_foot_pose": [0.9999995621269488, -0.0009232317798168509, 0.0001529345966397382, 0.0009667961350313942, 0.0009358129674821863, 0.9865558481346677, -0.16342179403426055, -0.14017479650502926, -2.3269301643373764e-09, 0.16342186559443955, 0.98655628012072, 1.9150039956561393e-09, 0.0, 0.0, 0.0, 1.0]}, {"left_foot_pose": [0.9999999947868216, -0.00010109302952531912, 1.4372081157678228e-05, 0.0009563889384350395, 0.0001021095275231847, 0.9901020961054343, -0.14034895390158952, -0.003458455120350923, -4.152673897734817e-08, 0.1403489546374514, 0.9901021012664167, 0.00418547592310211, 0.0, 0.0, 0.0, 1.0], "right_foot_pose": [0.9999995621268896, -0.0009193790016215956, 0.00017460893546412267, 0.0009667962908043926, 0.0009358130309869625, 0.9824385912568709, -0.18658386495939566, -0.14017479649547437, -1.2690931681571353e-09, 0.1865839466606553, 0.9824390214402794, 1.0349172074874957e-09, 0.0, 0.0, 0.0, 1.0]}, {"left_foot_pose": [0.9999999775651085, -0.0002096290913007668, 3.0420844055915473e-05, 0.0009435918392245617, 0.00021182488328893133, 0.9896676985156837, -0.14337992064752283, -0.005657879366405993, -4.99242476909919e-08, 0.14337992387470117, 0.9896677207172534, 0.005623946597012021, 0.0, 0.0, 0.0, 1.0], "right_foot_pose": [0.9999995621268396, -0.0009164049403231986, 0.00018959987926054503, 0.0009667963978282209, 0.000935813084362573, 0.9792603488226168, -0.20260378446040497, -0.1401747964826206, -5.348938052248412e-10, 0.20260387317569326, 0.9792607776145266, 4.388811120081826e-10, 0.0, 0.0, 0.0, 1.0]}, {"left_foot_pose": [0.9999999435594868, -0.00033282980307627045, 4.5884048745953695e-05, 0.0009291105576921636, 0.00033597770912094594, 0.9906517269405964, -0.13641496629253586, -0.00814673885456119, -5.2145761400296524e-08, 0.13641497400922234, 0.9906517828510993, 0.006000000349836061, 0.0, 0.0, 0.0, 1.0], "right_foot_pose": [0.9999995621268084, -0.000914588073914566, 0.0001981788229353313, 0.0009667964583344582, 0.0009358131174582649, 0.9773187419315259, -0.2117715772316695, -0.14017479648441764, -1.1897857715258017e-10, 0.2117716699609152, 0.9773191698733659, 1.0384382242989432e-10, 0.0, 0.0, 0.0, 1.0]}, {"left_foot_pose": [0.9999998909809189, -0.00046349113317624505, 5.6693220477307886e-05, 0.0009138342275500595, 0.0004669455529984456, 0.9926144884024616, -0.1213105905326115, -0.010772225781863723, -4.812896787576524e-08, 0.12131060378008915, 0.9926145966136651, 0.006000000928368984, 0.0, 0.0, 0.0, 1.0], "right_foot_pose": [0.9999995621267996, -0.0009140416778357248, 0.00020068388076849997, 0.0009667964762515382, 0.00093581312708318, 0.9767348323072157, -0.2144485756809469, -0.140174796494915, -7.04603979141185e-13, 0.21444866958227263, 0.9767352599934094, -3.120628755404198e-13, 0.0, 0.0, 0.0, 1.0]}, {"left_foot_pose": [0.9999998217321452, -0.0005941373162074607, 5.946871327517867e-05, 0.0008986520174218084, 0.0005971060850807557, 0.9950344112849866, -0.09952971326726677, -0.01338153313201458, -3.9099380404730626e-08, 0.09952973103344849, 0.9950345886653432, 0.006000001613588282, 0.0, 0.0, 0.0, 1.0], "right_foot_pose": [0.9999995621268115, -0.0009147730669309142, 0.00019732313846716065, 0.0009667964522230618, 0.0009358131143325142, 0.9775164339773107, -0.21085716861918008, -0.14017479648317346, -1.5183363838127034e-10, 0.21085726094805998, 0.9775168620057055, 1.1993239040775094e-10, 0.0, 0.0, 0.0, 1.0]}, {"left_foot_pose": [0.9999997416366946, -0.0007171866639608613, 4.868094579958568e-05, 0.0008844529105671021, 0.0007188369389388103, 0.9977064130266817, -0.06768601538640423, -0.015821855211989123, -2.5784244895661012e-08, 0.06768603289248325, 0.9977066707962206, 0.00539033474147662, 0.0, 0.0, 0.0, 1.0], "right_foot_pose": [0.9999995621268474, -0.0009174411540115621, 0.00018452057307567088, 0.000966796378772728, 0.0009358130758660574, 0.9803676632627982, -0.19717598505530082, -0.14017479649164588, -6.397777392985094e-10, 0.1971760713939955, 0.9803680925395472, 5.156687091223411e-10, 0.0, 0.0, 0.0, 1.0]}, {"left_foot_pose": [0.9999996600866565, -0.0008240236392866178, 2.8488847782019153e-05, 0.0008721261436685034, 0.0008245159624760616, 0.999403106851228, -0.034536215622755974, -0.017940383163808707, -1.3184899493505715e-08, 0.03453622737294486, 0.9994034465614199, 0.0038012552206699857, 0.0, 0.0, 0.0, 1.0], "right_foot_pose": [0.9999995621268921, -0.0009204888250362288, 0.00016866044818442824, 0.0009667962772735426, 0.0009358130282255649, 0.9836245402717838, -0.1802273232034995, -0.14017479650660272, -1.3188326115278133e-09, 0.18022740212144595, 0.9836249709744842, 1.0736414673973016e-09, 0.0, 0.0, 0.0, 1.0]}, {"left_foot_pose": [0.9999995891101366, -0.0009065201175439155, -9.137052324585156e-07, 0.0008625609784984197, 0.0009065205780105617, 0.9999990771253744, 0.001011913455807617, -0.019584309311216474, -3.6155156747455235e-09, -0.0010119138683155498, 0.9999994880150309, 0.001919562815101479, 0.0, 0.0, 0.0, 1.0], "right_foot_pose": [0.999999562126936, -0.0009241842054567912, 0.0001470696786427599, 0.0009667961518630987, 0.0009358129813094728, 0.987573542278388, -0.1571547735380033, -0.14017479651015682, -2.163983238305286e-09, 0.15715484235387542, 0.9875739747101117, 1.7841939800589124e-09, 0.0, 0.0, 0.0, 1.0]}, {"left_foot_pose": [0.9999995418570906, -0.000956571470598901, -3.544899721245546e-05, 0.0008566465398363488, 0.0009572280865957192, 0.9993135792142911, 0.03703314883066052, -0.02060082643548824, -1.8935384737794017e-10, -0.03703316579696204, 0.9993140370429383, 0.00043614789630726236, 0.0, 0.0, 0.0, 1.0], "right_foot_pose": [0.9999995621269586, -0.0009280489987629637, 0.00012029524732293958, 0.0009667960307474658, 0.0009358129570723736, 0.9917034912394267, -0.1285430267172892, -0.14017479649583905, -2.989506843284531e-09, 0.12854308300561415, 0.9917039254794807, 2.498402366934993e-09, 0.0, 0.0, 0.0, 1.0]}, {"left_foot_pose": [0.9999995294043197, -0.0009676785457544395, -6.920529140889612e-05, 0.0008551394638004217, 0.0009701500606924378, 0.9974517220212179, 0.07133807570832815, -0.020859868571245888, -3.3882698780496146e-09, -0.07133810927645581, 0.9974521914181457, 2.878725535726545e-09, 0.0, 0.0, 0.0, 1.0], "right_foot_pose": [0.9999995621269391, -0.0009314774402008175, 8.997615357626165e-05, 0.0009667959729408974, 0.0009358129780057133, 0.9953670036984427, -0.09614391401672187, -0.1401747964862847, -3.4074706118417177e-09, 0.09614395611874403, 0.9953674395427232, 2.8818401623387224e-09, 0.0, 0.0, 0.0, 1.0]}, {"left_foot_pose": [0.9999995294042743, -0.0009647981279912621, -0.00010176346578731263, 0.0008551394596166953, 0.0009701501073204408, 0.9944825191015141, 0.10489794092486679, -0.020859868664796923, -3.3492261120947756e-09, -0.1048979902861817, 0.994482987101298, 2.826437806024984e-09, 0.0, 0.0, 0.0, 1.0], "right_foot_pose": [0.9999995621268897, -0.0009339810184600448, 5.8527649014046855e-05, 0.0009667959956613399, 0.0009358130307555166, 0.9980421154621678, -0.0625384683036963, -0.14017479657819262, -3.3163157010467725e-09, 0.06253849569071912, 0.99804255247797, 2.8381389322040818e-09, 0.0, 0.0, 0.0, 1.0]}, {"left_foot_pose": [0.9999995294042696, -0.0009610823169803544, -0.00013233298879193256, 0.0008551395414228192, 0.0009701501120589853, 0.9906523533097694, 0.13640738136397423, -0.020859868731254207, -2.73536740776571e-09, -0.1364074455541071, 0.9906528195071188, 2.3001801435773572e-09, 0.0, 0.0, 0.0, 1.0], "right_foot_pose": [0.9999995621268355, -0.0009353730127002612, 2.869606219330803e-05, 0.0009667960949381685, 0.0009358130886380545, 0.9995293892893731, -0.03066144485630454, -0.14017479663126395, -2.6694700572568695e-09, 0.030661458284631054, 0.9995298269565843, 2.317023871378776e-09, 0.0, 0.0, 0.0, 1.0]}, {"left_foot_pose": [0.9999995294043005, -0.0009571233582277245, -0.00015844890512260385, 0.0008551396661959439, 0.0009701500803466607, 0.9865716831206, 0.1633259712152621, -0.02085986867300886, -1.8990402805112804e-09, -0.16332604807398068, 0.9865721473975113, 1.5735219169310533e-09, 0.0, 0.0, 0.0, 1.0], "right_foot_pose": [0.9999995468793816, -0.000951966420390519, 9.825967221062788e-07, 0.0009671741556844393, 0.0009519669274928394, 0.9999990171247592, -0.0010293242855442639, -0.14049862545970693, -2.7136008336294787e-09, 0.0010293247545355958, 0.9999994702451345, 0.0005400728242518985, 0.0, 0.0, 0.0, 1.0]}, {"left_foot_pose": [0.9999995294043459, -0.0009534682222538191, -0.00017913524709571238, 0.0008551397852096233, 0.0009701500335511277, 0.9828042418453246, 0.1846479921898697, -0.02085986863640347, -1.1121466101745712e-09, -0.1846480790833932, 0.9828047043491468, 9.039745479944017e-10, 0.0, 0.0, 0.0, 1.0], "right_foot_pose": [0.9999994940372123, -0.0010055362960234564, -2.8671882189293832e-05, 0.0009684376625093618, 0.0010059449882757641, 0.9995933145738105, 0.028499009351617647, -0.14158070369896242, 3.433448848142746e-09, -0.02849902377451582, 0.999593820330988, 0.002090425016286118, 0.0, 0.0, 0.0, 1.0]}, {"left_foot_pose": [0.9999995294043883, -0.0009505630563566903, -0.00019396102252709432, 0.0008551398769110056, 0.0009701499896254268, 0.9798098426118558, 0.19992931533401712, -0.020859868633062186, -5.020844288824265e-10, -0.19992940941944293, 0.9798103037063823, 3.992784783357628e-10, 0.0, 0.0, 0.0, 1.0], "right_foot_pose": [0.9999994054013497, -0.0010887500616816037, -6.180817277167373e-05, 0.0009704171659758819, 0.0010905030705298255, 0.9983926147510781, 0.05666566520882228, -0.14327580699625808, 1.4076735148839626e-08, -0.0566656989174966, 0.9983932083934626, 0.0039740299446553926, 0.0, 0.0, 0.0, 1.0]}, {"left_foot_pose": [0.9999995294044177, -0.0009487177131436349, -0.00020279458823189655, 0.0008551399328777318, 0.0009701499596707538, 0.9779078292486622, 0.2090342945624618, -0.020859868648984703, -1.223448912285723e-10, -0.209034392933008, 0.9779082894480086, 9.472490153372704e-11, 0.0, 0.0, 0.0, 1.0], "right_foot_pose": [0.9999992823754214, -0.0011939912607647515, -9.815045810506338e-05, 0.0009729342089147122, 0.001198018631953439, 0.996639402045269, 0.08190523208077741, -0.14543112857832194, 2.6482560593705644e-08, -0.0819052908896474, 0.9966401172561149, 0.005499997121831343, 0.0, 0.0, 0.0, 1.0]}, {"left_foot_pose": [0.999999529404427, -0.0009483554793641144, -0.0002044818090267514, 0.0008551399503022181, 0.0009701499499888418, 0.9775344858956069, 0.21077330877956793, -0.020859868663207836, -2.223051699025944e-12, -0.21077340796859886, 0.9775349459192257, 1.8741883045514385e-12, 0.0, 0.0, 0.0, 1.0], "right_foot_pose": [0.9999991276522044, -0.001314097819202296, -0.00013357301700544, 0.0009758101856635866, 0.0013208689669747902, 0.9948757000946459, 0.10109696665261646, -0.14789386118168246, 3.7245400851820214e-08, -0.10109705489335363, 0.9948765679680515, 0.006000000775916267, 0.0, 0.0, 0.0, 1.0]}, {"left_foot_pose": [0.9999995294044126, -0.0009491897998419053, -0.00020057337294536126, 0.0008551399247397959, 0.0009701499647266596, 0.9783944240978257, 0.20674479365471454, -0.020859868685814003, -1.7959540599579002e-10, -0.20674489094777787, 0.9783948845261776, 1.4607190457205377e-10, 0.0, 0.0, 0.0, 1.0], "right_foot_pose": [0.9999989466728874, -0.0014418207220548397, -0.00016675167640161037, 0.0009788666063013328, 