{"LoopMode": "Wrap", "FrameDuration": 0.005, "EnableCycleOffsetPosition": true, "EnableCycleOffsetRotation": false, "Debug_info": [{"left_foot_pose": [0.9952018419720912, 0.09771422600494666, 0.00502232731036585, 0.006977256243259171, -0.09784320996041664, 0.9938898960217278, 0.051084056715982755, -0.00017097687365881173, -1.3050916591574111e-09, -0.051330347964671105, 0.998681728769395, 2.9117563221658926e-09, 0.0, 0.0, 0.0, 1.0], "right_foot_pose": [0.9987997401834343, 0.048936192077804336, 0.002080412081376687, -9.429733453499359e-10, -0.04898039413381737, 0.9978983806096453, 0.04242337760178233, -0.14245000026949914, -1.2920965260031518e-09, -0.04247435793007068, 0.9990975572577627, 3.174595003541114e-09, 0.0, 0.0, 0.0, 1.0]}, {"left_foot_pose": [0.9952018419738702, 0.09765517399500244, 0.006063062247939081, 0.006977256935404237, -0.09784320994231804, 0.9932892550937124, 0.061669781770023926, -0.0001709769074955715, -1.3148568430754062e-09, -0.061967109884073106, 0.9980781919732622, 2.629362227946075e-09, 0.0, 0.0, 0.0, 1.0], "right_foot_pose": [0.9987995103619336, 0.04891607703356291, 0.002599136088725947, -3.334504062766589e-07, -0.04898508038944348, 0.9973925738731259, 0.05299542887816484, -0.14244997526105924, -3.055195011756209e-08, -0.05305912730518125, 0.9985913723889325, 1.1922661411971347e-05, 0.0, 0.0, 0.0, 1.0]}, {"left_foot_pose": [0.99520184197433, 0.09758885248333596, 0.007050503661990464, 0.006977257080471451, -0.09784320993764456, 0.992614672954992, 0.07171343879324878, -0.00017097671129575123, -1.1871477118371585e-09, -0.07205919029132103, 0.9974003574766556, 2.3275912378051267e-09, 0.0, 0.0, 0.0, 1.0], "right_foot_pose": [0.9987834154240186, 0.049213065047604, 0.0031246283862822145, -2.359259413837507e-05, -0.04931215949275052, 0.9967767195893265, 0.06328097827074589, -0.1424482585668056, -3.0593289993192595e-07, -0.06335807378196877, 0.9979908589193315, 0.0008178781010243011, 0.0, 0.0, 0.0, 1.0]}, {"left_foot_pose": [0.9952018419746038, 0.09751714176323005, 0.007981277634979151, 0.006977257214733107, -0.0978432099348568, 0.9918852749983028, 0.08118070898425093, -0.00017097657480186212, -1.055352509992052e-09, -0.0815721049371187, 0.996667442879584, 2.06968821941933e-09, 0.0, 0.0, 0.0, 1.0], "right_foot_pose": [0.9987426089348901, 0.04999581691986445, 0.003690445561768737, -8.188314150070166e-05, -0.0501318371646998, 0.9960337224184661, 0.0735093375545294, -0.1424439623993362, -6.488479945777044e-07, -0.07360191638625417, 0.9972877006680921, 0.0027443405476335406, 0.0, 0.0, 0.0, 1.0]}, {"left_foot_pose": [0.9952018419746982, 0.09744193276382304, 0.008852314353823406, 0.006977257328986271, -0.09784320993389499, 0.9911202946111557, 0.0900403680563799, -0.00017097649096332705, -9.201725651112448e-10, -0.09047447899351133, 0.995898774299303, 1.836275881350602e-09, 0.0, 0.0, 0.0, 1.0], "right_foot_pose": [0.9986775110210412, 0.05123113025176986, 0.004312803490061285, -0.00017294944511595575, -0.05141234267869988, 0.9951592004000916, 0.08375522001247489, -0.14243725326516934, -1.0514869274875044e-06, -0.08386618598801523, 0.9964770257495742, 0.005588801757006913, 0.0, 0.0, 0.0, 1.0]}, {"left_foot_pose": [0.9952018419746338, 0.09736513548159005, 0.0096604411363276, 0.006977257418194495, -0.0978432099345518, 0.9903391591270014, 0.09826014537607804, -0.00017097645377106216, -7.847641299074407e-10, -0.0987338862411305, 0.9951138727340326, 1.6153454684975088e-09, 0.0, 0.0, 0.0, 1.0], "right_foot_pose": [0.9985880362876449, 0.05288561250287709, 0.005004575244793374, -0.0002945360740883269, -0.05312187666974782, 0.9941493999511004, 0.0940480557797485, -0.14242829763540146, -1.5064420048144152e-06, -0.09418111576670848, 0.995555080058692, 0.009148758025614795, 0.0, 0.0, 0.0, 1.0]}, {"left_foot_pose": [0.995201841974446, 0.09728849351556332, 0.010403978092172106, 0.0069772574810691166, -0.09784320993645977, 0.9895596033902596, 0.10582295406688941, -0.0001709764566647544, -6.540366104239768e-10, -0.10633315742319253, 0.9943305585329335, 1.4029795519787669e-09, 0.0, 0.0, 0.0, 1.0], "right_foot_pose": [0.9984737352929426, 0.054925758015317266, 0.005775901366995104, -0.000444387739586983, -0.05522861510244652, 0.9930022035111485, 0.10438593725147659, -0.14241726179655287, -2.0060550124400146e-06, -0.10454561171300422, 0.9945200928425376, 0.013221709117919214, 0.0, 0.0, 0.0, 1.0]}, {"left_foot_pose": [0.9952018419741593, 0.09721361421228887, 0.011081829407896726, 0.006977257518545386, -0.097843209939379, 0.9887979763632858, 0.11271764816846852, -0.00017097649388014922, -5.289657815652889e-10, -0.11326109284152454, 0.9935652594814016, 1.1927593981941875e-09, 0.0, 0.0, 0.0, 1.0], "right_foot_pose": [0.9983339259731343, 0.057318188754983, 0.006633060298016408, -0.0006202491914506451, -0.05770071268718937, 0.9917205836634961, 0.114721016790844, -0.1424043119237322, -2.5415356429929395e-06, -0.11491261539092591, 0.9933756040982474, 0.017605156242248482, 0.0, 0.0, 0.0, 1.0]}, {"left_foot_pose": [0.995201841973798, 0.09714202678787924, 0.011692748329755944, 0.0069772575325308655, -0.0978432099430512, 0.9880698323134868, 0.11893154644600751, -0.00017097655899387873, -4.1068401517802133e-10, -0.11950495012149877, 0.9928336048384235, 9.829531841254457e-10, 0.0, 0.0, 0.0, 1.0], "right_foot_pose": [0.9981678149997398, 0.060030031123884976, 0.007576837197032015, -0.0008198651671176893, -0.060506306192187755, 0.990317159551225, 0.12494362892669066, -0.1423896141186096, -3.1019581464451634e-06, -0.12517315551530522, 0.9921349107499033, 0.022096600859667928, 0.0, 0.0, 0.0, 1.0]}, {"left_foot_pose": [0.9952018419733931, 0.09707514029695542, 0.012235639300526319, 0.006977257525582683, -0.09784320994717058, 0.9873895032998502, 0.12445350553724877, -0.00017097664436073728, -3.0102673185460294e-10, -0.1250535321756353, 0.9921499957619305, 7.766321891145012e-10, 0.0, 0.0, 0.0, 1.0], "right_foot_pose": [0.9979746090516082, 0.06302937330702492, 0.00860103417115501, -0.0010409803855228926, -0.06361351801932671, 0.9888182986324621, 0.13487658290009982, -0.14237333441206157, -3.673481614819604e-06, -0.13515054713217572, 0.990825075175421, 0.026493544240100836, 0.0, 0.0, 0.0, 1.0]}, {"left_foot_pose": [0.995201841972971, 0.09701422346923527, 0.012709609681984618, 0.00697725750050683, -0.09784320995146807, 0.9867698940803402, 0.12927444605593133, -0.00017097674170807667, -2.0116310737110804e-10, -0.12989771584341409, 0.9915273992274066, 5.787518658761925e-10, 0.0, 0.0, 0.0, 1.0], "right_foot_pose": [0.9977536159855497, 0.0662858517987447, 0.009690595393233397, -0.001281339570850272, -0.06699046028946068, 0.9872683502560896, 0.1442687866893772, -0.14235563874757695, -4.2387132001740545e-06, -0.14459388103904583, 0.9894910861387786, 0.030593487371507196, 0.0, 0.0, 0.0, 1.0]}, {"left_foot_pose": [0.9952018419725562, 0.09696042893758772, 0.013113693403137646, 0.00697725746027574, -0.09784320995568593, 0.98622272854577, 0.1333845417029472, -0.0001709768418768345, -1.1219387224664321e-10, -0.1340276274503761, 0.990977595649884, 3.96950111669625e-10, 0.0, 0.0, 0.0, 1.0], "right_foot_pose": [0.9975043358886634, 0.06977132183793809, 0.010819543997008126, -0.0015386875015986122, -0.07060523961083166, 0.9857331841733469, 0.1527906730104014, -0.14233669292668635, -4.776335030704023e-06, -0.15317327530761135, 0.988199346138584, 0.03419393098955991, 0.0, 0.0, 0.0, 1.0]}, {"left_foot_pose": [0.9952018419721734, 0.09691478683256238, 0.01344685198821008, 0.006977257408039324, -0.09784320995957654, 0.9857584845672875, 0.13677322972135814, -0.00017097693478249163, -3.525228652754267e-11, -0.13743265331355678, 0.9905111134173087, 2.415917327303063e-10, 0.0, 0.0, 0.0, 1.0], "right_foot_pose": [0.9972265419918355, 0.0734603852207225, 0.011949717579461684, -0.0018107690770218436, -0.0744259626697772, 0.9843002052228235, 0.16004337561731227, -0.14231666255031103, -5.261440946437706e-06, -0.16048887127003644, 0.9870376498243555, 0.03709237564901424, 0.0, 0.0, 0.0, 1.0]}, {"left_foot_pose": [0.9952018419718468, 0.09687819579483681, 0.013707987284136944, 0.006977257347280846, -0.09784320996290308, 0.9853863025803958, 0.13942934035235527, -0.00017097700941361236, 2.8465329078155147e-11, -0.14010156982159427, 0.9901371370338182, 1.2599605386798274e-10, 0.0, 0.0, 0.0, 1.0], "right_foot_pose": [0.9969203514230518, 0.07733051073802417, 0.013030925812647838, -0.002095329378360382, -0.07842074270513863, 0.9830728263491796, 0.16558383135865043, -0.14229571297661087, -5.666819662922663e-06, -0.16609578622840476, 0.9861096236043209, 0.03908632182871746, 0.0, 0.0, 0.0, 1.0]}, {"left_foot_pose": [0.9952018419715966, 0.09685140233548369, 0.013896028281227744, 0.006977257282116383, -0.09784320996544604, 0.9851137756498515, 0.14134197992299544, -0.0001709770538317508, 7.77582684786926e-11, -0.14202343078008356, 0.9898632961724846, 6.699171772872603e-11, 0.0, 0.0, 0.0, 1.0], "right_foot_pose": [0.9965862857797063, 0.08136141050740413, 0.014003423726182343, -0.0023901136823412153, -0.08255770684935164, 0.9821575770750136, 0.16896957961099102, -0.1422740093232348, -5.965387668554304e-06, -0.16954885630514957, 0.9855217832651036, 0.039973270103662986, 0.0, 0.0, 0.0, 1.0]}, {"left_foot_pose": [0.995201841970886, 0.09685241657248422, 0.01388895755003847, 0.006977257191092178, -0.09784320997267382, 0.9851240918240267, 0.14127006041667373, -0.00017097702968960505, 4.783126388243544e-11, -0.14195116453188214, 0.9898736620842296, 1.6203073605058904e-11, 0.0, 0.0, 0.0, 1.0], "right_foot_pose": [0.9962253217850456, 0.08554542042187446, 0.014733949882042805, -0.0026928672004967015, -0.0868050009907552, 0.9817815668710723, 0.16902617180536528, -0.14225171694008237, -6.105472001966451e-06, -0.16966713293100313, 0.9855014276832359, 0.040000000022723775, 0.0, 0.0, 0.0, 1.0]}, {"left_foot_pose": [0.995201841970912, 0.0968486366330899, 0.013915290870723438, 0.006977257157487077, -0.0978432099724098, 0.9850856445593309, 0.14153790709708558, -0.00017097702737802877, 5.763614032403198e-11, -0.14222030257821883, 0.9898350294541817, 4.5319650809894085e-12, 0.0, 0.0, 0.0, 1.0], "right_foot_pose": [0.9958389295282946, 0.08980352843330702, 0.015496861516721059, -0.003001333985360624, -0.09113082023879382, 0.9813464284067995, 0.16927599078375694, -0.14222900370891844, -6.2084495233686405e-06, -0.16998386315808392, 0.9854468459675075, 0.040000000005798834, 0.0, 0.0, 0.0, 1.0]}, {"left_foot_pose": [0.9952018419710296, 0.09685458248872433, 0.013873845480103984, 0.006977257120859965, -0.09784320997121283, 0.9851461222171305, 0.14111634966608394, -0.00017097702587826145, 5.42769427509368e-11, -0.14179671269633276, 0.9898957986922233, 1.711563529793736e-11, 0.0, 0.0, 0.0, 1.0], "right_foot_pose": [0.9954291057999723, 0.09412136437445265, 0.016188393822706253, -0.003313258751297777, -0.0955033784082746, 0.981035473126348, 0.16866684671377496, -0.14220603586667468, -6.234855577317696e-06, -0.16944193470346627, 0.98554017205037, 0.040000000021042405, 0.0, 0.0, 0.0, 1.0]}, {"left_foot_pose": [0.9952018419712383, 0.09687016160172494, 0.013764647772865988, 0.006977257081909012, -0.09784320996908943, 0.9853045835601845, 0.14000565659371483, -0.00017097702519703033, 3.7692164804890186e-11, -0.14068066465064888, 0.9900550240231363, 5.395490304538342e-11, 0.0, 0.0, 0.0, 1.0], "right_foot_pose": [0.9949983921765785, 0.09846944148013181, 0.01679192248118112, -0.0036263862955073327, -0.09989093816646118, 0.980849484393059, 0.16720074592565135, -0.1421829794698651, -6.184441274293521e-06, -0.1680418342570116, 0.9857798648284978, 0.04000000006847918, 0.0, 0.0, 0.0, 1.0]}, {"left_foot_pose": [0.9952018419715362, 0.09689516202582733, 0.013587542546446982, 0.0069772570412189455, -0.09784320996606144, 0.9855588727987143, 0.13820424925184452, -0.00017097702526811323, 7.734146839466697e-12, -0.1388705722020239, 0.9903105392634594, 1.152510031854348e-10, 0.0, 0.0, 0.0, 1.0], "right_foot_pose": [0.9945498852112568, 0.10281810490425045, 0.017290550314382733, -0.003938461414920455, -0.10426181366911685, 0.9807880293632169, 0.16487666805295365, -0.14216000057498038, -6.058217317150826e-06, -0.16578081542119436, 0.986162624115101, 0.040000000148450135, 0.0, 0.0, 0.0, 1.0]}, {"left_foot_pose": [0.9952018419719179, 0.09692925204204422, 0.013342182515349995, 0.006977256999480673, -0.09784320996217875, 0.9859056158865291, 0.13570859526095558, -0.00017097702595193342, -3.574615855092386e-11, -0.1363628859403277, 0.9906589540997578, 2.0122160188096316e-10, 0.0, 0.0, 0.0, 1.0], "right_foot_pose": [0.9940872361663027, 0.10713745189524758, 0.017667294434507538, -0.004247228906793968, -0.10858437667049776, 0.9808494518686761, 0.16169040142196694, -0.14213726523837675, -5.858457820119813e-06, -0.16265275641780835, 0.986683374135476, 0.04000000026136248, 0.0, 0.0, 0.0, 1.0]}, {"left_foot_pose": [0.995201841972382, 0.09697196569019673, 0.013028108264752343, 0.006977256956413299, -0.09784320995745566, 0.9863400733581733, 0.13251402172228977, -0.00017097701384225124, -9.365052997111651e-11, -0.1331529104374878, 0.9910955062162415, 3.136298373784818e-10, 0.0, 0.0, 0.0, 1.0], "right_foot_pose": [0.9936146406821852, 0.11139747960314339, 0.017903836462573777, -0.0045504335341718175, -0.11282706142935618, 0.981032845729808, 0.1576217301278312, -0.14211493929524652, -5.588167432729438e-06, -0.15863529600105358, 0.9873372487815043, 0.039988080404660696, 0.0, 0.0, 0.0, 1.0]}, {"left_foot_pose": [0.9952018419729529, 0.09702320715938477, 0.012640846733893457, 0.006977256914435827, -0.09784320995164977, 0.9868612706899996, 0.12857503131820647, -0.00017097689425983088, -1.712972128080206e-10, -0.12919492902056032, 0.9916192163907341, 4.874046929947973e-10, 0.0, 0.0, 0.0, 1.0], "right_foot_pose": [0.9931368187811702, 0.11558432478295756, 0.01787520757039916, -0.004845820546860344, -0.11695836504486268, 0.9814761531198269, 0.15174090319731978, -0.14209318635743953, -5.22012439551252e-06, -0.1527901329326393, 0.988258658070435, 0.039182132089523085, 0.0, 0.0, 0.0, 1.0]}, {"left_foot_pose": [0.995201841973569, 0.09708228886321107, 0.012178789820680352, 0.006977256884827716, -0.09784320994538256, 0.9874622141516857, 0.12387526746786562, -0.0001709767560750062, -2.62694555278116e-10, -0.1244725062482941, 0.9922230571742775, 7.172262714294497e-10, 0.0, 0.0, 0.0, 1.0], "right_foot_pose": [0.9926589837300219, 0.11967014549681061, 0.01752707325404386, -0.005131135051471459, -0.12094685608747575, 0.982186210849005, 0.14381274359607124, -0.14207217396119934, -4.757716224900659e-06, -0.14487685631199393, 0.9894496937603843, 0.037255685908106226, 0.0, 0.0, 0.0, 1.0]}, {"left_foot_pose": [0.9952018419742044, 0.0971479704028868, 0.01164326319173711, 0.006977256865215475, -0.0978432099389231, 0.9881302871502629, 0.11842821405893, -0.0001709766107797989, -3.6675392832998726e-10, -0.11899919101800592, 0.9928943511457106, 9.86992751417226e-10, 0.0, 0.0, 0.0, 1.0], "right_foot_pose": [0.9921868017830673, 0.12361225497654524, 0.016892625228242197, -0.005404121286508053, -0.12476117324549843, 0.9830544020155798, 0.1343081990356409, -0.14205206913661456, -4.230247588757623e-06, -0.13536636619708842, 0.9907956130729992, 0.03441124126837471, 0.0, 0.0, 0.0, 1.0]}, {"left_foot_pose": [0.9952018419748278, 0.0972188714723829, 0.011035613238394604, 0.006977256853699488, -0.09784320993258076, 0.9888514500401486, 0.1122475657802231, -0.00017097646923413395, -4.821938571749579e-10, -0.11278874404448791, 0.9936189909703156, 1.283212015812385e-09, 0.0, 0.0, 0.0, 1.0], "right_foot_pose": [0.991726342288191, 0.12736733119287103, 0.016013274383796013, -0.005662523667926094, -0.12837001985760987, 0.9839836036417372, 0.12368268175446995, -0.14203303865850686, -3.6663444274284e-06, -0.12471499793138834, 0.992192606945613, 0.03085129769206177, 0.0, 0.0, 0.0, 1.0]}, {"left_foot_pose": [0.9952018419754054, 0.09729345551086306, 0.010357472834480208, 0.0069772568485253405, -0.09784320992670478, 0.9896100738456368, 0.10534993125044165, -0.00017097634175969583, -6.073972466332637e-10, -0.10585785402127625, 0.9943812723206382, 1.593822435141945e-09, 0.0, 0.0, 0.0, 1.0], "right_foot_pose": [0.991284017620783, 0.13089312536212716, 0.014932720533573694, -0.005904086808983923, -0.1317421587800968, 0.9848981887449494, 0.11233682124253648, -0.14201524904016716, -3.0917808690266186e-06, -0.11332496432760229, 0.9935579763912062, 0.026778354634942873, 0.0, 0.0, 0.0, 1.0]}, {"left_foot_pose": [0.9952018419759068, 0.09737007809010848, 0.00961049533009175, 0.0069772568475837664, -0.09784320992160607, 0.9903894324305815, 0.09775212735315934, -0.0001709762375371824, -7.414950698012239e-10, -0.09822341891096058, 0.9951643884190405, 1.9097870021522745e-09, 0.0, 0.0, 0.0, 1.0], "right_foot_pose": [0.9908665132470194, 0.13414949387294195, 0.013691830386320894, -0.006126555470482064, -0.13484640491797373, 0.9857474360794339, 0.10059045354068154, -0.14199886656649904, -2.528267618123004e-06, -0.10151800607013364, 0.9948337019005501, 0.022394911380615723, 0.0, 0.0, 0.0, 1.0]}, {"left_foot_pose": [0.9952018419762977, 0.0974470164681102, 0.008796175785474722, 0.006977256848838792, -0.09784320991762815, 0.9911720030977739, 0.08946936094642914, -0.00017097616496781175, -8.833512911215704e-10, -0.08990071888817934, 0.9959507320863769, 2.223044623383963e-09, 0.0, 0.0, 0.0, 1.0], "right_foot_pose": [0.99048070794386, 0.13709868716647378, 0.012325468277468648, -0.006327674494703133, -0.13765161527223851, 0.9865033759742445, 0.08867424656776997, -0.14198405736397043, -1.993276268780314e-06, -0.08952675113421371, 0.995984417964146, 0.01790346697034898, 0.0, 0.0, 0.0, 1.0]}, {"left_foot_pose": [0.9952018419765255, 0.09752238415362566, 0.007916963781914884, 0.006977256851271946, -0.09784320991531004, 0.9919385975871367, 0.08052654773634765, -0.0001709761330155428, -1.0280716036627039e-09, -0.08091478978442984, 0.9967210225505142, 2.5195207656314444e-09, 0.0, 0.0, 0.0, 1.0], "right_foot_pose": [0.9901335841996877, 0.13970498746085672, 0.010862868794278517, -0.006505188751206434, -0.14012667639542217, 0.9871547649151964, 0.07674623552719799, -0.1419709874756795, -1.5008189253658575e-06, -0.07751120295663992, 0.9969914811140376, 0.013506520173089412, 0.0, 0.0, 0.0, 1.0]}, {"left_foot_pose": [0.9952018419765611, 0.09759418387180462, 0.0069763171413751044, 0.006977256853093978, -0.09784320991494808, 0.9926689008215296, 0.0709588586105803, -0.00017097614797960403, -1.1739371604910216e-09, -0.07130097205630093, 0.9974548467894814, 2.7924150075575582e-09, 0.0, 0.0, 0.0, 1.0], "right_foot_pose": [0.9898321288149217, 0.14193433913838951, 0.00932738650793974, -0.006656843097985895, -0.14224048918852794, 0.9877021620501847, 0.06490055713781631, -0.14195982284935335, -1.0621331005787642e-06, -0.06556738865273919, 0.99784814352893, 0.009406569563172526, 0.0, 0.0, 0.0, 1.0]}, {"left_foot_pose": [0.9952018419763831, 0.09766045510661678, 0.005977393678145941, 0.006977256853065047, -0.09784320991675909, 0.9933429716145473, 0.060798412949405384, -0.00017097621455697265, -1.320360709460133e-09, -0.06109153994089522, 0.9981321674746539, 3.0388202787445806e-09, 0.0, 0.0, 0.0, 1.0], "right_foot_pose": [0.9895832236921426, 0.14375401426262258, 0.007734776690294087, -0.00678038238504876, -0.14396195117667707, 0.9881541376803699, 0.05316349121877819, -0.14195072936658407, -6.863156326464566e-07, -0.0537232125672582, 0.9985558654531965, 0.0058061139080590254, 0.0, 0.0, 0.0, 1.0]}, {"left_foot_pose": [0.9952018419759255, 0.09771917970194434, 0.004925002142619553, 0.006977256854234305, -0.0978432099214127, 0.9939402824887611, 0.05009412259374629, -0.00017097633996624416, -1.4531436643103416e-09, -0.05033564109596811, 0.9987323581598121, 3.230455007663391e-09, 0.0, 0.0, 0.0, 1.0], "right_foot_pose": [0.9893935267856933, 0.14513193903532687, 0.00609667338912276, -0.006873551504272798, -0.1452599365083912, 0.9885218214870838, 0.04152299711528434, -0.14194387287395221, -3.8159772806300855e-07, -0.04196818694801988, 0.9991189475153347, 0.0029076532126853863, 0.0, 0.0, 0.0, 1.0]}, {"left_foot_pose": [0.9952018419751767, 0.09776825564424402, 0.0038290883377662534, 0.006977256860811352, -0.0978432099290319, 0.9944394530345193, 0.03894715033466113, -0.00017097652670006007, -1.5616953310696843e-09, -0.039134926046807975, 0.9992339353541353, 3.349856204926116e-09, 0.0, 0.0, 0.0, 1.0], "right_foot_pose": [0.9892693431725145, 0.1460362136458118, 0.0044261679832217115, -0.0069340954782659905, -0.14610327395030015, 0.9888153083759548, 0.02996863797987379, -0.14193941910541935, -1.56240550248342e-07, -0.030293732443527486, 0.9995410395649672, 0.0009136905642997198, 0.0, 0.0, 0.0, 1.0]}, {"left_foot_pose": [0.9952018419741767, 0.09780594594255555, 0.0027001239764952844, 0.006977256878309161, -0.09784320993920058, 0.9948228156447239, 0.027464008110587176, -0.00017097677229231667, -1.6442570065142522e-09, -0.02759642025674445, 0.9996191462697253, 3.406060267163724e-09, 0.0, 0.0, 0.0, 1.0], "right_foot_pose": [0.9892164861744623, 0.14643525938321214, 0.0027309870048457157, -0.0069597595581758764, -0.1464607233378591, 0.9890445013694918, 0.018445347113143867, -0.14193753385681357, -1.8491527608799176e-08, -0.018646423789688605, 0.9998261403263347, 2.673338828750732e-05, 0.0, 0.0, 0.0, 1.0]}, {"left_foot_pose": [0.9952018419702539, 0.09783096438388747, 0.0015479492025512588, 0.006977257557951006, -0.0978432099791042, 0.9950772874692522, 0.015744784019518752, -0.00017097690355543857, -1.688969566855658e-09, -0.01582069437651134, 0.9998748449828339, 3.521489322366733e-09, 0.0, 0.0, 0.0, 1.0], "right_foot_pose": [0.9892149421954718, 0.1464676745926649, 0.0010091762117932113, -0.006960507698975357, -0.14647115121145604, 0.9891914624071794, 0.006815611750741896, -0.14193747968993822, -1.6887126838012715e-09, -0.006889920185553659, 0.9999762642182246, 3.5484316873723998e-09, 0.0, 0.0, 0.0, 1.0]}, {"left_foot_pose": [0.9952018419668134, 0.09784245962103569, 0.00038319860227377183, 0.006977258181975392, -0.09784321001409708, 0.9951942094871927, 0.0038976476623397453, -0.00017097699185879799, -1.5960473889719618e-09, -0.003916439514217817, 0.9999923307213574, 3.6054002561236587e-09, 0.0, 0.0, 0.0, 1.0], "right_foot_pose": [0.9892149421944303, 0.14646930318750553, -0.0007357737669328853, -0.0069605070682464566, -0.1464711512184891, 0.9892024611843089, -0.004969169712986881, -0.1419374796502696, -1.6041569786837773e-09, 0.005023346561065487, 0.9999873829150682, 3.5964120431719593e-09, 0.0, 0.0, 0.0, 1.0]}, {"left_foot_pose": [0.9952018419648878, 0.09784008716715731, -0.0007817242597774491, 0.00697725850909566, -0.0978432100336819, 0.9951700779377659, -0.007951240635693472, -0.00017097703410784773, -1.4843548924379432e-09, 0.007989575737485767, 0.9999680828304152, 3.618109700731509e-09, 0.0, 0.0, 0.0, 1.0], "right_foot_pose": [0.9892149421936206, 0.14645009354185987, -0.0024835946634312717, -0.0069605067505870595, -0.14647115122395848, 0.9890727257983005, -0.01677334018757476, -0.14193747959464428, -1.4959416990843264e-09, 0.016956213713571963, 0.9998562330737853, 3.5600302081273405e-09, 0.0, 0.0, 0.0, 1.0]}, {"left_foot_pose": [0.9952018419643739, 0.09782408995491051, -0.0019342117805962056, 0.006977258518290723, -0.09784321003891151, 0.9950073637680052, -0.019673644724008246, -0.00017097700877096063, -1.4264425441762627e-09, 0.01976849695699402, 0.999804584170358, 3.553319215254813e-09, 0.0, 0.0, 0.0, 1.0], "right_foot_pose": [0.9892149421928582, 0.14641052324241427, -0.004213884936991579, -0.006960506762492806, -0.14647115122910626, 0.9888054816865317, -0.02845911531102687, -0.1419374795462943, -1.4388100580297056e-09, 0.028769394685125314, 0.9995860752978961, 3.4372780247093893e-09, 0.0, 0.0, 0.0, 1.0]}, {"left_foot_pose": [0.9952018419649791, 0.09779530543708032, -0.0030613696251488454, 0.006977258216309016, -0.09784321003275363, 0.9947145849906068, -0.031138411286573065, -0.0001709769188064699, -1.4264132302023767e-09, 0.031288538499481655, 0.999510393822179, 3.4100316667617925e-09, 0.0, 0.0, 0.0, 1.0], "right_foot_pose": [0.9892149421917964, 0.14635200235786383, -0.005906737705734725, -0.006960507086492557, -0.14647115123627763, 0.9884102519307292, -0.039892051009591756, -0.14193747951096125, -1.4396017523686044e-09, 0.04032697960517503, 0.9991865364965262, 3.2332044472282995e-09, 0.0, 0.0, 0.0, 1.0]}, {"left_foot_pose": [0.9952018419663382, 0.09775515707679498, -0.00415006165016528, 0.006977257639265668, -0.09784321001893263, 0.9943062201807206, -0.04221192678758253, -0.00017097679139190664, -1.4207417667455774e-09, 0.042415442645578706, 0.9991000601667386, 3.194376749227068e-09, 0.0, 0.0, 0.0, 1.0], "right_foot_pose": [0.9892149421901011, 0.14627680624625622, -0.007542817923676982, -0.006960507672498877, -0.14647115124772692, 0.9879024034973346, -0.050941564722286344, -0.14193747947632032, -1.436819698230983e-09, 0.051496962226762574, 0.9986731511768078, 2.9593786934900557e-09, 0.0, 0.0, 0.0, 1.0]}, {"left_foot_pose": [0.9952013828889228, 0.09771025668854967, -0.005187796626144699, 0.006977588540862969, -0.09784787936371259, 0.993801651005374, -0.05276429629037334, -0.00017101801341258202, 2.7917619635129894e-08, 0.05301871553377859, 0.998593518806901, 1.1922658073579284e-05, 0.0, 0.0, 0.0, 1.0], "right_foot_pose": [0.9892149421878509, 0.14618798705520064, -0.009103328678823831, -0.00696050834656041, -0.1464711512629234, 0.9873025495803655, -0.061480707866971976, -0.1419374794541021, -1.3115307557977453e-09, 0.062151009910206806, 0.9980667572698437, 2.6357325627612838e-09, 0.0, 0.0, 0.0, 1.0]}, {"left_foot_pose": [0.9951692868056854, 0.09797683642539246, -0.006215313567037466, 0.0070007350054395335, -0.09817377755069195, 0.9931731267866907, -0.06300039388905768, -0.00017387181678110708, 3.0312253048698354e-07, 0.06330623786658861, 0.9979941484032299, 0.0008178781474678376, 0.0, 0.0, 0.0, 1.0], "right_foot_pose": [0.9892149421874511, 0.14608871727697623, -0.01057756292560861, -0.006960508409129072, -0.14647115126562468, 0.9866321161731315, -0.07143716947535682, -0.14193747967238599, -1.1613051554785054e-09, 0.07221602329189858, 0.9973890143669638, 2.3427588410895872e-09, 0.0, 0.0, 0.0, 1.0]}, {"left_foot_pose": [0.995088381159954, 0.09872240275572002, -0.007280169956821524, 0.007058743773071712, -0.09899047267311019, 0.9923941241451159, -0.07317642162748739, -0.00018101776649301696, 6.457197961460706e-07, 0.0735376744015407, 0.9972924397804274, 0.002744340655166627, 0.0, 0.0, 0.0, 1.0], "right_foot_pose": [0.9892149421873458, 0.14598175422091367, -0.011963510683341484, -0.006960508450382856, -0.1464711512663352, 0.9859097250950521, -0.08079737501746641, -0.1419374798362981, -1.012509972599694e-09, 0.0816782798397683, 0.9966587473164605, 2.088863595983703e-09, 0.0, 0.0, 0.0, 1.0]}, {"left_foot_pose": [0.9949606417169329, 0.09991358796411896, -0.008402164861896912, 0.007149370663050612, -0.10026625271312398, 0.9914619596325792, -0.08336582734187234, -0.00019217913877903753, 1.0479158085764315e-06, 0.08378817065471225, 0.9964835886542437, 0.005588801931257444, 0.0, 0.0, 0.0, 1.0], "right_foot_pose": [0.9892149421875029, 0.1458698871604552, -0.013257985245541485, -0.006960508477152412, -0.14647115126527444, 0.9851542141198408, -0.08953980259607391, -0.14193747994683434, -8.656748392729015e-10, 0.09051602301092802, 0.9958949992736609, 1.856207458572623e-09, 0.0, 0.0, 0.0, 1.0]}, {"left_foot_pose": [0.994787540730127, 0.10151686805893721, -0.00959553581679224, 0.007270371413765509, -0.10196935228709654, 0.9903746037676883, -0.0935969839585939, -0.0002070792254657127, 1.5023112550602718e-06, 0.09408756406401236, 0.9955639257658166, 0.00914875826547281, 0.0, 0.0, 0.0, 1.0], "right_foot_pose": [0.9892149421878726, 0.1457558815842565, -0.014457563274618872, -0.006960508493221402, -0.14647115126277735, 0.9843842603848625, -0.09764133220262866, -0.14193748000632975, -7.232025559132053e-10, 0.0987058807272579, 0.9951166510062307, 1.6343080500025309e-09, 0.0, 0.0, 0.0, 1.0]}, {"left_foot_pose": [0.994570188051563, 0.10349868930010844, -0.010870250790074346, 0.007419501695513238, -0.10406796353861462, 0.9891316825990775, -0.10386709509582372, -0.00022544148818942102, 2.0012504326926248e-06, 0.10443436116469966, 0.9945317813947011, 0.013221709415098905, 0.0, 0.0, 0.0, 1.0], "right_foot_pose": [0.9892149421883878, 0.14564223591041642, -0.015560760593209974, -0.006960508500627578, -0.1464711512592994, 0.9836167373237898, -0.10509194024889817, -0.14193748001973686, -5.890437402319104e-10, 0.10623772011633692, 0.9943407599130606, 1.4202428261222977e-09, 0.0, 0.0, 0.0, 1.0]}, {"left_foot_pose": [0.994309462231686, 0.10582587707920087, -0.012230169947887184, 0.0075945171554622805, -0.10653024598725551, 0.9877379051735948, -0.11412772394635311, -0.00024698949526585565, 2.5359585672324666e-06, 0.1147811588358387, 0.9933908020360726, 0.01760515658219365, 0.0, 0.0, 0.0, 1.0], "right_foot_pose": [0.9892149421890073, 0.14553124927049288, -0.01656664225992059, -0.00696050849896696, -0.14647115125511403, 0.9828671724621246, -0.1118853124691072, -0.14193747999254483, -4.634490806507233e-10, 0.11310515807016898, 0.9935830228108378, 1.2079889519234221e-09, 0.0, 0.0, 0.0, 1.0]}, {"left_foot_pose": [0.9940061316908784, 0.10847366034306678, -0.013611582300176828, 0.0077931738831095235, -0.10932433467182845, 0.9862750822110113, -0.12373217875001646, -0.0002714467864095675, 3.0821208918067148e-06, 0.12447862154378547, 0.9922222899980936, 0.02209660133266749, 0.0, 0.0, 0.0, 1.0], "right_foot_pose": [0.9892149421910827, 0.14543354593637045, -0.017403501436951848, -0.006960508372875847, -0.14647115124109703, 0.9822073184553499, -0.117537166151216, -0.14193747993508893, -3.745614035142754e-10, 0.11881863191067514, 0.9929159746478425, 9.771632114574658e-10, 0.0, 0.0, 0.0, 1.0]}, {"left_foot_pose": [0.9936609652587322, 0.11139950977973165, -0.01510083911316692, 0.008013226559037655, -0.11241835307359778, 0.9846598110257204, -0.1334435103068459, -0.00029853725225456595, 3.6477560315758082e-06, 0.13429521872214528, 0.9909413676979412, 0.02649354469002721, 0.0, 0.0, 0.0, 1.0], "right_foot_pose": [0.9892149421917968, 0.14533659046007832, -0.018195428489577004, -0.006960508354101046, -0.14647115123627527, 0.9815525151726645, -0.12288556389477312, -0.14193747984922395, -2.74641831858869e-10, 0.12422534134247985, 0.9922540322761829, 7.661323658814112e-10, 0.0, 0.0, 0.0, 1.0]}, {"left_foot_pose": [0.9932748335862551, 0.11458069007463327, -0.016624392506761624, 0.008252431290105356, -0.11578041693873964, 0.9829876470569582, -0.14258394294911908, -0.0003279846319100936, 4.205897300537608e-06, 0.14354982130064414, 0.9896430916178138, 0.030593487767414378, 0.0, 0.0, 0.0, 1.0], "right_foot_pose": [0.9892149421923986, 0.1452488165475154, -0.018883311013578822, -0.0069605083291090185, -0.14647115123221127, 0.9809597209539369, -0.12753128134965658, -0.1419374797470703, -1.8625942748925133e-10, 0.1289217094112576, 0.9916547750313511, 5.637070671360433e-10, 0.0, 0.0, 0.0, 1.0]}, {"left_foot_pose": [0.9928487995154265, 0.1179923967552142, -0.018139889986918775, 0.008508543675364716, -0.1193786466599234, 0.9813256565969336, -0.15082670329302847, -0.00035951287025591874, 4.735235777117123e-06, 0.15191362681655068, 0.988393772726751, 0.034193931299674636, 0.0, 0.0, 0.0, 1.0], "right_foot_pose": [0.9892149421929319, 0.14517191800102539, -0.019465671479238285, -0.00696050829786338, -0.146471151228609, 0.9804403751469225, -0.13146433980181868, -0.14193747963849787, -1.1017757985778527e-10, 0.13289764860848982, 0.991129766980255, 3.775484577750454e-10, 0.0, 0.0, 0.0, 1.0]}, {"left_foot_pose": [0.9923841986968597, 0.12161351976750989, -0.019589639775926065, 0.008779319263287021, -0.12318117611729085, 0.9797614185535884, -0.1577782005355052, -0.0003928460992519145, 5.210946108092815e-06, 0.15898966797757202, 0.9872802466621262, 0.03709237584761903, 0.0, 0.0, 0.0, 1.0], "right_foot_pose": [0.9892149421933711, 0.14510740900767152, -0.019940862379690515, -0.006960508260765115, -0.1464711512256438, 0.9800047040375568, -0.13467361257089464, -0.1419374795343821, -4.720319917125939e-11, 0.13614191094347522, 0.9906893459024675, 2.1842218311807216e-10, 0.0, 0.0, 0.0, 1.0]}, {"left_foot_pose": [0.9918827099391142, 0.12542644295743358, -0.020902084367014982, 0.009062513540987421, -0.12715616262066534, 0.9783972624680206, -0.16300339598508645, -0.0004277086707911923, 5.605976171584363e-06, 0.16433807897784877, 0.9864040732714179, 0.03908632190760517, 0.0, 0.0, 0.0, 1.0], "right_foot_pose": [0.9892149421936927, 0.14505660824903086, -0.020307105751836155, -0.006960508218624244, -0.14647115122347146, 0.9796616135364167, -0.13714709192139599, -0.14193747944665416, 1.7626574419028906e-12, 0.13864235776454484, 0.9903425148066137, 1.0066258937513339e-10, 0.0, 0.0, 0.0, 1.0]}, {"left_foot_pose": [0.9913464153472177, 0.12941575089402113, -0.021996549701260224, 0.009355881945176375, -0.13127179721284363, 0.9773373317571162, -0.16607063319681692, -0.00046382514839748284, 5.893496280448764e-06, 0.16752105352587274, 0.9858684986299387, 0.03997327008506319, 0.0, 0.0, 0.0, 1.0], "right_foot_pose": [0.989214942193878, 0.1450206060799607, -0.020562634864324594, -0.0069605081724390325, -0.14647115122222074, 0.9794184675157591, -0.13887284597328392, -0.1419374793883042, 3.580816369054098e-11, 0.14038692710250097, 0.9900967178506942, 4.289035099303007e-11, 0.0, 0.0, 0.0, 1.0]}, {"left_foot_pose": [0.9907778499054781, 0.13355219108821584, -0.02287060104623389, 0.009657180245799382, -0.13549631766142609, 0.9765695460243186, -0.16719051910336044, -0.0005009197805199428, 6.072325593874083e-06, 0.16874754526627614, 0.9856593052012109, 0.04000000001892824, 0.0, 0.0, 0.0, 1.0], "right_foot_pose": [0.9892149421939044, 0.14499971115691312, -0.02070946413410947, -0.006960508133177934, -0.14647115122204163, 0.9792773505298119, -0.13986447940417812, -0.14193747938410767, 5.3425026223731335e-11, 0.141389371961699, 0.9899540623161641, 1.4002181358829802e-11, 0.0, 0.0, 0.0, 1.0]}, {"left_foot_pose": [0.9901800411046103, 0.13778422704643764, -0.02364303227779226, 0.00996416429116278, -0.13979801915598625, 0.9759239548363273, -0.16741848230313658, -0.0005387145718958354, 6.175387440434353e-06, 0.1690796887678674, 0.9856023837268387, 0.040000000004283415, 0.0, 0.0, 0.0, 1.0], "right_foot_pose": [0.9892149421937987, 0.14499326797344017, -0.020754526805045706, -0.006960508097003537, -0.146471151222755, 0.9792338355204081, -0.14016881690116145, -0.14193747938674472, 5.724580635519719e-11, 0.141697027542474, 0.9899100728781515, 2.2082266570855325e-12, 0.0, 0.0, 0.0, 1.0]}, {"left_foot_pose": [0.9895565396576015, 0.14208185663878908, -0.02430228044750708, 0.010274589691614988, -0.14414525584426396, 0.9753985656369559, -0.16679263584151874, -0.0005769330413563992, 6.2021161647740476e-06, 0.16855380199640835, 0.98569245497472, 0.040000000021748125, 0.0, 0.0, 0.0, 1.0], "right_foot_pose": [0.9892149421935688, 0.14500133239230498, -0.02069810970669618, -0.006960508062309891, -0.1464711512243081, 0.9792882997658348, -0.13978779560736534, -0.14193747938805762, 4.7786147188552424e-11, 0.14131185210801298, 0.9899651309282577, 1.4642384527085994e-11, 0.0, 0.0, 0.0, 1.0]}, {"left_foot_pose": [0.9889114385971991, 0.14641566531110675, -0.024831825609983878, 0.01058621208467959, -0.14850645297012702, 0.9749957108920941, -0.16531544745804047, -0.0006152988710024128, 6.152237582329225e-06, 0.16717002331018166, 0.9859280821990134, 0.04000000007117422, 0.0, 0.0, 0.0, 1.0], "right_foot_pose": [0.9892149421932211, 0.1450237849473482, -0.02054020304686989, -0.006960508029801561, -0.14647115122665386, 0.9794399364340522, -0.13872134938933695, -0.1419374793880511, 2.51235422901499e-11, 0.14023377880384275, 0.9901184208378283, 5.128039659574313e-11, 0.0, 0.0, 0.0, 1.0]}, {"left_foot_pose": [0.9882493827449537, 0.15075601262962426, -0.025214721101690343, 0.010896787107560304, -0.15285011438627646, 0.9747165122229172, -0.16298639002105228, -0.0006535357429334546, 6.026736442437485e-06, 0.1649252723387442, 0.9863060653304686, 0.040000000152737636, 0.0, 0.0, 0.0, 1.0], "right_foot_pose": [0.9892149421927661, 0.1450603268754291, -0.02028052537179444, -0.006960508000102735, -0.14647115122972956, 0.9796867277842801, -0.13696757740709226, -0.1419374793868018, -1.0769097801451316e-11, 0.13846088606579027, 0.9903679028673517, 1.1230191082622909e-10, 0.0, 0.0, 0.0, 1.0]}, {"left_foot_pose": [0.9875755681447707, 0.1550729517447619, -0.02543377362291004, 0.011204070397752862, -0.1571448286440588, 0.9745608733619372, -0.15980177390269662, -0.0006913673394114105, 5.827861692571456e-06, 0.1618131136502414, 0.9868214206313375, 0.04000000026668444, 0.0, 0.0, 0.0, 1.0], "right_foot_pose": [0.9892149421922162, 0.14511047927251414, -0.019918507698912364, -0.006960507973943366, -0.1464711512334438, 0.9800254394677176, -0.13452263695176847, -0.14193747938446258, -5.990609500287817e-11, 0.13598928928929985, 0.990710307405041, 1.9790856453649752e-10, 0.0, 0.0, 0.0, 1.0]}, {"left_foot_pose": [0.9868957315032952, 0.1593364690316864, -0.025469683490205074, 0.011505817527389738, -0.16135927339226336, 0.9745294153508058, -0.1557421057592911, -0.0007285175622687538, 5.558549634321674e-06, 0.15781098901068916, 0.9874693371019537, 0.039988080406402685, 0.0, 0.0, 0.0, 1.0], "right_foot_pose": [0.9892149421915806, 0.14517356136724185, -0.01945341165089589, -0.0069605079523211155, -0.1464711512377353, 0.9804514737936323, -0.13138154128715035, -0.14193747939323526, -1.2313804673589366e-10, 0.13281394736941737, 0.9911409866331599, 3.1021021862365217e-10, 0.0, 0.0, 0.0, 1.0]}, {"left_foot_pose": [0.9862161301920573, 0.16353919262861455, -0.025153071847882274, 0.011799783591615267, -0.16546221478649745, 0.9747589739442548, -0.14989062076424797, -0.000764712436185682, 5.19140360085477e-06, 0.15198643093883604, 0.9883825801700094, 0.039182132112343476, 0.0, 0.0, 0.0, 1.0], "right_foot_pose": [0.9892149421908369, 0.14524946553640702, -0.018878318457077402, -0.006960507938160733, -0.14647115124275742, 0.9809641039082602, -0.1274975634947023, -0.14193747950386704, -2.0625798619800135e-10, 0.12888762393981987, 0.9916592057734085, 4.895399433046954e-10, 0.0, 0.0, 0.0, 1.0]}, {"left_foot_pose": [0.9855435107490734, 0.16765357990602192, -0.024418549610636185, 0.012083724727807946, -0.16942251443659034, 0.9752575087918024, -0.1420169114830746, -0.0007996741622077821, 4.73024424407432e-06, 0.14410089760269804, 0.989563000161042, 0.03725568600949567, 0.0, 0.0, 0.0, 1.0], "right_foot_pose": [0.9892149421900727, 0.1453372253403308, -0.018190356738262047, -0.006960507931543419, -0.1464711512479209, 0.981556802828397, -0.12285131124007068, -0.14193747963714262, -3.0273680300247314e-10, 0.1241907152393846, 0.9922583666809416, 7.292284900928259e-10, 0.0, 0.0, 0.0, 1.0]}, {"left_foot_pose": [0.9848850687242751, 0.1716318314186475, -0.02332200351303244, 0.012355396747413516, -0.1732091261634443, 0.9759196748598594, -0.13258728006533202, -0.0008331255276219258, 4.204385089036762e-06, 0.13462281628798203, 0.9908969155855806, 0.03441124146087326, 0.0, 0.0, 0.0, 1.0], "right_foot_pose": [0.9892149421893289, 0.14543503303670496, -0.01739106997786529, -0.006960507933153966, -0.14647115125294283, 0.9822173617001606, -0.11745320866376481, -0.1419374797798424, -4.1147987265308643e-10, 0.11873375905945557, 0.9929261273929751, 1.0112319523414293e-09, 0.0, 0.0, 0.0, 1.0]}, {"left_foot_pose": [0.9842483991094411, 0.17542607143819394, -0.021926748739030336, 0.012612555390770983, -0.17679108811598965, 0.9766515014777059, -0.12205226677168979, -0.0008647895548173114, 3.6424086142972727e-06, 0.12400620194613295, 0.9922814428707352, 0.0308512979577506, 0.0, 0.0, 0.0, 1.0], "right_foot_pose": [0.989214942188653, 0.1455408488648445, -0.016482095206615106, -0.006960507943371007, -0.1464711512575067, 0.9829320046993172, -0.11131431169028609, -0.1419374799199125, -5.311271163221541e-10, 0.1125279318635247, 0.9936485618922405, 1.320420717210169e-09, 0.0, 0.0, 0.0, 1.0]}, {"left_foot_pose": [0.9836414365951095, 0.1789905247529323, -0.020295