{"LoopMode": "Wrap", "FrameDuration": 0.005, "EnableCycleOffsetPosition": true, "EnableCycleOffsetRotation": false, "Debug_info": [{"left_foot_pose": [0.9952018419720258, 0.09772230759906912, 0.004862543881660918, 0.02696525370480838, -0.09784320996108059, 0.9939720970816677, 0.04945883629428029, -0.000660780687422674, -1.3253648703810708e-09, -0.049697291883819196, 0.9987643261447696, 2.9654645822274617e-09, 0.0, 0.0, 0.0, 1.0], "right_foot_pose": [0.9987997401833886, 0.04893746491330063, 0.002050253022118192, 0.009999998927164576, -0.0489803941347477, 0.997924336014644, 0.0418083793053052, -0.14245000013134296, -1.2904240243040078e-09, -0.04185862058872688, 0.9991235438535162, 3.290894994012472e-09, 0.0, 0.0, 0.0, 1.0]}, {"left_foot_pose": [0.9952018419738394, 0.09766451031338795, 0.005910766204516927, 0.026965254381509266, -0.09784320994263351, 0.9933842184544471, 0.06012071850676464, -0.0006607808282565342, -1.3338888257221664e-09, -0.06041057813739347, 0.9981736131801457, 2.728725134737431e-09, 0.0, 0.0, 0.0, 1.0], "right_foot_pose": [0.9987995103623726, 0.048917693768708706, 0.0025685280289735567, 0.010000621095183387, -0.04898508038049822, 0.9974255383194259, 0.05237134147908984, -0.14245004552222454, -3.0207257059366554e-08, -0.05243428977829453, 0.9986243764576576, 1.192273348360473e-05, 0.0, 0.0, 0.0, 1.0]}, {"left_foot_pose": [0.995201841974326, 0.09759923309194517, 0.0069053190204487885, 0.026965254575103598, -0.09784320993768526, 0.9927202582092652, 0.07023670842245165, -0.0006607806418483832, -1.2040635546140674e-09, -0.07057534017484221, 0.9975064517882611, 2.4772042750420553e-09, 0.0, 0.0, 0.0, 1.0], "right_foot_pose": [0.9987834154300532, 0.04921498387377001, 0.003094256644499407, 0.010043993052298925, -0.04931215937054132, 0.9968155789805824, 0.06266587939078608, -0.14245323500639567, -3.029849480986072e-07, -0.06274222552564415, 0.9980297656563141, 0.000817878175401604, 0.0, 0.0, 0.0, 1.0]}, {"left_foot_pose": [0.9952018419746202, 0.09752838110965978, 0.007842742406403662, 0.026965254744809417, -0.09784320993469187, 0.9919995948181813, 0.0797716124334994, -0.0006607805142908561, -1.0702695079144816e-09, -0.0801562147228378, 0.9967823138686338, 2.2546497724373893e-09, 0.0, 0.0, 0.0, 1.0], "right_foot_pose": [0.998742608947279, 0.04999794400289336, 0.003661511800600069, 0.010152687834532763, -0.05013183691794978, 0.9960760889423355, 0.07293301011594726, -0.14246123438659972, -6.437982184745931e-07, -0.07302486311404047, 0.9973301205552558, 0.0027443405320384043, 0.0, 0.0, 0.0, 1.0]}, {"left_foot_pose": [0.9952018419747283, 0.09745386537283184, 0.008719968692787256, 0.02696525488312015, -0.09784320993359302, 0.9912416658814891, 0.08869422805561758, -0.0006607804398967888, -9.33193580295466e-10, -0.0891218488609002, 0.9960207307358698, 2.0406475675915914e-09, 0.0, 0.0, 0.0, 1.0], "right_foot_pose": [0.9986775110393049, 0.0512333267589209, 0.00428662729342417, 0.01032250005496274, -0.05141234232406397, 0.9952018534479243, 0.08324687351828332, -0.14247373442598846, -1.0451548354649657e-06, -0.0833571659968684, 0.9965197353168066, 0.005588801689548645, 0.0, 0.0, 0.0, 1.0]}, {"left_foot_pose": [0.9952018419746714, 0.09737761503447365, 0.009533825067621978, 0.026965254986472623, -0.09784320993417021, 0.9904660935814824, 0.09697228333506751, -0.0006607804129361919, -7.960009062539081e-10, -0.09743981504311615, 0.9952414191764553, 1.8253596065220812e-09, 0.0, 0.0, 0.0, 1.0], "right_foot_pose": [0.9985880363096563, 0.05288768545086138, 0.004982616468831449, 0.010549224321363756, -0.05312187625616245, 0.9941883518319659, 0.09363539578954062, -0.14249042586810112, -1.4998953742392554e-06, -0.09376787194604419, 0.995594087059812, 0.00914875798133543, 0.0, 0.0, 0.0, 1.0]}, {"left_foot_pose": [0.9952018419744874, 0.09730139299167333, 0.010282638400159215, 0.02696525505488708, -0.09784320993604215, 0.9896908090509171, 0.10458876014923424, -0.0006607804266112339, -6.636392500393362e-10, -0.10509301309802918, 0.9944623967742461, 1.6082260384520097e-09, 0.0, 0.0, 0.0, 1.0], "right_foot_pose": [0.9984737353145254, 0.05492745324816165, 0.00575975405117174, 0.010828655309889353, -0.05522861471245564, 0.9930328374684028, 0.10409411043087655, -0.14251099928801803, -2.0005244543699896e-06, -0.10425333850349087, 0.9945507736696376, 0.013221709153754327, 0.0, 0.0, 0.0, 1.0]}, {"left_foot_pose": [0.9952018419742009, 0.09722682398993904, 0.010965328448702428, 0.026965255090228013, -0.0978432099389551, 0.988932338224078, 0.1115326709242644, -0.0006607804747871485, -5.370891605167821e-10, -0.11207040247758653, 0.993700269139801, 1.3859114827985408e-09, 0.0, 0.0, 0.0, 1.0], "right_foot_pose": [0.9983339259877586, 0.05731918895852613, 0.006624409332555611, 0.011156587776229365, -0.057700712434296905, 0.9917378804711814, 0.11457139356359192, -0.14253514515746116, -2.5383139290402497e-06, -0.11476274228017438, 0.9933929298006361, 0.017605156388439444, 0.0, 0.0, 0.0, 1.0]}, {"left_foot_pose": [0.9952018419738388, 0.09715545116966037, 0.0115806752782078, 0.026965255095094023, -0.0978432099426398, 0.9882063769978869, 0.11779160720879722, -0.000660780550589918, -4.174967763011342e-10, -0.11835951490577731, 0.9929708078444553, 1.159361349978294e-09, 0.0, 0.0, 0.0, 1.0], "right_foot_pose": [0.9981678149984797, 0.0600299639653016, 0.007577369430419402, 0.011528816556433261, -0.060506306212958355, 0.9903160524276645, 0.1249524037886047, -0.1425625538778425, -3.1022853112960182e-06, -0.12518194650352515, 0.9921338015912794, 0.02209660112708217, 0.0, 0.0, 0.0, 1.0]}, {"left_foot_pose": [0.9952018419734315, 0.09708869353881673, 0.01212762629766048, 0.026965255072590746, -0.0978432099467813, 0.9875273586710386, 0.12335486266667009, -0.0006607806458572354, -3.067111737324123e-10, -0.12394959242824806, 0.9922885157739519, 9.339947981690244e-10, 0.0, 0.0, 0.0, 1.0], "right_foot_pose": [0.9979746090235642, 0.06302783559686895, 0.00861229842946392, 0.011941136569803616, -0.06361351845899829, 0.9887941887586684, 0.13505322116244856, -0.14259291578219094, -3.6784186549314596e-06, -0.13532754419208481, 0.9908009163143766, 0.02649354462776992, 0.0, 0.0, 0.0, 1.0]}, {"left_foot_pose": [0.9952018419730065, 0.097027825358767, 0.012605349645466585, 0.02696525502592896, -0.09784320995110389, 0.9869082442661272, 0.12821397609471097, -0.0006607807517091165, -2.0589758730115978e-10, -0.12883213304800803, 0.9916664164396722, 7.167897109194854e-10, 0.0, 0.0, 0.0, 1.0], "right_foot_pose": [0.9977536159189538, 0.06628245449383323, 0.009713812172641062, 0.012389342811045211, -0.06699046128068026, 0.9872177804394321, 0.1446144255655106, -0.1426259211198186, -4.249010982582138e-06, -0.1449402987802699, 0.989440402334285, 0.030593487872307402, 0.0, 0.0, 0.0, 1.0]}, {"left_foot_pose": [0.9952018419725893, 0.09697400044711237, 0.013012953993981365, 0.026965254958471616, -0.09784320995534623, 0.9863607697244079, 0.13235988143810334, -0.0006607808582974866, -1.1613354387290168e-10, -0.13299802700024657, 0.9911163023651878, 5.172101705253063e-10, 0.0, 0.0, 0.0, 1.0], "right_foot_pose": [0.9975043357727942, 0.06976575770016552, 0.010855375027979914, 0.012869230312146136, -0.07060524124673787, 0.9856546206816645, 0.15329666870931574, -0.14266126000295837, -4.79231014416346e-06, -0.15368053806974266, 0.9881205858576312, 0.034193931596643246, 0.0, 0.0, 0.0, 1.0]}, {"left_foot_pose": [0.9952018419722045, 0.09692824727311412, 0.013349479978415265, 0.026965254873841316, -0.09784320995926087, 0.9858953960193917, 0.1357828206093683, -0.0006607809548575139, -3.850695089149521e-11, -0.1364374691509999, 0.9906486849593407, 3.472311466135025e-10, 0.0, 0.0, 0.0, 1.0], "right_foot_pose": [0.9972265418196581, 0.07345251423813098, 0.011998018273999074, 0.013376594050333234, -0.07442596497525089, 0.9841948042691923, 0.16069027035582611, -0.14269862234725952, -5.282875556364596e-06, -0.16113756669883963, 0.9869319553902735, 0.037092376364852034, 0.0, 0.0, 0.0, 1.0]}, {"left_foot_pose": [0.9952018419718749, 0.09689146280586568, 0.013613896250810862, 0.02696525477606781, -0.09784320996261431, 0.9855212465841574, 0.1384723033513252, -0.0006607810298775952, 2.5840715945615328e-11, -0.13913991866660455, 0.9902727316418704, 2.21308298076206e-10, 0.0, 0.0, 0.0, 1.0], "right_foot_pose": [0.99692035119415, 0.07732044802093382, 0.013090519194228035, 0.013907228796433142, -0.07842074561315512, 0.9829449782065324, 0.1663410847506899, -0.14273769782465517, -5.692906871323828e-06, -0.16685538090334853, 0.9859813800631274, 0.03908632267540009, 0.0, 0.0, 0.0, 1.0]}, {"left_foot_pose": [0.9952018419716214, 0.0968643954927825, 0.013805166500645203, 0.026965254669800293, -0.09784320996519207, 0.9852459341786675, 0.14041778893043674, -0.0006607810713519036, 7.575937671305163e-11, -0.14109478399368025, 0.989996091876012, 1.564871704440307e-10, 0.0, 0.0, 0.0, 1.0], "right_foot_pose": [0.996586285502658, 0.08134959016354835, 0.014071948274371143, 0.014456928943340393, -0.08255771019157986, 0.9820149696000113, 0.16979641918901484, -0.14277817585577907, -5.994744605000054e-06, -0.17037853051869925, 0.9853786867506071, 0.03997327112833289, 0.0, 0.0, 0.0, 1.0]}, {"left_foot_pose": [0.9952018419709073, 0.09686506703349568, 0.013800453844377922, 0.026965254577360893, -0.09784320997245727, 0.9852527646518902, 0.14036985434235402, -0.0006607810189188171, 4.6729820657937284e-11, -0.14104661830190945, 0.9900029552812438, 9.055010213865344e-11, 0.0, 0.0, 0.0, 1.0], "right_foot_pose": [0.9962253214821635, 0.0855327740021606, 0.01480720801688603, 0.015021485380610513, -0.08680500446466098, 0.9816365087788697, 0.16986658244728908, -0.1428197458110047, -6.135975475388813e-06, -0.17051073046564214, 0.9853558193659908, 0.040000001058002194, 0.0, 0.0, 0.0, 1.0]}, {"left_foot_pose": [0.9952018419709303, 0.09686091579737185, 0.013829559955519686, 0.026965254547265456, -0.09784320997222454, 0.9852105407808494, 0.14066590417239971, -0.0006607810140457585, 5.7065050355232516e-11, -0.14134409547343002, 0.989960527836741, 7.758307191130243e-11, 0.0, 0.0, 0.0, 1.0], "right_foot_pose": [0.9958389292137431, 0.08979057534974165, 0.015571757793762946, 0.01559669462108172, -0.0911308236740205, 0.9812049577424351, 0.1700941030081887, -0.1428621000012547, -6.238575301138248e-06, -0.17080539651904494, 0.9853047835472288, 0.04000000106536932, 0.0, 0.0, 0.0, 1.0]}, {"left_foot_pose": [0.9952018419710449, 0.09686646027409923, 0.013790671173193356, 0.026965254514246643, -0.09784320997105897, 0.9852669358546031, 0.1402703510163201, -0.0006607810098257366, 5.4165484853244514e-11, -0.14094663524060747, 0.9900171948074198, 8.905487458577e-11, 0.0, 0.0, 0.0, 1.0], "right_foot_pose": [0.9954291054971117, 0.09410896800462519, 0.016260321962498877, 0.016178352077205662, -0.09550338156316249, 0.9809063320675201, 0.16941626787249345, -0.14290492899012536, -6.26264179626216e-06, -0.17019479971769982, 0.9854104373862859, 0.04000000108317135, 0.0, 0.0, 0.0, 1.0]}, {"left_foot_pose": [0.9952018419712505, 0.09688161208484282, 0.013683821720314824, 0.02696525447893621, -0.09784320996896649, 0.9854210509370036, 0.13918354296820196, -0.0006607810063689028, 3.7971838238963354e-11, -0.13985458737579812, 0.9901720529231003, 1.2506776170262413e-10, 0.0, 0.0, 0.0, 1.0], "right_foot_pose": [0.994998391911409, 0.0984585663325874, 0.016855586891043616, 0.016762252389150373, -0.09989094080631976, 0.9807412116310035, 0.16783466791273896, -0.14294792312552473, -6.2079266795316404e-06, -0.16867894511254974, 0.9856710472754989, 0.04000000111133994, 0.0, 0.0, 0.0, 1.0]}, {"left_foot_pose": [0.9952018419715454, 0.09690616261169817, 0.013508863176440542, 0.02696525444186337, -0.09784320996596864, 0.9856707640923474, 0.13740397038355273, -0.0006607810036893874, 8.340059090101045e-12, -0.1380664349560895, 0.9904229700176168, 1.8591940487144853e-10, 0.0, 0.0, 0.0, 1.0], "right_foot_pose": [0.9945498850100428, 0.10280975992960084, 0.017340112160205784, 0.01734419019716, -0.10426181558748214, 0.9807084639720813, 0.16534927427697585, -0.1429907727553824, -6.075568789470155e-06, -0.16625601329497416, 0.9860826223021827, 0.040000001150802725, 0.0, 0.0, 0.0, 1.0]}, {"left_foot_pose": [0.995201841971924, 0.09693978268437857, 0.013265453961176042, 0.026965254403645243, -0.09784320996211524, 0.9860127271982868, 0.1349281589117236, -0.0006607810017242501, -3.487690159807091e-11, -0.1355786868799941, 0.9907665818263642, 2.719232061743071e-10, 0.0, 0.0, 0.0, 1.0], "right_foot_pose": [0.9940872360528379, 0.10713262202052082, 0.017696565085853364, 0.01791996014143239, -0.10858437770874353, 0.9808052539973778, 0.16195828675539733, -0.14303316822760076, -5.868095854604158e-06, -0.16292223614395568, 0.9866389131467596, 0.040000001203326606, 0.0, 0.0, 0.0, 1.0]}, {"left_foot_pose": [0.9952018419723856, 0.09698200816259804, 0.012953139678142574, 0.026965254358201667, -0.09784320995741928, 0.9864422193002258, 0.13175148669853662, -0.0006607809867899567, -9.258109998665621e-11, -0.13238669901012035, 0.9911981446336574, 3.849084800888747e-10, 0.0, 0.0, 0.0, 1.0], "right_foot_pose": [0.9936146406749815, 0.11139704901277517, 0.017906515785379277, 0.018485357314882246, -0.11282706149275992, 0.9810290553497828, 0.1576453194814919, -0.14307479969782844, -5.588884622259664e-06, -0.15865903702833356, 0.9873334340221679, 0.039988081300245205, 0.0, 0.0, 0.0, 1.0]}, {"left_foot_pose": [0.9952018419729551, 0.09703274538724865, 0.012567420429511951, 0.02696525427690859, -0.09784320995162964, 0.9869582877613513, 0.12782818345554386, -0.0006607808638235376, -1.7013213726749077e-10, -0.12844448038664932, 0.9917167012096778, 5.581222775608019e-10, 0.0, 0.0, 0.0, 1.0], "right_foot_pose": [0.993136818889546, 0.11558894065004162, 0.017845328950571525, 0.019036177665254395, -0.116958364124999, 0.9815153330061562, 0.15148726723727762, -0.1431153551828002, -5.211245598034915e-06, -0.152534743167632, 0.988298108922418, 0.039182133085789904, 0.0, 0.0, 0.0, 1.0]}, {"left_foot_pose": [0.99520184197357, 0.09709131121662949, 0.012106651834841636, 0.02696525421298569, -0.09784320994537342, 0.9875539840600904, 0.12314152360040449, -0.0006607807253227738, -2.615497414393521e-10, -0.12373522478776652, 0.9923152695321795, 7.842448565553717e-10, 0.0, 0.0, 0.0, 1.0], "right_foot_pose": [0.9926589839481047, 0.1196799547527615, 0.017459954681878047, 0.019568211937346786, -0.12094685429830374, 0.9822666902878281, 0.14326202422952458, -0.14315452625446864, -4.739320365503705e-06, -0.14432206200499292, 0.9895307687970929, 0.037255686890597106, 0.0, 0.0, 0.0, 1.0]}, {"left_foot_pose": [0.9952018419742042, 0.09715646454712057, 0.01157217040386324, 0.0269652541635761, -0.09784320993892157, 0.9882166844342665, 0.11770510131083754, -0.0006607805822245226, -3.656927699028672e-10, -0.11827259193258023, 0.9929811649762296, 1.0469334427165577e-09, 0.0, 0.0, 0.0, 1.0], "right_foot_pose": [0.9921868020907423, 0.12362687045789239, 0.016785310772636706, 0.020077255488915778, -0.12476117079957093, 0.9831705956397082, 0.13345497416799953, -0.14319200424540274, -4.203186902057473e-06, -0.13450641906707905, 0.9909127222980258, 0.03441124215578615, 0.0, 0.0, 0.0, 1.0]}, {"left_foot_pose": [0.9952018419748272, 0.09722681990769595, 0.010965364588037898, 0.02696525412665509, -0.0978432099325859, 0.988932296702986, 0.11153303908638963, -0.0006607804444982643, -4.812237926332139e-10, -0.11207077240920027, 0.9937002274185139, 1.3333416662431041e-09, 0.0, 0.0, 0.0, 1.0], "right_foot_pose": [0.9917263426554316, 0.12738592326679507, 0.015864672601341022, 0.020559103695578985, -0.12837001702145692, 0.984127193379282, 0.12253491739634158, -0.1432274802531966, -3.632136085479788e-06, -0.12355765376893336, 0.9923373953358423, 0.03085129844914824, 0.0, 0.0, 0.0, 1.0]}, {"left_foot_pose": [0.9952018419754043, 0.09730083452815648, 0.010287921504756905, 0.026965254100629256, -0.09784320992671729, 0.9896851287326179, 0.10464249727877718, -0.0006607803214827021, -6.064912420312527e-10, -0.10514700930424499, 0.9944566890691492, 1.6325292021002191e-09, 0.0, 0.0, 0.0, 1.0], "right_foot_pose": [0.991284018013125, 0.13091456199707932, 0.014743577885550493, 0.02100955178218522, -0.13174215582886506, 0.9850594424642569, 0.11091392694143624, -0.14326064512260128, -3.052446954553226e-06, -0.11188955388739451, 0.9937206487346242, 0.026778355266754067, 0.0, 0.0, 0.0, 1.0]}, {"left_foot_pose": [0.9952018419759048, 0.09737685882875571, 0.009541545598716195, 0.026965254083693872, -0.09784320992162786, 0.9904584019887848, 0.09705081247499146, -0.0006607802214527283, -7.406144338567625e-10, -0.09751872278936181, 0.9952336904996398, 1.936851186379318e-09, 0.0, 0.0, 0.0, 1.0], "right_foot_pose": [0.9908665136308253, 0.13417248992589448, 0.01346458733786929, 0.021424394781173105, -0.13484640209850762, 0.9859163718835492, 0.09892095578322224, -0.14329118946912126, -2.4861537770248587e-06, -0.09983311374020341, 0.9950041956669101, 0.02239491191578484, 0.0, 0.0, 0.0, 1.0]}, {"left_foot_pose": [0.9952018419762947, 0.09745316692307865, 0.008727770829618309, 0.026965254074247803, -0.09784320991766214, 0.9912345617913021, 0.08877358719469801, -0.0006607801520129523, -8.824667139410054e-10, -0.08920159060840249, 0.996013592393664, 2.239819309191038e-09, 0.0, 0.0, 0.0, 1.0], "right_foot_pose": [0.9904807082905145, 0.13712193580660487, 0.012064046790767108, 0.02179942756743632, -0.1376516127784727, 0.9866706267310992, 0.08679347812794035, -0.1433188037438881, -1.9508716681524413e-06, -0.0876279011885439, 0.9961532768251503, 0.017903467441189584, 0.0, 0.0, 0.0, 1.0]}, {"left_foot_pose": [0.995201841976521, 0.09752787207674375, 0.007849069672474252, 0.026965254071994658, -0.09784320991535894, 0.9919944174070985, 0.0798359700048226, -0.0006607801213717093, -1.027181031329975e-09, -0.08022088257638608, 0.9967771114941727, 2.5291174571284714e-09, 0.0, 0.0, 0.0, 1.0], "right_foot_pose": [0.9901335844884503, 0.13972726531307048, 0.01057242622028395, 0.022130444916955313, -0.14012667435545315, 0.9873121507858581, 0.07469425710644285, -0.14334317830731266, -1.4605904986994852e-06, -0.07543877145562111, 0.9971504358717059, 0.013506520595872394, 0.0, 0.0, 0.0, 1.0]}, {"left_foot_pose": [0.9952018419765548, 0.09759897912563639, 0.006908907302011012, 0.026965254075896044, -0.09784320991501726, 0.9927176752281626, 0.070273206580596, -0.0006607801352287116, -1.173068293067879e-09, -0.07061201429804234, 0.997503856351831, 2.8001338955863098e-09, 0.0, 0.0, 0.0, 1.0], "right_foot_pose": [0.9898321290343732, 0.14195458042474976, 0.009014068321977771, 0.022413241554843255, -0.14224048766165898, 0.9878429968462795, 0.06272046915907602, -0.14336400341673058, -1.0263814394249301e-06, -0.06336490099569675, 0.9979904254654711, 0.009406569917927807, 0.0, 0.0, 0.0, 1.0]}, {"left_foot_pose": [0.9952018419763732, 0.09766453024399088, 0.005910436452188215, 0.026965254085585776, -0.09784320991685984, 0.9933844214317825, 0.06011736462793952, -0.0006607801978050394, -1.3195721667190441e-09, -0.06040720808698262, 0.9981738171336378, 3.052547513371362e-09, 0.0, 0.0, 0.0, 1.0], "right_foot_pose": [0.989583223840366, 0.1437713524517748, 0.007405491738945384, 0.022643612152324567, -0.14396195015793692, 0.9882733048232043, 0.05090021493614403, -0.14338096925440177, -6.570532330643097e-07, -0.05143610782329419, 0.998676287298121, 0.0058061141299626945, 0.0, 0.0, 0.0, 1.0]}, {"left_foot_pose": [0.9952018419759112, 0.0977225111179442, 0.004858451250948822, 0.026965254105691356, -0.09784320992156025, 0.9939741676216712, 0.0494172072567098, -0.0006607803158968032, -1.4525309809378493e-09, -0.04965546215282344, 0.9987664066629347, 3.2604895450205618e-09, 0.0, 0.0, 0.0, 1.0], "right_foot_pose": [0.9893935268696002, 0.14514573451195475, 0.005758883704245742, 0.022817351238305177, -0.14525993593694017, 0.9886157772386651, 0.03922239164541238, -0.14339376595282766, -3.6044461128129553e-07, -0.0396429154802625, 0.9992139106578206, 0.0029076532318162984, 0.0, 0.0, 0.0, 1.0]}, {"left_foot_pose": [0.9952018419751554, 0.09777082638308696, 0.0037628762439159327, 0.026965254142074815, -0.09784320992924699, 0.9944656010191201, 0.038273681040928875, -0.0006607804922446423, -1.5613723604300668e-09, -0.03845820976137348, 0.9992602094059141, 3.407927273713085e-09, 0.0, 0.0, 0.0, 1.0], "right_foot_pose": [0.989269343206448, 0.14604607984283413, 0.004087683258685868, 0.022930253027621725, -0.14610327372055004, 0.9888821095027186, 0.027676829905017786, -0.14340208350862618, -1.4433372353365217e-07, -0.027977063248200387, 0.9996085653554521, 0.0009136904419207934, 0.0, 0.0, 0.0, 1.0]}, {"left_foot_pose": [0.9952018419741467, 0.09780774468624533, 0.0026341622304655496, 0.02696525420184734, -0.09784320993950524, 0.9948411113611213, 0.026793085199430838, -0.0006607807257274553, -1.6443193943120482e-09, -0.026922262630774237, 0.9996375301952406, 3.5024790567828035e-09, 0.0, 0.0, 0.0, 1.0], "right_foot_pose": [0.9892164861780309, 0.14644106128955725, 0.0023998004036140065, 0.022978111317732114, -0.14646072331375662, 0.9890836879149203, 0.016208480096277515, -0.14340561196489943, -1.6406276891610108e-08, -0.016385172230048352, 0.9998657540545087, 2.673350030100996e-05, 0.0, 0.0, 0.0, 1.0]}, {"left_foot_pose": [0.9952018419702198, 0.09783198370159212, 0.0014821282312833168, 0.02696525489165018, -0.09784320997944866, 0.995087655336202, 0.015075292979520713, -0.0006607807519262345, -1.6895062974551012e-09, -0.015147975525209923, 0.9998852628364361, 3.5796145839150917e-09, 0.0, 0.0, 0.0, 1.0], "right_foot_pose": [0.9892149421951187, 0.14646952240241737, 0.0006907569146538917, 0.022979508289816958, -0.14647115121383922, 0.9892039418258528, 0.004665119321885161, -0.14340571565997876, -1.6637922627588624e-09, -0.004715981700830429, 0.9999888796964681, 3.8291476170404515e-09, 0.0, 0.0, 0.0, 1.0]}, {"left_foot_pose": [0.995201841966775, 0.09784269522697048, 0.0003173903923991059, 0.026965255510425473, -0.09784321001448665, 0.9951966059130528, 0.0032282864188604493, -0.0006607807484702334, -1.5970792235305399e-09, -0.003243851085266606, 0.9999947387012282, 3.6205314371540176e-09, 0.0, 0.0, 0.0, 1.0], "right_foot_pose": [0.989214942194077, 0.14646744990729216, -0.0010412769196695168, 0.022979508915396213, -0.14647115122087545, 0.9891899447396482, -0.0070324310166026095, -0.14340571553276485, -1.5790242838927726e-09, 0.007109102870735931, 0.9999747300089005, 3.910916784866103e-09, 0.0, 0.0, 0.0, 1.0]}, {"left_foot_pose": [0.9952018419648477, 0.09783953826900933, -0.0008476444314787575, 0.026965255827992737, -0.09784321003409019, 0.9951644948638756, -0.008621740691602202, -0.0006607807430152896, -1.4858649000417935e-09, 0.00866330846936891, 0.999962472839039, 3.6103377926144375e-09, 0.0, 0.0, 0.0, 1.0], "right_foot_pose": [0.9892149421932819, 0.14644483792496155, -0.002776254072158007, 0.022979509219979065, -0.1464711512262446, 0.9890372311664027, -0.018749859336919687, -0.14340571543427535, -1.4711694945979095e-09, 0.018954282150148532, 0.9998203514572868, 3.884524861497152e-09, 0.0, 0.0, 0.0, 1.0]}, {"left_foot_pose": [0.995201841964337, 0.09782275955082471, -0.002000366129680943, 0.026965255824417684, -0.09784321003928263, 0.9949938316897615, -0.0203465266946577, -0.000660780715166627, -1.4283923666074034e-09, 0.02044462308748146, 0.9997909868501573, 3.5441266518776438e-09, 0.0, 0.0, 0.0, 1.0], "right_foot_pose": [0.9892149421925605, 0.14640219781834724, -0.004493842111894099, 0.02297950918812817, -0.1464711512311182, 0.9887492546556872, -0.030349848020286955, -0.14340571538724453, -1.4149471825900872e-09, 0.030680741382520978, 0.999529235244382, 3.7491970986125445e-09, 0.0, 0.0, 0.0, 1.0]}, {"left_foot_pose": [0.9952018419649521, 0.0977932008048498, -0.0031278788195343355, 0.02696525550738375, -0.09784321003302836, 0.9946931779334206, -0.031814902532404724, -0.0006607806680276815, -1.4287449693177507e-09, 0.03196829130648187, 0.9994888835554624, 3.421756197830028e-09, 0.0, 0.0, 0.0, 1.0], "right_foot_pose": [0.9892149421915651, 0.1463409625092681, -0.006174207382268445, 0.022979508838896243, -0.14647115123784019, 0.9883356926311033, -0.04169844753056232, -0.1434057153961074, -1.4171624057545582e-09, 0.04215307062668508, 0.9991111643039237, 3.5116864485762456e-09, 0.0, 0.0, 0.0, 1.0]}, {"left_foot_pose": [0.9952018419663239, 0.09775229036970605, -0.004217045685488228, 0.02696525491358997, -0.09784321001907464, 0.9942770617608001, -0.04289324783079629, -0.0006607806278506184, -1.4233777069212067e-09, 0.043100048535791476, 0.999070761165701, 3.249482280476279e-09, 0.0, 0.0, 0.0, 1.0], "right_foot_pose": [0.9892149421899517, 0.1462634196646624, -0.007798090543823482, 0.02297950822425297, -0.14647115124873836, 0.9878119951892436, -0.052665586601835034, -0.14340571544637748, -1.416269341425271e-09, 0.05323978050522965, 0.9985817571795287, 3.185586884557612e-09, 0.0, 0.0, 0.0, 1.0]}, {"left_foot_pose": [0.9952013828878468, 0.09770664642139255, -0.005255353765790256, 0.02696653589325138, -0.09784787937465869, 0.9937649316169963, -0.05345140961798908, -0.0006609389276680967, 2.82954136048089e-08, 0.05370914199047337, 0.9985566223638233, 1.1922755974551336e-05, 0.0, 0.0, 0.0, 1.0], "right_foot_pose": [0.9892149421877702, 0.14617262386207583, -0.009346774081069665, 0.0229795075305548, -0.14647115126347043, 0.9871987919350328, -0.06312485286767557, -0.1434057155336877, -1.2932540255414585e-09, 0.06381308044036278, 0.9979618683921304, 2.8070516605582796e-09, 0.0, 0.0, 0.0, 1.0]}, {"left_foot_pose": [0.9951692867922864, 0.09797258690570909, -0.006281945585263275, 0.027055993190843477, -0.0981737776865034, 0.9931300530313082, -0.06367579713512121, -0.0006719566494269268, 3.063836211690422e-07, 0.06398491995021495, 0.9979508655334048, 0.0008178781868953544, 0.0, 0.0, 0.0, 1.0], "right_foot_pose": [0.9892149421873853, 0.1460717184008515, -0.01080977504991316, 0.022979507513361575, -0.146471151266068, 0.9865173116999115, -0.0730054488594667, -0.14340571578247296, -1.145206683572602e-09, 0.07380140106936933, 0.9972729582216686, 2.5445646978372594e-09, 0.0, 0.0, 0.0, 1.0]}, {"left_foot_pose": [0.9950883811327569, 0.0987177263626139, -0.007343312357914135, 0.027280184624416, -0.09899047294646848, 0.9923471209304806, -0.07381109568907411, -0.0006995624010739058, 6.513297104633103e-07, 0.07417548168217901, 0.9972452045092989, 0.0027443406973672105, 0.0, 0.0, 0.0, 1.0], "right_foot_pose": [0.9892149421872932, 0.14596342019591318, -0.012185159748690895, 0.022979507504619356, -0.14647115126669083, 0.9857859034957782, -0.0822943152084196, -0.14340571597027615, -9.983977459256083e-10, 0.08319154063799881, 0.996533575734544, 2.307426166803239e-09, 0.0, 0.0, 0.0, 1.0]}, {"left_foot_pose": [0.9949606416770844, 0.09990878028567358, -0.008459145072293813, 0.027630436045913087, -0.1002662531084709, 0.9914142601215762, -0.08393118201941814, -0.0007426878278582807, 1.0550296141267431e-06, 0.08435638949965604, 0.9964356474702569, 0.0055888019990078044, 0.0, 0.0, 0.0, 1.0], "right_foot_pose": [0.9892149421874623, 0.14585049018705046, -0.013469694326617104, 0.022979507499579815, -0.14647115126554916, 0.9850232137408821, -0.0909696116212941, -0.1434057160975613, -8.533796597984969e-10, 0.09196142073598886, 0.9957625706443369, 2.076989844002064e-09, 0.0, 0.0, 0.0, 1.0]}, {"left_foot_pose": [0.9947875406819916, 0.10151231373495892, -0.009643602234169166, 0.028098073430022744, -0.10196935275658026, 0.9903301822385564, -0.09406583463592133, -0.0008002646143203986, 1.5098406983005465e-06, 0.09455887217772693, 0.9955192713806185, 0.009148758359836903, 0.0, 0.0, 0.0, 1.0], "right_foot_pose": [0.9892149421878429, 0.14573566913507865, -0.01465990770958831, 0.022979507496180038, -0.14647115126297994, 0.9842477525694301, -0.09900789569384423, -0.1434057161671988, -7.125609987693846e-10, 0.10008734337455837, 0.9949786548947789, 1.8452299202498246e-09, 0.0, 0.0, 0.0, 1.0]}, {"left_foot_pose": [0.9945701880031617, 0.103494861992909, -0.010906634514145353, 0.028674422889265513, -0.10406796400105323, 0.9890951143159757, -0.10421474802034221, -0.0008712246385210228, 2.007947580088327e-06, 0.10478391277928427, 0.9944950133704202, 0.01322170953455655, 0.0, 0.0, 0.0, 1.0], "right_foot_pose": [0.9892149421883664, 0.14562143137454583, -0.01575426531752711, 0.022979507493786123, -0.14647115125944282, 0.9834762307632192, -0.10639880343549182, -0.1434057161852291, -5.798901601070222e-10, 0.1075588315676562, 0.9941987214595481, 1.61281310528949e-09, 0.0, 0.0, 0.0, 1.0]}, {"left_foot_pose": [0.9943094621948432, 0.10582333021574673, -0.012252190492013844, 0.02935081062871337, -0.10653024633102698, 0.9877141404124806, -0.11433321234832203, -0.0009544998979481543, 2.5405150257783346e-06, 0.11498782375227735, 0.993366901191228, 0.01760515673058563, 0.0, 0.0, 0.0, 1.0], "right_foot_pose": [0.9892149421889924, 0.1455100535447268, -0.01675178997715366, 0.022979507493693832, -0.14647115125521437, 0.9827240239427474, -0.11313573536132053, -0.1434057161581635, -4.5565574635233734e-10, 0.11436921387849697, 0.993438313594163, 1.3767784620699608e-09, 0.0, 0.0, 0.0, 1.0]}, {"left_foot_pose": [0.9940061316803344, 0.10847297040134331, -0.013617080238012294, 0.030118563401233076, -0.10932433476766314, 0.9862688110111486, -0.12378215644536339, -0.0010490223535142458, 3.083343475175094e-06, 0.12452890073780386, 0.9922159809595529, 0.022096601559417194, 0.0, 0.0, 0.0, 1.0], "right_foot_pose": [0.989214942191055, 0.14541218067119388, -0.017581122216618686, 0.022979507616056535, -0.1464711512412857, 0.9820630249255277, -0.1187367547483706, -0.14340571607647049, -3.6814341401810337e-10, 0.12003129919554464, 0.9927701079370944, 1.1356056234257395e-09, 0.0, 0.0, 0.0, 1.0]}, {"left_foot_pose": [0.9936609652919678, 0.11140129035147417, -0.015087695750585215, 0.03096900649822659, -0.11241835277993055, 0.9846755443974232, -0.13332736487265692, -0.0011537243657738297, 3.6445409342196264e-06, 0.13417833198272391, 0.9909572015042084, 0.026493544969322255, 0.0, 0.0, 0.0, 1.0], "right_foot_pose": [0.9892149421917775, 0.14531517283129766, -0.018365693276547208, 0.022979507621217816, -0.14647115123640594, 0.9814078679978752, -0.12403547269772183, -0.14340571598369892, -2.694421461061977e-10, 0.12538778719187707, 0.9921078080647913, 8.975356152740588e-10, 0.0, 0.0, 0.0, 1.0]}, {"left_foot_pose": [0.9932748336807252, 0.11458547231085918, -0.01659139270302699, 0.031893466825997696, -0.11578041612859133, 0.9830286598518159, -0.1423009105769689, -0.0012675381098666422, 4.197485204403977e-06, 0.14326487163726354, 0.9896843822841405, 0.0305934881145348, 0.0, 0.0, 0.0, 1.0], "right_foot_pose": [0.9892149421923793, 0.1452274798080435, -0.019046712365447045, 0.02297950762669307, -0.1464711512323425, 0.9808156200771522, -0.1286348369196464, -0.1434057158733547, -1.8221198717603985e-10, 0.13003729665475222, 0.9915091030740585, 6.687484455092374e-10, 0.0, 0.0, 0.0, 1.0]}, {"left_foot_pose": [0.992848799685585, 0.11800053752375418, -0.0180868490069104, 0.03288327084223779, -0.11937864524529893, 0.9813933382690764, -0.15038568635503882, -0.0013893959910816593, 4.721299886948611e-06, 0.15146943171869404, 0.9884619422276844, 0.0341939317259009, 0.0, 0.0, 0.0, 1.0], "right_foot_pose": [0.9892149421929102, 0.14515077024204984, -0.019622742938149102, 0.02297950763245334, -0.14647115122875565, 0.9802975505779529, -0.1325251454954464, -0.1434057157562124, -1.0721543849876501e-10, 0.13397001988880147, 0.9909853852459146, 4.58453122686997e-10, 0.0, 0.0, 0.0, 1.0]}, {"left_foot_pose": [0.9923841989502988, 0.12162508460872039, -0.019517696270219223, 0.033929745027375564, -0.12318117407632208, 0.9798545553794832, -0.1571987552598791, -0.0015182306119888682, 5.1916920190416306e-06, 0.15840577355638946, 0.9873740987473033, 0.03709237635840128, 0.0, 0.0, 0.0, 1.0], "right_foot_pose": [0.9892149421933456, 0.14508653355838455, -0.02009218558116262, 0.02297950763802451, -0.14647115122581683, 0.9798637185524335, -0.13569559655044597, -0.14340571564403226, -4.5237760928883086e-11, 0.13717503725025643, 0.9905468233028619, 2.787604660992038e-10, 0.0, 0.0, 0.0, 1.0]}, {"left_foot_pose": [0.9918827102727303, 0.12544109889959118, -0.02081393208615057, 0.03502421578842486, -0.12715616001933566, 0.9785115454549969, -0.16231594616799497, -0.001652974796705578, 5.582196374390509e-06, 0.1636450002845713, 0.9865192921837378, 0.03908632250472142, 0.0, 0.0, 0.0, 1.0], "right_foot_pose": [0.9892149421936625, 0.14503606758248094, -0.020453294135639583, 0.022979507642596382, -0.14647115122367596, 0.9795228890561704, -0.13813439714374068, -0.1434057155494529, 2.8524069196794994e-12, 0.13964042722386527, 0.9902022778628295, 1.4489177219134675e-10, 0.0, 0.0, 0.0, 1.0]}, {"left_foot_pose": [0.9913464157446509, 0.12943270686194044, -0.02189653818817184, 0.03615800931079504, -0.1312717942126887, 0.9774653351896062, -0.16531556051035665, -0.0017925615628771319, 5.8665563388303046e-06, 0.16675938623376768, 0.9859976202144312, 0.0399732707731124, 0.0, 0.0, 0.0, 1.0], "right_foot_pose": [0.9892149421938431, 0.1450004503429863, -0.020704287980096454, 0.022979507645325872, -0.14647115122245602, 0.9792823427145961, -0.13982952158603967, -0.14340571548575556, 3.616638690485815e-11, 0.14135403300841276, 0.9899591089293823, 7.542656776937662e-11, 0.0, 0.0, 0.0, 1.0]}, {"left_foot_pose": [0.9907778503403086, 0.13357034876643767, -0.022764296726461596, 0.03732244857798272, -0.13549631448311988, 0.9767022718602001, -0.1664134036206701, -0.0019359231208234857, 6.043969011950334e-06, 0.16796319261533701, 0.9857932673182217, 0.04000000076098074, 0.0, 0.0, 0.0, 1.0], "right_foot_pose": [0.9892149421938649, 0.14497998835273396, -0.020847088948569195, 0.02297950767713544, -0.1464711512223086, 0.979144149604733, -0.14079394928204966, -0.14340571548335154, 5.323385529678385e-11, 0.1423289755182193, 0.9898194091489284, 4.187961089030523e-11, 0.0, 0.0, 0.0, 1.0]}, {"left_foot_pose": [0.9901800415474867, 0.13780246873965749, -0.023536459595151694, 0.03850886097930109, -0.1397980160203545, 0.9760531145535186, -0.1666638301706458, -0.0020819900534116455, 6.147446288812097e-06, 0.16831754863837836, 0.9857328252536675, 0.04000000077404396, 0.0, 0.0, 0.0, 1.0], "right_foot_pose": [0.9892149421937547, 0.1449740234270923, -0.020888529674611925, 0.022979507716358406, -0.1464711512230522, 0.9791038645808753, -0.14107382543260494, -0.1434057154895539, 5.660860307864094e-11, 0.14261190305916327, 0.989778684911856, 2.7098344401732533e-11, 0.0, 0.0, 0.0, 1.0]}, {"left_foot_pose": [0.989556540074265, 0.1420989161712064, -0.024202314336017876, 0.03970857331936135, -0.14414525298497063, 0.9755156393958129, -0.1661065421230541, -0.002229694399970592, 6.1765397259114185e-06, 0.16786046382977626, 0.985810765129243, 0.040000000802026765, 0.0, 0.0, 0.0, 1.0], "right_foot_pose": [0.9892149421935208, 0.14498260860493822, -0.020828858422310872, 0.022979507754172422, -0.14647115122463322, 0.9791618458497671, -0.14067082672326944, -0.14340571549447068, 4.6780516177209765e-11, 0.14220451059718428, 0.9898372983302938, 3.701542544698455e-11, 0.0, 0.0, 0.0, 1.0]}, {"left_foot_pose": [0.9889114389511258, 0.14643018555990434, -0.024746043491977572, 0.04091291172769376, -0.1485064506141936, 0.9750923699502584, -0.16474436011822413, -0.002377968263807158, 6.1309734252771685e-06, 0.16659252930933321, 0.9860258257980524, 0.040000000844464104, 0.0, 0.0, 0.0, 1.0], "right_foot_pose": [0.9892149421931695, 0.14500562312021226, -0.02066802857756279, 0.022979507789810293, -0.14647115122700433, 0.9793172778002963, -0.13958463833836968, -0.14340571549801034, 2.3812655256982215e-11, 0.1411064798842929, 0.9899944249007991, 7.16708428716295e-11, 0.0, 0.0, 0.0, 1.0]}, {"left_foot_pose": [0.9882493830006689, 0.15076662370299906, -0.025151186373543646, 0.0421132023331785, -0.15285011273355006, 0.9747850960256931, -0.16257570422274648, -0.0025257437486885734, 6.011602493839017e-06, 0.16450970106160676, 0.986375465135099, 0.040000000901700423, 0.0, 0.0, 0.0, 1.0], "right_foot_pose": [0.9892149421927106, 0.14504276816671952, -0.02040572334437558, 0.02297950782259632, -0.14647115123010374, 0.9795681424008998, -0.13781312074900162, -0.14340571550014733, -1.233300484271299e-11, 0.1393156480650542, 0.9902480245899073, 1.3131433440616291e-10, 0.0, 0.0, 0.0, 1.0]}, {"left_foot_pose": [0.987575568271449, 0.15507836009884082, -0.02540077129497639, 0.04330077126511828, -0.15714482784822423, 0.9745948517465749, -0.15959441728840104, -0.0026719529590355125, 5.820420460660924e-06, 0.16160314717890426, 0.9868558267487694, 0.04000000097466136, 0.0, 0.0, 0.0, 1.0], "right_foot_pose": [0.9892149421921572, 0.14509356577429056, -0.02004134014152571, 0.02297950785173459, -0.14647115123384088, 0.979911211609757, -0.13535220433273945, -0.1434057155009064, -6.168194378221707e-11, 0.13682790114739, 0.9905948341615759, 2.162352380485899e-10, 0.0, 0.0, 0.0, 1.0]}, {"left_foot_pose": [0.9868957314783282, 0.15933555367300986, -0.025475410213990725, 0.044466945017078506, -0.16135927354491306, 0.9745238185767552, -0.15577712241416689, -0.002815528280603514, 5.5599920979705555e-06, 0.15784647085790626, 0.9874636659679138, 0.03998808107857968, 0.0, 0.0, 0.0, 1.0], "right_foot_pose": [0.9892149421915182, 0.14515733707117845, -0.019574106350883812, 0.02297950786995487, -0.14647115123815815, 0.980341900565416, -0.13219667110315972, -0.14340571551120507, -1.2511406887350352e-10, 0.1336379642548952, 0.9910302187672216, 3.278201876621978e-10, 0.0, 0.0, 0.0, 1.0]}, {"left_foot_pose": [0.9862161300066377, 0.16353120372706656, -0.02520496622311374, 0.04560305098172434, -0.16546221589132293, 0.97471137038199, -0.1501998653807569, -0.0029554044052905355, 5.202382404446372e-06, 0.15229999952607007, 0.9883343109076478, 0.0391821328597567, 0.0, 0.0, 0.0, 1.0], "right_foot_pose": [0.9892149421907672, 0.14523399712769164, -0.018996953040692273, 0.02297950784108064, -0.14647115124322804, 0.9808596356778719, -0.1282987800072779, -0.1434057156140266, -2.0858045357197163e-10, 0.12969757583002894, 0.9915535985632917, 4.998524025245921e-10, 0.0, 0.0, 0.0, 1.0]}, {"left_foot_pose": [0.985543510415056, 0.16763847210002356, -0.024522066608242493, 0.04670041209504098, -0.16942251637902472, 0.9751696485005521, -0.14261895942373626, -0.003090511419853434, 4.750624576224557e-06, 0.14471178015379357, 0.9894738504185713, 0.03725568678202318, 0.0, 0.0, 0.0, 1.0], "right_foot_pose": [0.9892149421899952, 0.14532259136930098, -0.018306899949339435, 0.02297950781112848, -0.1464711512484419, 0.981457970097295, -0.12363840335613181, -0.14340571573729013, -3.0542325713868927e-10, 0.12498638873976893, 0.9921584564119744, 7.29279317490672e-10, 0.0, 0.0, 0.0, 1.0]}, {"left_foot_pose": [0.9848850682720253, 0.17161026601702703, -0.023480180842033252, 0.04775035482462019, -0.17320912873428096, 0.9757970815782698, -0.13348652855791687, -0.0032197805655402624, 4.233265072339591e-06, 0.13553587045833113, 0.9907724399685245, 0.03441124221482172, 0.0, 0.0, 0.0, 1.0], "right_foot_pose": [0.989214942189244, 0.1454213035961772, -0.017505502275535604, 0.02297950777893224, -0.14647115125351579, 0.9821246378507306, -0.11822604441087255, -0.14340571586809836, -4.144931210815182e-10, 0.11951502075873287, 0.9928323926086614, 9.981110243861835e-10, 0.0, 0.0, 0.0, 1.0]}, {"left_foot_pose": [0.984248398581537, 0.175399270664357, -0.02214013866469922, 0.04874420577749757, -0.17679109105424667, 0.9765023271090051, -0.12324007170781574, -0.0033421433557688993, 3.678234420686397e-06, 0.12521302249011557, 0.9921298800990529, 0.030851298663754204, 0.0, 0.0, 0.0, 1.0], "right_foot_pose": [0.9892149421885605, 0.14552808092908978, -0.01659445124067049, 0.022979507743725883, -0.1464711512581323, 0.9828457745159315, -0.11207312508044191, -0.14340571599509855, -5.343790073322131e-10, 0.11329501832505842, 0.9935613915721185, 1.2922782635649277e-09, 0.0, 0.0, 0.0, 1.0]}, {"left_foot_pose": [0.9836414360389011, 0.1789600737121173, -0.020562522322974956, 0.04967329154598191, -0.1801375177403432, 0.9772139704327105, -0.1122645567108588, -0.0034565315475542664, 3.1107371120411176e-06, 0.1141321515090807, 0.9934655766468371, 0.0267783555855